> 20 contour -Z20
261.3500	18.0026	20.0000
261.4000	18.0024	20.0000
261.4500	18.0023	20.0000
261.5000	18.0022	20.0000
261.5500	18.0024	20.0000
261.6000	18.0026	20.0000
261.6026	18.0000	20.0000
261.6500	17.9517	20.0000
261.7000	17.9521	20.0000
261.7500	17.9526	20.0000
261.7526	17.9500	20.0000
261.8000	17.9023	20.0000
261.8500	17.9027	20.0000
261.8527	17.9000	20.0000
261.9000	17.8525	20.0000
261.9500	17.8528	20.0000
261.9528	17.8500	20.0000
262.0000	17.8027	20.0000
262.0027	17.8000	20.0000
262.0500	17.7526	20.0000
262.1000	17.7528	20.0000
262.1028	17.7500	20.0000
262.1500	17.7027	20.0000
262.1527	17.7000	20.0000
262.1527	17.6500	20.0000
262.1528	17.6000	20.0000
262.1500	17.5972	20.0000
262.1000	17.5972	20.0000
262.0973	17.6000	20.0000
262.0500	17.6474	20.0000
262.0000	17.6473	20.0000
261.9973	17.6500	20.0000
261.9500	17.6975	20.0000
261.9000	17.6973	20.0000
261.8973	17.7000	20.0000
261.8500	17.7476	20.0000
261.8000	17.7475	20.0000
261.7500	17.7473	20.0000
261.7474	17.7500	20.0000
261.7000	17.7980	20.0000
261.6500	17.7979	20.0000
261.6000	17.7978	20.0000
261.5500	17.7976	20.0000
261.5000	17.7973	20.0000
261.4974	17.8000	20.0000
261.4500	17.8480	20.0000
261.4000	17.8477	20.0000
261.3500	17.8474	20.0000
261.3474	17.8500	20.0000
261.3000	17.8976	20.0000
261.2976	17.9000	20.0000
261.2500	17.9473	20.0000
261.2473	17.9500	20.0000
261.2500	17.9527	20.0000
261.3000	17.9523	20.0000
261.3475	18.0000	20.0000
261.3500	18.0026	20.0000
> 40 contour -Z40
261.3500	18.0055	40.0000
261.4000	18.0052	40.0000
261.4500	18.0051	40.0000
261.5000	18.0051	40.0000
261.5500	18.0052	40.0000
261.6000	18.0055	40.0000
261.6054	18.0000	40.0000
261.6500	17.9546	40.0000
261.7000	17.9550	40.0000
261.7500	17.9555	40.0000
261.7554	17.9500	40.0000
261.8000	17.9051	40.0000
261.8500	17.9055	40.0000
261.8555	17.9000	40.0000
261.9000	17.8553	40.0000
261.9500	17.8556	40.0000
261.9556	17.8500	40.0000
262.0000	17.8055	40.0000
262.0054	17.8000	40.0000
262.0500	17.7554	40.0000
262.1000	17.7556	40.0000
262.1055	17.7500	40.0000
262.1500	17.7055	40.0000
262.1555	17.7000	40.0000
262.1555	17.6500	40.0000
262.1555	17.6000	40.0000
262.1500	17.5944	40.0000
262.1000	17.5945	40.0000
262.0945	17.6000	40.0000
262.0500	17.6446	40.0000
262.0000	17.6445	40.0000
261.9945	17.6500	40.0000
261.9500	17.6947	40.0000
261.9000	17.6945	40.0000
261.8946	17.7000	40.0000
261.8500	17.7448	40.0000
261.8000	17.7447	40.0000
261.7500	17.7445	40.0000
261.7446	17.7500	40.0000
261.7000	17.7952	40.0000
261.6500	17.7951	40.0000
261.6000	17.7949	40.0000
261.5500	17.7947	40.0000
261.5000	17.7945	40.0000
261.4946	17.8000	40.0000
261.4500	17.8452	40.0000
261.4000	17.8449	40.0000
261.3500	17.8445	40.0000
261.3446	17.8500	40.0000
261.3000	17.8948	40.0000
261.2948	17.9000	40.0000
261.2500	17.9445	40.0000
261.2444	17.9500	40.0000
261.2500	17.9556	40.0000
261.3000	17.9551	40.0000
261.3447	18.0000	40.0000
261.3500	18.0055	40.0000
> 60 contour -Z60
261.3500	18.0083	60.0000
261.4000	18.0081	60.0000
261.4500	18.0080	60.0000
261.5000	18.0080	60.0000
261.5500	18.0081	60.0000
261.6000	18.0084	60.0000
261.6082	18.0000	60.0000
261.6500	17.9574	60.0000
261.7000	17.9578	60.0000
261.7500	17.9583	60.0000
261.7582	17.9500	60.0000
261.8000	17.9079	60.0000
261.8500	17.9083	60.0000
261.8582	17.9000	60.0000
261.9000	17.8581	60.0000
261.9500	17.8584	60.0000
261.9584	17.8500	60.0000
262.0000	17.8083	60.0000
262.0082	17.8000	60.0000
262.0500	17.7582	60.0000
262.1000	17.7584	60.0000
262.1083	17.7500	60.0000
262.1500	17.7083	60.0000
262.1583	17.7000	60.0000
262.1583	17.6500	60.0000
262.1583	17.6000	60.0000
262.1500	17.5917	60.0000
262.1000	17.5917	60.0000
262.0917	17.6000	60.0000
262.0500	17.6418	60.0000
262.0000	17.6417	60.0000
261.9918	17.6500	60.0000
261.9500	17.6919	60.0000
261.9000	17.6917	60.0000
261.8918	17.7000	60.0000
261.8500	17.7420	60.0000
261.8000	17.7419	60.0000
261.7500	17.7417	60.0000
261.7418	17.7500	60.0000
261.7000	17.7924	60.0000
261.6500	17.7923	60.0000
261.6000	17.7921	60.0000
261.5500	17.7919	60.0000
261.5000	17.7916	60.0000
261.4918	17.8000	60.0000
261.4500	17.8424	60.0000
261.4000	17.8421	60.0000
261.3500	17.8417	60.0000
261.3418	17.8500	60.0000
261.3000	17.8920	60.0000
261.2920	17.9000	60.0000
261.2500	17.9417	60.0000
261.2416	17.9500	60.0000
261.2500	17.9584	60.0000
261.3000	17.9579	60.0000
261.3419	18.0000	60.0000
261.3500	18.0083	60.0000
> 80 contour -Z80
261.3500	18.0112	80.0000
261.4000	18.0110	80.0000
261.4500	18.0109	80.0000
261.5000	18.0109	80.0000
261.5500	18.0110	80.0000
261.6000	18.0113	80.0000
261.6110	18.0000	80.0000
261.6500	17.9603	80.0000
261.7000	17.9607	80.0000
261.7500	17.9612	80.0000
261.7610	17.9500	80.0000
261.8000	17.9107	80.0000
261.8500	17.9112	80.0000
261.8610	17.9000	80.0000
261.9000	17.8609	80.0000
261.9500	17.8612	80.0000
261.9612	17.8500	80.0000
262.0000	17.8111	80.0000
262.0110	17.8000	80.0000
262.0500	17.7610	80.0000
262.1000	17.7611	80.0000
262.1111	17.7500	80.0000
262.1500	17.7111	80.0000
262.1611	17.7000	80.0000
262.1610	17.6500	80.0000
262.1611	17.6000	80.0000
262.1500	17.5889	80.0000
262.1000	17.5889	80.0000
262.0889	17.6000	80.0000
262.0500	17.6390	80.0000
262.0000	17.6389	80.0000
261.9890	17.6500	80.0000
261.9500	17.6891	80.0000
261.9000	17.6889	80.0000
261.8890	17.7000	80.0000
261.8500	17.7392	80.0000
261.8000	17.7391	80.0000
261.7500	17.7389	80.0000
261.7390	17.7500	80.0000
261.7000	17.7895	80.0000
261.6500	17.7894	80.0000
261.6000	17.7892	80.0000
261.5500	17.7890	80.0000
261.5000	17.7888	80.0000
261.4890	17.8000	80.0000
261.4500	17.8395	80.0000
261.4000	17.8392	80.0000
261.3500	17.8389	80.0000
261.3390	17.8500	80.0000
261.3000	17.8891	80.0000
261.2892	17.9000	80.0000
261.2500	17.9389	80.0000
261.2388	17.9500	80.0000
261.2500	17.9612	80.0000
261.3000	17.9607	80.0000
261.3391	18.0000	80.0000
261.3500	18.0112	80.0000
> 100 contour -Z100
261.3500	18.0141	100.0000
261.4000	18.0138	100.0000
261.4500	18.0137	100.0000
261.5000	18.0138	100.0000
261.5500	18.0139	100.0000
261.6000	18.0142	100.0000
261.6138	18.0000	100.0000
261.6500	17.9631	100.0000
261.7000	17.9635	100.0000
261.7500	17.9640	100.0000
261.7638	17.9500	100.0000
261.8000	17.9136	100.0000
261.8500	17.9140	100.0000
261.8638	17.9000	100.0000
261.9000	17.8637	100.0000
261.9500	17.8640	100.0000
261.9639	17.8500	100.0000
262.0000	17.8139	100.0000
262.0138	17.8000	100.0000
262.0500	17.7638	100.0000
262.1000	17.7639	100.0000
262.1139	17.7500	100.0000
262.1500	17.7139	100.0000
262.1639	17.7000	100.0000
262.1638	17.6500	100.0000
262.1639	17.6000	100.0000
262.1500	17.5861	100.0000
262.1000	17.5861	100.0000
262.0861	17.6000	100.0000
262.0500	17.6362	100.0000
262.0000	17.6362	100.0000
261.9862	17.6500	100.0000
261.9500	17.6863	100.0000
261.9000	17.6861	100.0000
261.8862	17.7000	100.0000
261.8500	17.7364	100.0000
261.8000	17.7362	100.0000
261.7500	17.7360	100.0000
261.7362	17.7500	100.0000
261.7000	17.7867	100.0000
261.6500	17.7866	100.0000
261.6000	17.7864	100.0000
261.5500	17.7862	100.0000
261.5000	17.7859	100.0000
261.4862	17.8000	100.0000
261.4500	17.8367	100.0000
261.4000	17.8364	100.0000
261.3500	17.8360	100.0000
261.3362	17.8500	100.0000
261.3000	17.8863	100.0000
261.2864	17.9000	100.0000
261.2500	17.9361	100.0000
261.2360	17.9500	100.0000
261.2500	17.9640	100.0000
261.3000	17.9635	100.0000
261.3363	18.0000	100.0000
261.3500	18.0141	100.0000
> 120 contour -Z120
261.3500	18.0169	120.0000
261.4000	18.0167	120.0000
261.4500	18.0166	120.0000
261.5000	18.0166	120.0000
261.5500	18.0168	120.0000
261.6000	18.0171	120.0000
261.6166	18.0000	120.0000
261.6500	17.9660	120.0000
261.7000	17.9664	120.0000
261.7500	17.9669	120.0000
261.7666	17.9500	120.0000
261.8000	17.9164	120.0000
261.8500	17.9168	120.0000
261.8666	17.9000	120.0000
261.9000	17.8665	120.0000
261.9500	17.8668	120.0000
261.9667	17.8500	120.0000
262.0000	17.8167	120.0000
262.0166	17.8000	120.0000
262.0500	17.7666	120.0000
262.1000	17.7667	120.0000
262.1167	17.7500	120.0000
262.1500	17.7167	120.0000
262.1667	17.7000	120.0000
262.1666	17.6500	120.0000
262.1667	17.6000	120.0000
262.1500	17.5833	120.0000
262.1000	17.5833	120.0000
262.0834	17.6000	120.0000
262.0500	17.6334	120.0000
262.0000	17.6334	120.0000
261.9834	17.6500	120.0000
261.9500	17.6835	120.0000
261.9000	17.6833	120.0000
261.8834	17.7000	120.0000
261.8500	17.7336	120.0000
261.8000	17.7334	120.0000
261.7500	17.7332	120.0000
261.7334	17.7500	120.0000
261.7000	17.7839	120.0000
261.6500	17.7837	120.0000
261.6000	17.7835	120.0000
261.5500	17.7833	120.0000
261.5000	17.7831	120.0000
261.4834	17.8000	120.0000
261.4500	17.8339	120.0000
261.4000	17.8336	120.0000
261.3500	17.8332	120.0000
261.3334	17.8500	120.0000
261.3000	17.8835	120.0000
261.2836	17.9000	120.0000
261.2500	17.9333	120.0000
261.2332	17.9500	120.0000
261.2500	17.9668	120.0000
261.3000	17.9664	120.0000
261.3335	18.0000	120.0000
261.3500	18.0169	120.0000
> 140 contour -Z140
261.3500	18.0198	140.0000
261.4000	18.0196	140.0000
261.4500	18.0195	140.0000
261.5000	18.0195	140.0000
261.5500	18.0197	140.0000
261.6000	18.0200	140.0000
261.6194	18.0000	140.0000
261.6500	17.9688	140.0000
261.7000	17.9693	140.0000
261.7500	17.9698	140.0000
261.7694	17.9500	140.0000
261.8000	17.9192	140.0000
261.8500	17.9196	140.0000
261.8694	17.9000	140.0000
261.9000	17.8694	140.0000
261.9500	17.8697	140.0000
261.9695	17.8500	140.0000
262.0000	17.8195	140.0000
262.0194	17.8000	140.0000
262.0500	17.7694	140.0000
262.1000	17.7695	140.0000
262.1195	17.7500	140.0000
262.1500	17.7195	140.0000
262.1695	17.7000	140.0000
262.1694	17.6500	140.0000
262.1695	17.6000	140.0000
262.1500	17.5805	140.0000
262.1000	17.5805	140.0000
262.0806	17.6000	140.0000
262.0500	17.6307	140.0000
262.0000	17.6306	140.0000
261.9806	17.6500	140.0000
261.9500	17.6807	140.0000
261.9000	17.6805	140.0000
261.8806	17.7000	140.0000
261.8500	17.7308	140.0000
261.8000	17.7306	140.0000
261.7500	17.7304	140.0000
261.7306	17.7500	140.0000
261.7000	17.7811	140.0000
261.6500	17.7809	140.0000
261.6000	17.7807	140.0000
261.5500	17.7805	140.0000
261.5000	17.7802	140.0000
261.4806	17.8000	140.0000
261.4500	17.8310	140.0000
261.4000	17.8307	140.0000
261.3500	17.8304	140.0000
261.3306	17.8500	140.0000
261.3000	17.8807	140.0000
261.2808	17.9000	140.0000
261.2500	17.9306	140.0000
261.2304	17.9500	140.0000
261.2500	17.9696	140.0000
261.3000	17.9692	140.0000
261.3307	18.0000	140.0000
261.3500	18.0198	140.0000
> 160 contour -Z160
261.3500	18.0226	160.0000
261.4000	18.0224	160.0000
261.4500	18.0224	160.0000
261.5000	18.0224	160.0000
261.5500	18.0226	160.0000
261.6000	18.0229	160.0000
261.6222	18.0000	160.0000
261.6500	17.9717	160.0000
261.7000	17.9721	160.0000
261.7500	17.9726	160.0000
261.7722	17.9500	160.0000
261.8000	17.9220	160.0000
261.8500	17.9225	160.0000
261.8722	17.9000	160.0000
261.9000	17.8722	160.0000
261.9500	17.8725	160.0000
261.9723	17.8500	160.0000
262.0000	17.8223	160.0000
262.0222	17.8000	160.0000
262.0500	17.7721	160.0000
262.1000	17.7723	160.0000
262.1223	17.7500	160.0000
262.1500	17.7223	160.0000
262.1722	17.7000	160.0000
262.1722	17.6500	160.0000
262.1722	17.6000	160.0000
262.1500	17.5777	160.0000
262.1000	17.5777	160.0000
262.0778	17.6000	160.0000
262.0500	17.6279	160.0000
262.0000	17.6278	160.0000
261.9778	17.6500	160.0000
261.9500	17.6779	160.0000
261.9000	17.6777	160.0000
261.8778	17.7000	160.0000
261.8500	17.7280	160.0000
261.8000	17.7278	160.0000
261.7500	17.7275	160.0000
261.7278	17.7500	160.0000
261.7000	17.7782	160.0000
261.6500	17.7781	160.0000
261.6000	17.7779	160.0000
261.5500	17.7776	160.0000
261.5000	17.7774	160.0000
261.4778	17.8000	160.0000
261.4500	17.8282	160.0000
261.4000	17.8279	160.0000
261.3500	17.8276	160.0000
261.3278	17.8500	160.0000
261.3000	17.8779	160.0000
261.2780	17.9000	160.0000
261.2500	17.9278	160.0000
261.2276	17.9500	160.0000
261.2500	17.9724	160.0000
261.3000	17.9720	160.0000
261.3279	18.0000	160.0000
261.3500	18.0226	160.0000
> 180 contour -Z180
261.3500	18.0255	180.0000
261.4000	18.0253	180.0000
261.4500	18.0252	180.0000
261.5000	18.0253	180.0000
261.5500	18.0254	180.0000
261.6000	18.0257	180.0000
261.6250	18.0000	180.0000
261.6500	17.9745	180.0000
261.7000	17.9750	180.0000
261.7500	17.9755	180.0000
261.7750	17.9500	180.0000
261.8000	17.9249	180.0000
261.8500	17.9253	180.0000
261.8750	17.9000	180.0000
261.9000	17.8750	180.0000
261.9500	17.8753	180.0000
261.9751	17.8500	180.0000
262.0000	17.8251	180.0000
262.0250	17.8000	180.0000
262.0500	17.7749	180.0000
262.1000	17.7751	180.0000
262.1251	17.7500	180.0000
262.1500	17.7251	180.0000
262.1750	17.7000	180.0000
262.1750	17.6500	180.0000
262.1750	17.6000	180.0000
262.1500	17.5749	180.0000
262.1000	17.5749	180.0000
262.0750	17.6000	180.0000
262.0500	17.6251	180.0000
262.0000	17.6250	180.0000
261.9750	17.6500	180.0000
261.9500	17.6751	180.0000
261.9000	17.6749	180.0000
261.8750	17.7000	180.0000
261.8500	17.7252	180.0000
261.8000	17.7250	180.0000
261.7500	17.7247	180.0000
261.7250	17.7500	180.0000
261.7000	17.7754	180.0000
261.6500	17.7752	180.0000
261.6000	17.7750	180.0000
261.5500	17.7748	180.0000
261.5000	17.7745	180.0000
261.4750	17.8000	180.0000
261.4500	17.8254	180.0000
261.4000	17.8251	180.0000
261.3500	17.8247	180.0000
261.3250	17.8500	180.0000
261.3000	17.8751	180.0000
261.2752	17.9000	180.0000
261.2500	17.9250	180.0000
261.2248	17.9500	180.0000
261.2500	17.9752	180.0000
261.3000	17.9748	180.0000
261.3251	18.0000	180.0000
261.3500	18.0255	180.0000
> 200 contour -Z200
261.3500	18.0284	200.0000
261.4000	18.0282	200.0000
261.4500	18.0281	200.0000
261.5000	18.0282	200.0000
261.5500	18.0283	200.0000
261.6000	18.0286	200.0000
261.6278	18.0000	200.0000
261.6500	17.9774	200.0000
261.7000	17.9778	200.0000
261.7500	17.9783	200.0000
261.7778	17.9500	200.0000
261.8000	17.9277	200.0000
261.8500	17.9281	200.0000
261.8778	17.9000	200.0000
261.9000	17.8778	200.0000
261.9500	17.8781	200.0000
261.9779	17.8500	200.0000
262.0000	17.8279	200.0000
262.0278	17.8000	200.0000
262.0500	17.7777	200.0000
262.1000	17.7779	200.0000
262.1278	17.7500	200.0000
262.1500	17.7278	200.0000
262.1778	17.7000	200.0000
262.1777	17.6500	200.0000
262.1778	17.6000	200.0000
262.1500	17.5721	200.0000
262.1000	17.5721	200.0000
262.0722	17.6000	200.0000
262.0500	17.6223	200.0000
262.0000	17.6222	200.0000
261.9723	17.6500	200.0000
261.9500	17.6723	200.0000
261.9000	17.6721	200.0000
261.8722	17.7000	200.0000
261.8500	17.7224	200.0000
261.8000	17.7222	200.0000
261.7500	17.7219	200.0000
261.7223	17.7500	200.0000
261.7000	17.7726	200.0000
261.6500	17.7724	200.0000
261.6000	17.7722	200.0000
261.5500	17.7719	200.0000
261.5000	17.7717	200.0000
261.4722	17.8000	200.0000
261.4500	17.8225	200.0000
261.4000	17.8222	200.0000
261.3500	17.8219	200.0000
261.3222	17.8500	200.0000
261.3000	17.8723	200.0000
261.2724	17.9000	200.0000
261.2500	17.9222	200.0000
261.2220	17.9500	200.0000
261.2500	17.9780	200.0000
261.3000	17.9776	200.0000
261.3223	18.0000	200.0000
261.3500	18.0284	200.0000
> 220 contour -Z220
261.3500	18.0312	220.0000
261.4000	18.0310	220.0000
261.4500	18.0310	220.0000
261.5000	18.0310	220.0000
261.5500	18.0312	220.0000
261.6000	18.0315	220.0000
261.6306	18.0000	220.0000
261.6500	17.9802	220.0000
261.7000	17.9807	220.0000
261.7500	17.9812	220.0000
261.7806	17.9500	220.0000
261.8000	17.9305	220.0000
261.8500	17.9309	220.0000
261.8806	17.9000	220.0000
261.9000	17.8806	220.0000
261.9500	17.8809	220.0000
261.9807	17.8500	220.0000
262.0000	17.8307	220.0000
262.0305	17.8000	220.0000
262.0500	17.7805	220.0000
262.1000	17.7807	220.0000
262.1306	17.7500	220.0000
262.1500	17.7306	220.0000
262.1806	17.7000	220.0000
262.1805	17.6500	220.0000
262.1806	17.6000	220.0000
262.1500	17.5693	220.0000
262.1000	17.5693	220.0000
262.0694	17.6000	220.0000
262.0500	17.6195	220.0000
262.0000	17.6194	220.0000
261.9695	17.6500	220.0000
261.9500	17.6695	220.0000
261.9000	17.6693	220.0000
261.8695	17.7000	220.0000
261.8500	17.7196	220.0000
261.8000	17.7194	220.0000
261.7500	17.7191	220.0000
261.7195	17.7500	220.0000
261.7000	17.7697	220.0000
261.6500	17.7695	220.0000
261.6000	17.7693	220.0000
261.5500	17.7691	220.0000
261.5000	17.7688	220.0000
261.4694	17.8000	220.0000
261.4500	17.8197	220.0000
261.4000	17.8194	220.0000
261.3500	17.8191	220.0000
261.3194	17.8500	220.0000
261.3000	17.8695	220.0000
261.2695	17.9000	220.0000
261.2500	17.9194	220.0000
261.2192	17.9500	220.0000
261.2500	17.9808	220.0000
261.3000	17.9804	220.0000
261.3195	18.0000	220.0000
261.3500	18.0312	220.0000
> 240 contour -Z240
258.8500	19.5701	240.0000
258.9000	19.5821	240.0000
258.9500	19.5828	240.0000
259.0000	19.5746	240.0000
259.0500	19.5590	240.0000
259.0694	19.5500	240.0000
259.1000	19.5362	240.0000
259.1500	19.5068	240.0000
259.1593	19.5000	240.0000
259.2000	19.4700	240.0000
259.2224	19.4500	240.0000
259.2500	19.4250	240.0000
259.2732	19.4000	240.0000
259.3000	19.3703	240.0000
259.3156	19.3500	240.0000
259.3500	19.3034	240.0000
259.3522	19.3000	240.0000
259.3822	19.2500	240.0000
259.4000	19.2185	240.0000
259.4093	19.2000	240.0000
259.4323	19.1500	240.0000
259.4500	19.1092	240.0000
259.4537	19.1000	240.0000
259.4716	19.0500	240.0000
259.4890	19.0000	240.0000
259.5000	18.9682	240.0000
259.5059	18.9500	240.0000
259.5216	18.9000	240.0000
259.5384	18.8500	240.0000
259.5500	18.8178	240.0000
259.5559	18.8000	240.0000
259.5723	18.7500	240.0000
259.5886	18.7000	240.0000
259.6000	18.6575	240.0000
259.6017	18.6500	240.0000
259.6052	18.6000	240.0000
259.6000	18.5796	240.0000
259.5897	18.5500	240.0000
259.5500	18.5102	240.0000
259.5376	18.5000	240.0000
259.5000	18.4796	240.0000
259.4500	18.4520	240.0000
259.4464	18.4500	240.0000
259.4000	18.4279	240.0000
259.3500	18.4008	240.0000
259.3485	18.4000	240.0000
259.3000	18.3747	240.0000
259.2560	18.3500	240.0000
259.2500	18.3466	240.0000
259.2000	18.3205	240.0000
259.1582	18.3000	240.0000
259.1500	18.2959	240.0000
259.1000	18.2761	240.0000
259.0500	18.2615	240.0000
259.0000	18.2538	240.0000
258.9500	18.2545	240.0000
258.9000	18.2644	240.0000
258.8500	18.2841	240.0000
258.8225	18.3000	240.0000
258.8000	18.3148	240.0000
258.7578	18.3500	240.0000
258.7500	18.3575	240.0000
258.7119	18.4000	240.0000
258.7000	18.4156	240.0000
258.6761	18.4500	240.0000
258.6500	18.4952	240.0000
258.6473	18.5000	240.0000
258.6257	18.5500	240.0000
258.6095	18.6000	240.0000
258.6000	18.6453	240.0000
258.5990	18.6500	240.0000
258.5942	18.7000	240.0000
258.5943	18.7500	240.0000
258.5989	18.8000	240.0000
258.6000	18.8076	240.0000
258.6068	18.8500	240.0000
258.6165	18.9000	240.0000
258.6262	18.9500	240.0000
258.6347	19.0000	240.0000
258.6414	19.0500	240.0000
258.6467	19.1000	240.0000
258.6500	19.1360	240.0000
258.6512	19.1500	240.0000
258.6558	19.2000	240.0000
258.6620	19.2500	240.0000
258.6706	19.3000	240.0000
258.6828	19.3500	240.0000
258.6997	19.4000	240.0000
258.7000	19.4008	240.0000
258.7229	19.4500	240.0000
258.7500	19.4924	240.0000
258.7559	19.5000	240.0000
258.8000	19.5429	240.0000
258.8110	19.5500	240.0000
258.8500	19.5701	240.0000
> 240 contour -Z240
261.3500	18.0341	240.0000
261.4000	18.0339	240.0000
261.4500	18.0338	240.0000
261.5000	18.0339	240.0000
261.5500	18.0341	240.0000
261.6000	18.0344	240.0000
261.6334	18.0000	240.0000
261.6500	17.9831	240.0000
261.7000	17.9835	240.0000
261.7500	17.9840	240.0000
261.7834	17.9500	240.0000
261.8000	17.9333	240.0000
261.8500	17.9338	240.0000
261.8834	17.9000	240.0000
261.9000	17.8834	240.0000
261.9500	17.8837	240.0000
261.9835	17.8500	240.0000
262.0000	17.8335	240.0000
262.0333	17.8000	240.0000
262.0500	17.7833	240.0000
262.1000	17.7835	240.0000
262.1334	17.7500	240.0000
262.1500	17.7334	240.0000
262.1834	17.7000	240.0000
262.1833	17.6500	240.0000
262.1834	17.6000	240.0000
262.1500	17.5665	240.0000
262.1000	17.5665	240.0000
262.0667	17.6000	240.0000
262.0500	17.6167	240.0000
262.0000	17.6166	240.0000
261.9667	17.6500	240.0000
261.9500	17.6667	240.0000
261.9000	17.6665	240.0000
261.8667	17.7000	240.0000
261.8500	17.7168	240.0000
261.8000	17.7165	240.0000
261.7500	17.7162	240.0000
261.7167	17.7500	240.0000
261.7000	17.7669	240.0000
261.6500	17.7667	240.0000
261.6000	17.7665	240.0000
261.5500	17.7662	240.0000
261.5000	17.7660	240.0000
261.4666	17.8000	240.0000
261.4500	17.8169	240.0000
261.4000	17.8166	240.0000
261.3500	17.8162	240.0000
261.3166	17.8500	240.0000
261.3000	17.8667	240.0000
261.2667	17.9000	240.0000
261.2500	17.9166	240.0000
261.2164	17.9500	240.0000
261.2500	17.9836	240.0000
261.3000	17.9832	240.0000
261.3167	18.0000	240.0000
261.3500	18.0341	240.0000
> 260 contour -Z260
258.6000	20.2397	260.0000
258.6246	20.2000	260.0000
258.6500	20.1596	260.0000
258.6556	20.1500	260.0000
258.6862	20.1000	260.0000
258.7000	20.0800	260.0000
258.7206	20.0500	260.0000
258.7500	20.0146	260.0000
258.7626	20.0000	260.0000
258.8000	19.9644	260.0000
258.8163	19.9500	260.0000
258.8500	19.9250	260.0000
258.8866	19.9000	260.0000
258.9000	19.8920	260.0000
258.9500	19.8625	260.0000
258.9713	19.8500	260.0000
259.0000	19.8344	260.0000
259.0500	19.8061	260.0000
259.0601	19.8000	260.0000
259.1000	19.7766	260.0000
259.1411	19.7500	260.0000
259.1500	19.7443	260.0000
259.2000	19.7080	260.0000
259.2098	19.7000	260.0000
259.2500	19.6661	260.0000
259.2665	19.6500	260.0000
259.3000	19.6160	260.0000
259.3138	19.6000	260.0000
259.3500	19.5554	260.0000
259.3539	19.5500	260.0000
259.3887	19.5000	260.0000
259.4000	19.4830	260.0000
259.4200	19.4500	260.0000
259.4481	19.4000	260.0000
259.4500	19.3967	260.0000
259.4748	19.3500	260.0000
259.4992	19.3000	260.0000
259.5000	19.2983	260.0000
259.5233	19.2500	260.0000
259.5454	19.2000	260.0000
259.5500	19.1892	260.0000
259.5677	19.1500	260.0000
259.5884	19.1000	260.0000
259.6000	19.0703	260.0000
259.6087	19.0500	260.0000
259.6284	19.0000	260.0000
259.6463	18.9500	260.0000
259.6500	18.9393	260.0000
259.6643	18.9000	260.0000
259.6807	18.8500	260.0000
259.6954	18.8000	260.0000
259.7000	18.7833	260.0000
259.7090	18.7500	260.0000
259.7203	18.7000	260.0000
259.7283	18.6500	260.0000
259.7312	18.6000	260.0000
259.7250	18.5500	260.0000
259.7023	18.5000	260.0000
259.7000	18.4973	260.0000
259.6500	18.4529	260.0000
259.6459	18.4500	260.0000
259.6000	18.4239	260.0000
259.5547	18.4000	260.0000
259.5500	18.3974	260.0000
259.5000	18.3706	260.0000
259.4634	18.3500	260.0000
259.4500	18.3415	260.0000
259.4000	18.3092	260.0000
259.3860	18.3000	260.0000
259.3500	18.2729	260.0000
259.3189	18.2500	260.0000
259.3000	18.2340	260.0000
259.2572	18.2000	260.0000
259.2500	18.1935	260.0000
259.2000	18.1526	260.0000
259.1963	18.1500	260.0000
259.1500	18.1127	260.0000
259.1310	18.1000	260.0000
259.1000	18.0764	260.0000
259.0559	18.0500	260.0000
259.0500	18.0460	260.0000
259.0000	18.0215	260.0000
258.9500	18.0060	260.0000
258.9049	18.0000	260.0000
258.9000	17.9993	260.0000
258.8857	18.0000	260.0000
258.8500	18.0018	260.0000
258.8000	18.0138	260.0000
258.7500	18.0358	260.0000
258.7273	18.0500	260.0000
258.7000	18.0678	260.0000
258.6615	18.1000	260.0000
258.6500	18.1101	260.0000
258.6115	18.1500	260.0000
258.6000	18.1626	260.0000
258.5691	18.2000	260.0000
258.5500	18.2242	260.0000
258.5308	18.2500	260.0000
258.5000	18.2930	260.0000
258.4951	18.3000	260.0000
258.4605	18.3500	260.0000
258.4500	18.3658	260.0000
258.4265	18.4000	260.0000
258.4000	18.4402	260.0000
258.3932	18.4500	260.0000
258.3600	18.5000	260.0000
258.3500	18.5160	260.0000
258.3272	18.5500	260.0000
258.3000	18.5942	260.0000
258.2962	18.6000	260.0000
258.2664	18.6500	260.0000
258.2500	18.6814	260.0000
258.2395	18.7000	260.0000
258.2156	18.7500	260.0000
258.2000	18.7892	260.0000
258.1954	18.8000	260.0000
258.1784	18.8500	260.0000
258.1650	18.9000	260.0000
258.1546	18.9500	260.0000
258.1500	18.9784	260.0000
258.1462	19.0000	260.0000
258.1386	19.0500	260.0000
258.1302	19.1000	260.0000
258.1185	19.1500	260.0000
258.1000	19.1996	260.0000
258.0998	19.2000	260.0000
258.0671	19.2500	260.0000
258.0500	19.2686	260.0000
258.0144	19.3000	260.0000
258.0000	19.3108	260.0000
257.9500	19.3436	260.0000
257.9394	19.3500	260.0000
257.9000	19.3741	260.0000
257.8594	19.4000	260.0000
257.8500	19.4067	260.0000
257.8000	19.4477	260.0000
257.7976	19.4500	260.0000
257.7566	19.5000	260.0000
257.7500	19.5108	260.0000
257.7303	19.5500	260.0000
257.7133	19.6000	260.0000
257.7026	19.6500	260.0000
257.7000	19.6705	260.0000
257.6969	19.7000	260.0000
257.6948	19.7500	260.0000
257.6956	19.8000	260.0000
257.6986	19.8500	260.0000
257.7000	19.8643	260.0000
257.7035	19.9000	260.0000
257.7099	19.9500	260.0000
257.7171	20.0000	260.0000
257.7248	20.0500	260.0000
> 260 contour -Z260
263.9500	19.0351	260.0000
264.0000	19.0270	260.0000
264.0500	19.0223	260.0000
264.1000	19.0209	260.0000
264.1500	19.0228	260.0000
264.2000	19.0286	260.0000
264.2500	19.0393	260.0000
264.2807	19.0500	260.0000
> 260 contour -Z260
261.3500	18.0369	260.0000
261.4000	18.0368	260.0000
261.4500	18.0367	260.0000
261.5000	18.0368	260.0000
261.5500	18.0370	260.0000
261.6000	18.0373	260.0000
261.6362	18.0000	260.0000
261.6500	17.9859	260.0000
261.7000	17.9864	260.0000
261.7500	17.9869	260.0000
261.7862	17.9500	260.0000
261.8000	17.9362	260.0000
261.8500	17.9366	260.0000
261.8862	17.9000	260.0000
261.9000	17.8862	260.0000
261.9500	17.8865	260.0000
261.9863	17.8500	260.0000
262.0000	17.8363	260.0000
262.0361	17.8000	260.0000
262.0500	17.7861	260.0000
262.1000	17.7863	260.0000
262.1362	17.7500	260.0000
262.1500	17.7362	260.0000
262.1862	17.7000	260.0000
262.1861	17.6500	260.0000
262.1862	17.6000	260.0000
262.1500	17.5638	260.0000
262.1000	17.5637	260.0000
262.0639	17.6000	260.0000
262.0500	17.6139	260.0000
262.0000	17.6138	260.0000
261.9639	17.6500	260.0000
261.9500	17.6639	260.0000
261.9000	17.6637	260.0000
261.8639	17.7000	260.0000
261.8500	17.7140	260.0000
261.8000	17.7137	260.0000
261.7500	17.7134	260.0000
261.7139	17.7500	260.0000
261.7000	17.7641	260.0000
261.6500	17.7639	260.0000
261.6000	17.7636	260.0000
261.5500	17.7634	260.0000
261.5000	17.7631	260.0000
261.4639	17.8000	260.0000
261.4500	17.8140	260.0000
261.4000	17.8137	260.0000
261.3500	17.8134	260.0000
261.3138	17.8500	260.0000
261.3000	17.8638	260.0000
261.2639	17.9000	260.0000
261.2500	17.9138	260.0000
261.2136	17.9500	260.0000
261.2500	17.9864	260.0000
261.3000	17.9860	260.0000
261.3139	18.0000	260.0000
261.3500	18.0369	260.0000
> 280 contour -Z280
257.4801	20.0000	280.0000
257.4500	19.9559	280.0000
257.4450	19.9500	280.0000
257.4028	19.9000	280.0000
257.4000	19.8966	280.0000
257.3520	19.8500	280.0000
257.3500	19.8479	280.0000
257.3000	19.8064	280.0000
257.2902	19.8000	280.0000
257.2500	19.7694	280.0000
257.2192	19.7500	280.0000
257.2000	19.7353	280.0000
257.1500	19.7003	280.0000
257.1496	19.7000	280.0000
257.1000	19.6566	280.0000
257.0933	19.6500	280.0000
257.0522	19.6000	280.0000
257.0500	19.5967	280.0000
257.0229	19.5500	280.0000
257.0000	19.5007	280.0000
256.9997	19.5000	280.0000
256.9844	19.4500	280.0000
256.9739	19.4000	280.0000
256.9688	19.3500	280.0000
256.9693	19.3000	280.0000
256.9756	19.2500	280.0000
256.9879	19.2000	280.0000
257.0000	19.1669	280.0000
257.0070	19.1500	280.0000
257.0342	19.1000	280.0000
257.0500	19.0763	280.0000
257.0700	19.0500	280.0000
257.1000	19.0159	280.0000
257.1157	19.0000	280.0000
257.1500	18.9680	280.0000
257.1713	18.9500	280.0000
257.2000	18.9262	280.0000
257.2341	18.9000	280.0000
257.2500	18.8874	280.0000
257.2996	18.8500	280.0000
257.3000	18.8497	280.0000
257.3500	18.8108	280.0000
257.3646	18.8000	280.0000
257.4000	18.7713	280.0000
257.4274	18.7500	280.0000
257.4500	18.7312	280.0000
257.4896	18.7000	280.0000
257.5000	18.6914	280.0000
257.5500	18.6529	280.0000
257.5540	18.6500	280.0000
257.6000	18.6165	280.0000
257.6239	18.6000	280.0000
257.6500	18.5826	280.0000
257.7000	18.5506	280.0000
257.7010	18.5500	280.0000
257.7500	18.5196	280.0000
257.7812	18.5000	280.0000
257.8000	18.4887	280.0000
257.8500	18.4570	280.0000
257.8601	18.4500	280.0000
257.9000	18.4232	280.0000
257.9319	18.4000	280.0000
257.9500	18.3867	280.0000
257.9959	18.3500	280.0000
258.0000	18.3466	280.0000
258.0500	18.3009	280.0000
258.0508	18.3000	280.0000
258.0978	18.2500	280.0000
258.1000	18.2476	280.0000
258.1383	18.2000	280.0000
258.1500	18.1847	280.0000
258.1745	18.1500	280.0000
258.2000	18.1132	280.0000
258.2086	18.1000	280.0000
258.2412	18.0500	280.0000
258.2500	18.0369	280.0000
258.2741	18.0000	280.0000
258.3000	17.9640	280.0000
258.3099	17.9500	280.0000
258.3500	17.9000	280.0000
258.3500	17.9000	280.0000
258.3953	17.8500	280.0000
258.4000	17.8454	280.0000
258.4484	17.8000	280.0000
258.4500	17.7987	280.0000
258.5000	17.7577	280.0000
258.5101	17.7500	280.0000
258.5500	17.7209	280.0000
258.5816	17.7000	280.0000
258.6000	17.6878	280.0000
258.6500	17.6577	280.0000
258.6647	17.6500	280.0000
258.7000	17.6305	280.0000
258.7500	17.6077	280.0000
258.7724	17.6000	280.0000
258.8000	17.5897	280.0000
258.8500	17.5779	280.0000
258.9000	17.5738	280.0000
258.9500	17.5785	280.0000
259.0000	17.5944	280.0000
259.0098	17.6000	280.0000
259.0500	17.6247	280.0000
259.0758	17.6500	280.0000
259.1000	17.6757	280.0000
259.1167	17.7000	280.0000
259.1487	17.7500	280.0000
259.1500	17.7520	280.0000
259.1762	17.8000	280.0000
259.2000	17.8431	280.0000
259.2033	17.8500	280.0000
259.2306	17.9000	280.0000
259.2500	17.9328	280.0000
259.2593	17.9500	280.0000
259.2899	18.0000	280.0000
259.3000	18.0144	280.0000
259.3234	18.0500	280.0000
259.3500	18.0863	280.0000
259.3597	18.1000	280.0000
259.4000	18.1500	280.0000
259.4000	18.1500	280.0000
259.4468	18.2000	280.0000
259.4500	18.2028	280.0000
259.5000	18.2482	280.0000
259.5020	18.2500	280.0000
259.5500	18.2850	280.0000
259.5699	18.3000	280.0000
259.6000	18.3179	280.0000
259.6491	18.3500	280.0000
259.6500	18.3505	280.0000
259.7000	18.3800	280.0000
259.7256	18.4000	280.0000
259.7500	18.4197	280.0000
259.7774	18.4500	280.0000
259.8000	18.4859	280.0000
259.8078	18.5000	280.0000
259.8258	18.5500	280.0000
259.8370	18.6000	280.0000
259.8446	18.6500	280.0000
259.8499	18.7000	280.0000
259.8500	18.7011	280.0000
259.8540	18.7500	280.0000
259.8562	18.8000	280.0000
259.8559	18.8500	280.0000
259.8528	18.9000	280.0000
259.8500	18.9217	280.0000
259.8463	18.9500	280.0000
259.8359	19.0000	280.0000
259.8205	19.0500	280.0000
259.8000	19.0989	280.0000
259.7995	19.1000	280.0000
259.7773	19.1500	280.0000
259.7507	19.2000	280.0000
259.7500	19.2012	280.0000
259.7278	19.2500	280.0000
259.7039	19.3000	280.0000
259.7000	19.3089	280.0000
259.6852	19.3500	280.0000
259.6684	19.4000	280.0000
259.6531	19.4500	280.0000
259.6500	19.4629	280.0000
259.6422	19.5000	280.0000
259.6338	19.5500	280.0000
259.6276	19.6000	280.0000
259.6240	19.6500	280.0000
259.6239	19.7000	280.0000
259.6289	19.7500	280.0000
259.6438	19.8000	280.0000
259.6500	19.8111	280.0000
259.6892	19.8500	280.0000
259.7000	19.8561	280.0000
259.7500	19.8775	280.0000
259.8000	19.8957	280.0000
259.8099	19.9000	280.0000
259.8500	19.9145	280.0000
259.9000	19.9367	280.0000
259.9235	19.9500	280.0000
259.9500	19.9634	280.0000
260.0000	19.9953	280.0000
260.0062	20.0000	280.0000
260.0500	20.0314	280.0000
260.0721	20.0500	280.0000
260.1000	20.0722	280.0000
260.1307	20.1000	280.0000
260.1500	20.1166	280.0000
260.1854	20.1500	280.0000
260.2000	20.1631	280.0000
260.2387	20.2000	280.0000
260.2500	20.2102	280.0000
260.2929	20.2500	280.0000
260.3000	20.2563	280.0000
260.3499	20.3000	280.0000
260.3500	20.3001	280.0000
260.4000	20.3402	280.0000
260.4126	20.3500	280.0000
260.4500	20.3777	280.0000
260.4810	20.4000	280.0000
260.5000	20.4134	280.0000
260.5500	20.4481	280.0000
260.5528	20.4500	280.0000
260.6000	20.4832	280.0000
260.6229	20.5000	280.0000
260.6500	20.5219	280.0000
260.6827	20.5500	280.0000
> 280 contour -Z280
258.8785	20.2500	280.0000
258.9000	20.2204	280.0000
258.9170	20.2000	280.0000
258.9500	20.1632	280.0000
258.9641	20.1500	280.0000
259.0000	20.1183	280.0000
259.0254	20.1000	280.0000
259.0500	20.0827	280.0000
259.1000	20.0542	280.0000
259.1094	20.0500	280.0000
259.1500	20.0313	280.0000
259.2000	20.0127	280.0000
259.2430	20.0000	280.0000
259.2500	19.9977	280.0000
259.3000	19.9865	280.0000
259.3500	19.9789	280.0000
259.4000	19.9762	280.0000
259.4500	19.9818	280.0000
259.4904	20.0000	280.0000
259.5000	20.0068	280.0000
259.5300	20.0500	280.0000
259.5482	20.1000	280.0000
259.5500	20.1058	280.0000
259.5606	20.1500	280.0000
259.5708	20.2000	280.0000
259.5799	20.2500	280.0000
259.5886	20.3000	280.0000
259.5971	20.3500	280.0000
259.6000	20.3660	280.0000
259.6056	20.4000	280.0000
259.6140	20.4500	280.0000
> 280 contour -Z280
264.4000	18.9392	280.0000
264.3500	18.9085	280.0000
264.3264	18.9000	280.0000
264.3000	18.8885	280.0000
264.2500	18.8745	280.0000
264.2000	18.8654	280.0000
264.1500	18.8591	280.0000
264.1000	18.8544	280.0000
264.0500	18.8508	280.0000
264.0341	18.8500	280.0000
264.0000	18.8476	280.0000
263.9500	18.8455	280.0000
263.9000	18.8450	280.0000
263.8500	18.8468	280.0000
263.8148	18.8500	280.0000
263.8000	18.8511	280.0000
263.7500	18.8574	280.0000
263.7000	18.8671	280.0000
263.6500	18.8806	280.0000
263.6000	18.8980	280.0000
263.5947	18.9000	280.0000
263.5500	18.9144	280.0000
263.5000	18.9320	280.0000
263.4504	18.9500	280.0000
263.4500	18.9501	280.0000
263.4000	18.9653	280.0000
263.3500	18.9798	280.0000
263.3000	18.9932	280.0000
263.2719	19.0000	280.0000
263.2500	19.0053	280.0000
263.2000	19.0165	280.0000
263.1500	19.0274	280.0000
263.1000	19.0387	280.0000
263.0543	19.0500	280.0000
263.0500	19.0512	280.0000
263.0000	19.0672	280.0000
262.9500	19.0873	280.0000
262.9246	19.1000	280.0000
262.9000	19.1155	280.0000
262.8573	19.1500	280.0000
262.8500	19.1583	280.0000
262.8200	19.2000	280.0000
262.8000	19.2477	280.0000
262.7992	19.2500	280.0000
262.7907	19.3000	280.0000
262.7907	19.3500	280.0000
262.7978	19.4000	280.0000
262.8000	19.4077	280.0000
262.8119	19.4500	280.0000
262.8322	19.5000	280.0000
262.8500	19.5334	280.0000
262.8589	19.5500	280.0000
262.8920	19.6000	280.0000
262.9000	19.6101	280.0000
262.9304	19.6500	280.0000
> 280 contour -Z280
260.7500	18.5132	280.0000
260.8000	18.5370	280.0000
260.8401	18.5000	280.0000
260.8500	18.4850	280.0000
260.8592	18.4500	280.0000
260.8648	18.4000	280.0000
260.8624	18.3500	280.0000
260.8517	18.3000	280.0000
260.8500	18.2963	280.0000
260.8247	18.2500	280.0000
260.8000	18.2170	280.0000
260.7824	18.2000	280.0000
260.7500	18.1777	280.0000
260.7000	18.1623	280.0000
260.6500	18.1883	280.0000
260.6430	18.2000	280.0000
260.6394	18.2500	280.0000
260.6480	18.3000	280.0000
260.6500	18.3072	280.0000
260.6661	18.3500	280.0000
260.6858	18.4000	280.0000
260.7000	18.4360	280.0000
260.7092	18.4500	280.0000
260.7415	18.5000	280.0000
260.7500	18.5132	280.0000
> 280 contour -Z280
261.3500	18.0398	280.0000
261.4000	18.0396	280.0000
261.4500	18.0396	280.0000
261.5000	18.0397	280.0000
261.5500	18.0399	280.0000
261.6000	18.0402	280.0000
261.6390	18.0000	280.0000
261.6500	17.9888	280.0000
261.7000	17.9892	280.0000
261.7500	17.9897	280.0000
261.7891	17.9500	280.0000
261.8000	17.9390	280.0000
261.8500	17.9394	280.0000
261.8890	17.9000	280.0000
261.9000	17.8890	280.0000
261.9500	17.8893	280.0000
261.9891	17.8500	280.0000
262.0000	17.8391	280.0000
262.0389	17.8000	280.0000
262.0500	17.7889	280.0000
262.1000	17.7891	280.0000
262.1390	17.7500	280.0000
262.1500	17.7390	280.0000
262.1890	17.7000	280.0000
262.1889	17.6500	280.0000
262.1889	17.6000	280.0000
262.1500	17.5610	280.0000
262.1000	17.5610	280.0000
262.0611	17.6000	280.0000
262.0500	17.6111	280.0000
262.0000	17.6110	280.0000
261.9611	17.6500	280.0000
261.9500	17.6611	280.0000
261.9000	17.6609	280.0000
261.8611	17.7000	280.0000
261.8500	17.7112	280.0000
261.8000	17.7109	280.0000
261.7500	17.7106	280.0000
261.7111	17.7500	280.0000
261.7000	17.7613	280.0000
261.6500	17.7610	280.0000
261.6000	17.7608	280.0000
261.5500	17.7605	280.0000
261.5000	17.7603	280.0000
261.4611	17.8000	280.0000
261.4500	17.8112	280.0000
261.4000	17.8109	280.0000
261.3500	17.8106	280.0000
261.3110	17.8500	280.0000
261.3000	17.8610	280.0000
261.2611	17.9000	280.0000
261.2500	17.9111	280.0000
261.2108	17.9500	280.0000
261.2500	17.9892	280.0000
261.3000	17.9888	280.0000
261.3111	18.0000	280.0000
261.3500	18.0398	280.0000
> 280 contour -Z280
262.9628	15.3500	280.0000
262.9500	15.3878	280.0000
262.9459	15.4000	280.0000
262.9388	15.4500	280.0000
262.9400	15.5000	280.0000
262.9483	15.5500	280.0000
262.9500	15.5558	280.0000
262.9626	15.6000	280.0000
262.9829	15.6500	280.0000
263.0000	15.6828	280.0000
263.0087	15.7000	280.0000
263.0397	15.7500	280.0000
263.0500	15.7641	280.0000
263.0752	15.8000	280.0000
263.1000	15.8314	280.0000
263.1141	15.8500	280.0000
263.1500	15.8937	280.0000
263.1549	15.9000	280.0000
263.1963	15.9500	280.0000
263.2000	15.9543	280.0000
263.2373	16.0000	280.0000
263.2500	16.0154	280.0000
263.2771	16.0500	280.0000
263.3000	16.0793	280.0000
263.3155	16.1000	280.0000
263.3500	16.1472	280.0000
263.3520	16.1500	280.0000
263.3871	16.2000	280.0000
263.4000	16.2191	280.0000
263.4205	16.2500	280.0000
263.4500	16.2974	280.0000
263.4516	16.3000	280.0000
263.4815	16.3500	280.0000
263.5000	16.3840	280.0000
263.5087	16.4000	280.0000
263.5337	16.4500	280.0000
263.5500	16.4870	280.0000
263.5557	16.5000	280.0000
263.5758	16.5500	280.0000
263.5928	16.6000	280.0000
263.6000	16.6231	280.0000
263.6085	16.6500	280.0000
263.6234	16.7000	280.0000
263.6373	16.7500	280.0000
263.6500	16.7961	280.0000
263.6512	16.8000	280.0000
263.6679	16.8500	280.0000
263.6856	16.9000	280.0000
263.7000	16.9365	280.0000
263.7063	16.9500	280.0000
263.7338	17.0000	280.0000
263.7500	17.0256	280.0000
263.7703	17.0500	280.0000
263.8000	17.0804	280.0000
263.8272	17.1000	280.0000
263.8500	17.1140	280.0000
263.9000	17.1343	280.0000
263.9500	17.1480	280.0000
263.9606	17.1500	280.0000
264.0000	17.1569	280.0000
264.0500	17.1655	280.0000
264.1000	17.1768	280.0000
264.1500	17.1935	280.0000
264.1648	17.2000	280.0000
264.2000	17.2162	280.0000
264.2500	17.2472	280.0000
264.2542	17.2500	280.0000
264.3000	17.2830	280.0000
264.3229	17.3000	280.0000
264.3500	17.3204	280.0000
264.3956	17.3500	280.0000
264.4000	17.3528	280.0000
264.4500	17.3719	280.0000
264.5000	17.3773	280.0000
264.5500	17.3656	280.0000
264.5753	17.3500	280.0000
264.6000	17.3273	280.0000
264.6182	17.3000	280.0000
264.6370	17.2500	280.0000
264.6445	17.2000	280.0000
264.6439	17.1500	280.0000
264.6375	17.1000	280.0000
264.6269	17.0500	280.0000
264.6135	17.0000	280.0000
264.6000	16.9571	280.0000
264.5975	16.9500	280.0000
264.5772	16.9000	280.0000
264.5557	16.8500	280.0000
264.5500	16.8377	280.0000
264.5300	16.8000	280.0000
264.5023	16.7500	280.0000
264.5000	16.7461	280.0000
264.4691	16.7000	280.0000
264.4500	16.6722	280.0000
264.4331	16.6500	280.0000
264.4000	16.6067	280.0000
264.3946	16.6000	280.0000
264.3551	16.5500	280.0000
264.3500	16.5432	280.0000
264.3176	16.5000	280.0000
264.3000	16.4745	280.0000
264.2837	16.4500	280.0000
264.2538	16.4000	280.0000
264.2500	16.3930	280.0000
264.2275	16.3500	280.0000
264.2046	16.3000	280.0000
264.2000	16.2890	280.0000
264.1841	16.2500	280.0000
264.1659	16.2000	280.0000
264.1500	16.1511	280.0000
264.1497	16.1500	280.0000
264.1345	16.1000	280.0000
264.1208	16.0500	280.0000
264.1081	16.0000	280.0000
264.1000	15.9656	280.0000
264.0963	15.9500	280.0000
264.0848	15.9000	280.0000
264.0740	15.8500	280.0000
264.0637	15.8000	280.0000
264.0538	15.7500	280.0000
264.0500	15.7311	280.0000
264.0437	15.7000	280.0000
264.0335	15.6500	280.0000
264.0233	15.6000	280.0000
264.0131	15.5500	280.0000
264.0028	15.5000	280.0000
264.0000	15.4872	280.0000
263.9916	15.4500	280.0000
263.9800	15.4000	280.0000
263.9678	15.3500	280.0000
263.9551	15.3000	280.0000
> 300 contour -Z300
259.0862	20.4000	300.0000
259.1000	20.3918	300.0000
259.1500	20.3778	300.0000
259.2000	20.3789	300.0000
259.2500	20.3950	300.0000
259.2581	20.4000	300.0000
259.3000	20.4276	300.0000
259.3228	20.4500	300.0000
259.3500	20.4782	300.0000
259.3658	20.5000	300.0000
> 300 contour -Z300
255.7047	18.2000	300.0000
255.7086	18.2500	300.0000
255.7159	18.3000	300.0000
255.7265	18.3500	300.0000
255.7402	18.4000	300.0000
255.7500	18.4291	300.0000
255.7586	18.4500	300.0000
255.7826	18.5000	300.0000
255.8000	18.5313	300.0000
255.8130	18.5500	300.0000
255.8500	18.5966	300.0000
255.8535	18.6000	300.0000
255.9000	18.6385	300.0000
255.9199	18.6500	300.0000
255.9500	18.6649	300.0000
256.0000	18.6803	300.0000
256.0500	18.6889	300.0000
256.1000	18.6941	300.0000
256.1500	18.6999	300.0000
256.1507	18.7000	300.0000
256.2000	18.7085	300.0000
256.2500	18.7250	300.0000
256.2936	18.7500	300.0000
256.3000	18.7532	300.0000
256.3500	18.7929	300.0000
256.3561	18.8000	300.0000
256.4000	18.8474	300.0000
256.4018	18.8500	300.0000
256.4378	18.9000	300.0000
256.4500	18.9168	300.0000
256.4687	18.9500	300.0000
256.4956	19.0000	300.0000
256.5000	19.0083	300.0000
256.5177	19.0500	300.0000
256.5366	19.1000	300.0000
256.5500	19.1411	300.0000
256.5524	19.1500	300.0000
256.5647	19.2000	300.0000
256.5750	19.2500	300.0000
256.5839	19.3000	300.0000
256.5922	19.3500	300.0000
256.6000	19.3946	300.0000
256.6009	19.4000	300.0000
256.6105	19.4500	300.0000
256.6219	19.5000	300.0000
256.6355	19.5500	300.0000
256.6500	19.5955	300.0000
256.6514	19.6000	300.0000
256.6701	19.6500	300.0000
256.6909	19.7000	300.0000
256.7000	19.7195	300.0000
256.7143	19.7500	300.0000
256.7396	19.8000	300.0000
256.7500	19.8189	300.0000
256.7675	19.8500	300.0000
256.7971	19.9000	300.0000
256.8000	19.9045	300.0000
256.8309	19.9500	300.0000
256.8500	19.9768	300.0000
256.8689	20.0000	300.0000
256.9000	20.0365	300.0000
256.9145	20.0500	300.0000
256.9500	20.0818	300.0000
256.9787	20.1000	300.0000
257.0000	20.1134	300.0000
257.0500	20.1328	300.0000
257.1000	20.1434	300.0000
257.1500	20.1493	300.0000
257.1553	20.1500	300.0000
> 300 contour -Z300
260.2500	18.9719	300.0000
260.3000	18.9982	300.0000
260.3500	18.9891	300.0000
260.3776	18.9500	300.0000
260.3976	18.9000	300.0000
260.4000	18.8889	300.0000
260.4049	18.8500	300.0000
260.4070	18.8000	300.0000
260.4057	18.7500	300.0000
260.4019	18.7000	300.0000
260.4000	18.6849	300.0000
260.3954	18.6500	300.0000
260.3873	18.6000	300.0000
260.3784	18.5500	300.0000
260.3690	18.5000	300.0000
260.3592	18.4500	300.0000
260.3500	18.4052	300.0000
260.3489	18.4000	300.0000
260.3372	18.3500	300.0000
260.3231	18.3000	300.0000
260.3039	18.2500	300.0000
260.3000	18.2424	300.0000
260.2689	18.2000	300.0000
260.2500	18.1804	300.0000
260.2000	18.1522	300.0000
260.1915	18.1500	300.0000
260.1500	18.1368	300.0000
260.1000	18.1312	300.0000
260.0500	18.1336	300.0000
260.0000	18.1444	300.0000
259.9850	18.1500	300.0000
259.9500	18.1628	300.0000
259.9013	18.2000	300.0000
259.9000	18.2013	300.0000
259.8719	18.2500	300.0000
259.8643	18.3000	300.0000
259.8696	18.3500	300.0000
259.8834	18.4000	300.0000
259.9000	18.4438	300.0000
259.9025	18.4500	300.0000
259.9291	18.5000	300.0000
259.9500	18.5411	300.0000
259.9563	18.5500	300.0000
259.9877	18.6000	300.0000
260.0000	18.6228	300.0000
260.0198	18.6500	300.0000
260.0498	18.7000	300.0000
260.0500	18.7004	300.0000
260.0835	18.7500	300.0000
260.1000	18.7793	300.0000
260.1156	18.8000	300.0000
260.1473	18.8500	300.0000
260.1500	18.8548	300.0000
260.1853	18.9000	300.0000
260.2000	18.9217	300.0000
260.2300	18.9500	300.0000
260.2500	18.9719	300.0000
> 300 contour -Z300
264.7169	18.8500	300.0000
264.7372	18.8000	300.0000
264.7500	18.7639	300.0000
264.7555	18.7500	300.0000
264.7708	18.7000	300.0000
264.7832	18.6500	300.0000
264.7927	18.6000	300.0000
264.7999	18.5500	300.0000
264.8000	18.5487	300.0000
264.8067	18.5000	300.0000
264.8155	18.4500	300.0000
264.8306	18.4000	300.0000
264.8500	18.3644	300.0000
264.8630	18.3500	300.0000
264.9000	18.3234	300.0000
264.9500	18.3063	300.0000
265.0000	18.3006	300.0000
265.0500	18.3024	300.0000
265.1000	18.3103	300.0000
265.1500	18.3238	300.0000
265.2000	18.3427	300.0000
265.2148	18.3500	300.0000
265.2500	18.3641	300.0000
265.3000	18.3866	300.0000
265.3292	18.4000	300.0000
265.3500	18.4074	300.0000
265.4000	18.4239	300.0000
265.4500	18.4370	300.0000
265.5000	18.4461	300.0000
265.5382	18.4500	300.0000
265.5500	18.4510	300.0000
265.6000	18.4523	300.0000
265.6500	18.4507	300.0000
265.6590	18.4500	300.0000
265.7000	18.4465	300.0000
265.7500	18.4399	300.0000
265.8000	18.4312	300.0000
265.8500	18.4201	300.0000
> 300 contour -Z300
261.9500	18.3509	300.0000
262.0000	18.3576	300.0000
262.0500	18.3601	300.0000
262.1000	18.3586	300.0000
262.1500	18.3531	300.0000
262.1673	18.3500	300.0000
262.2000	18.3450	300.0000
262.2500	18.3345	300.0000
262.3000	18.3214	300.0000
262.3500	18.3068	300.0000
262.3750	18.3000	300.0000
262.4000	18.2941	300.0000
262.4500	18.2854	300.0000
262.5000	18.2819	300.0000
262.5500	18.2848	300.0000
262.6000	18.2936	300.0000
262.6246	18.3000	300.0000
262.6500	18.3077	300.0000
262.7000	18.3249	300.0000
262.7500	18.3414	300.0000
262.7806	18.3500	300.0000
262.8000	18.3561	300.0000
262.8500	18.3671	300.0000
262.9000	18.3718	300.0000
262.9500	18.3687	300.0000
263.0000	18.3559	300.0000
263.0123	18.3500	300.0000
263.0500	18.3334	300.0000
263.0991	18.3000	300.0000
263.1000	18.2995	300.0000
263.1500	18.2592	300.0000
263.1595	18.2500	300.0000
263.2000	18.2161	300.0000
263.2179	18.2000	300.0000
263.2500	18.1755	300.0000
263.2849	18.1500	300.0000
263.3000	18.1407	300.0000
263.3500	18.1139	300.0000
263.3837	18.1000	300.0000
263.4000	18.0943	300.0000
263.4500	18.0824	300.0000
263.5000	18.0763	300.0000
263.5500	18.0756	300.0000
263.6000	18.0791	300.0000
263.6500	18.0860	300.0000
263.7000	18.0952	300.0000
263.7238	18.1000	300.0000
263.7500	18.1059	300.0000
263.8000	18.1168	300.0000
263.8500	18.1263	300.0000
263.9000	18.1328	300.0000
263.9500	18.1344	300.0000
264.0000	18.1283	300.0000
264.0500	18.1105	300.0000
264.0676	18.1000	300.0000
264.1000	18.0710	300.0000
264.1166	18.0500	300.0000
264.1359	18.0000	300.0000
264.1389	17.9500	300.0000
264.1309	17.9000	300.0000
264.1152	17.8500	300.0000
264.1000	17.8157	300.0000
264.0940	17.8000	300.0000
264.0692	17.7500	300.0000
264.0500	17.7173	300.0000
264.0405	17.7000	300.0000
264.0081	17.6500	300.0000
264.0000	17.6392	300.0000
263.9708	17.6000	300.0000
263.9500	17.5762	300.0000
263.9270	17.5500	300.0000
263.9000	17.5240	300.0000
263.8756	17.5000	300.0000
263.8500	17.4785	300.0000
263.8181	17.4500	300.0000
263.8000	17.4358	300.0000
263.7598	17.4000	300.0000
263.7500	17.3921	300.0000
263.7061	17.3500	300.0000
263.7000	17.3444	300.0000
263.6592	17.3000	300.0000
263.6500	17.2900	300.0000
263.6178	17.2500	300.0000
263.6000	17.2274	300.0000
263.5799	17.2000	300.0000
263.5500	17.1575	300.0000
263.5447	17.1500	300.0000
263.5115	17.1000	300.0000
263.5000	17.0818	300.0000
263.4787	17.0500	300.0000
263.4500	17.0060	300.0000
263.4457	17.0000	300.0000
263.4108	16.9500	300.0000
263.4000	16.9344	300.0000
263.3723	16.9000	300.0000
263.3500	16.8727	300.0000
263.3271	16.8500	300.0000
263.3000	16.8233	300.0000
263.2684	16.8000	300.0000
263.2500	16.7862	300.0000
263.2000	16.7601	300.0000
263.1683	16.7500	300.0000
263.1500	16.7437	300.0000
263.1000	16.7350	300.0000
263.0500	16.7335	300.0000
263.0000	16.7379	300.0000
262.9500	16.7473	300.0000
262.9390	16.7500	300.0000
262.9000	16.7588	300.0000
262.8500	16.7727	300.0000
262.8000	16.7894	300.0000
262.7707	16.8000	300.0000
262.7500	16.8071	300.0000
262.7000	16.8253	300.0000
262.6500	16.8458	300.0000
262.6394	16.8500	300.0000
262.6000	16.8643	300.0000
262.5500	16.8811	300.0000
262.5000	16.8940	300.0000
262.4530	16.9000	300.0000
262.4500	16.9003	300.0000
262.4356	16.9000	300.0000
262.4000	16.8991	300.0000
262.3500	16.8908	300.0000
262.3000	16.8773	300.0000
262.2500	16.8603	300.0000
262.2236	16.8500	300.0000
262.2000	16.8398	300.0000
262.1500	16.8167	300.0000
262.1133	16.8000	300.0000
262.1000	16.7933	300.0000
262.0500	16.7690	300.0000
262.0057	16.7500	300.0000
262.0000	16.7472	300.0000
261.9500	16.7269	300.0000
261.9000	16.7118	300.0000
261.8500	16.7033	300.0000
261.8000	16.7031	300.0000
261.7500	16.7144	300.0000
261.7000	16.7414	300.0000
261.6899	16.7500	300.0000
261.6500	16.7865	300.0000
261.6388	16.8000	300.0000
261.6001	16.8500	300.0000
261.6000	16.8501	300.0000
261.5652	16.9000	300.0000
261.5500	16.9228	300.0000
261.5308	16.9500	300.0000
261.5000	16.9944	300.0000
261.4952	17.0000	300.0000
261.4520	17.0500	300.0000
261.4500	17.0523	300.0000
261.4000	17.0907	300.0000
261.3761	17.1000	300.0000
261.3500	17.1097	300.0000
261.3000	17.1117	300.0000
261.2522	17.1000	300.0000
261.2500	17.0994	300.0000
261.2000	17.0735	300.0000
261.1668	17.0500	300.0000
261.1500	17.0366	300.0000
261.1090	17.0000	300.0000
261.1000	16.9913	300.0000
261.0570	16.9500	300.0000
261.0500	16.9430	300.0000
261.0029	16.9000	300.0000
261.0000	16.8973	300.0000
260.9500	16.8596	300.0000
260.9320	16.8500	300.0000
260.9000	16.8327	300.0000
260.8500	16.8202	300.0000
260.8000	16.8268	300.0000
260.7662	16.8500	300.0000
260.7500	16.8699	300.0000
260.7370	16.9000	300.0000
260.7315	16.9500	300.0000
260.7381	17.0000	300.0000
260.7500	17.0401	300.0000
260.7531	17.0500	300.0000
260.7753	17.1000	300.0000
260.7994	17.1500	300.0000
260.8000	17.1512	300.0000
260.8265	17.2000	300.0000
260.8500	17.2479	300.0000
260.8510	17.2500	300.0000
260.8733	17.3000	300.0000
260.8896	17.3500	300.0000
260.8998	17.4000	300.0000
260.9000	17.4022	300.0000
260.9037	17.4500	300.0000
260.9018	17.5000	300.0000
260.9000	17.5120	300.0000
260.8948	17.5500	300.0000
260.8837	17.6000	300.0000
260.8702	17.6500	300.0000
260.8560	17.7000	300.0000
260.8500	17.7200	300.0000
260.8406	17.7500	300.0000
260.8259	17.8000	300.0000
260.8153	17.8500	300.0000
260.8106	17.9000	300.0000
260.8147	17.9500	300.0000
260.8331	18.0000	300.0000
260.8500	18.0218	300.0000
260.8690	18.0500	300.0000
260.9000	18.0800	300.0000
260.9224	18.1000	300.0000
260.9500	18.1228	300.0000
260.9911	18.1500	300.0000
261.0000	18.1569	300.0000
261.0500	18.1878	300.0000
261.0785	18.2000	300.0000
261.1000	18.2130	300.0000
261.1500	18.2337	300.0000
261.2000	18.2463	300.0000
261.2257	18.2500	300.0000
261.2500	18.2557	300.0000
261.3000	18.2616	300.0000
261.3500	18.2638	300.0000
261.4000	18.2642	300.0000
261.4500	18.2644	300.0000
261.5000	18.2656	300.0000
261.5500	18.2685	300.0000
261.6000	18.2739	300.0000
261.6500	18.2817	300.0000
261.7000	18.2913	300.0000
261.7404	18.3000	300.0000
261.7500	18.3030	300.0000
261.8000	18.3182	300.0000
261.8500	18.3316	300.0000
261.9000	18.3426	300.0000
261.9456	18.3500	300.0000
261.9500	18.3509	300.0000
> 300 contour -Z300
266.0223	18.3500	300.0000
266.0500	18.3295	300.0000
266.0802	18.3000	300.0000
266.1000	18.2753	300.0000
266.1162	18.2500	300.0000
266.1402	18.2000	300.0000
266.1500	18.1735	300.0000
266.1575	18.1500	300.0000
266.1705	18.1000	300.0000
266.1812	18.0500	300.0000
266.1903	18.0000	300.0000
266.1984	17.9500	300.0000
266.2000	17.9383	300.0000
266.2051	17.9000	300.0000
266.2101	17.8500	300.0000
266.2130	17.8000	300.0000
266.2130	17.7500	300.0000
266.2088	17.7000	300.0000
266.2000	17.6527	300.0000
266.1994	17.6500	300.0000
266.1822	17.6000	300.0000
266.1578	17.5500	300.0000
266.1500	17.5370	300.0000
266.1242	17.5000	300.0000
266.1000	17.4691	300.0000
266.0830	17.4500	300.0000
266.0500	17.4145	300.0000
266.0351	17.4000	300.0000
266.0000	17.3660	300.0000
265.9822	17.3500	300.0000
265.9500	17.3208	300.0000
265.9252	17.3000	300.0000
265.9000	17.2784	300.0000
265.8641	17.2500	300.0000
265.8500	17.2386	300.0000
265.8000	17.2017	300.0000
265.7974	17.2000	300.0000
265.7500	17.1678	300.0000
265.7214	17.1500	300.0000
265.7000	17.1362	300.0000
265.6500	17.1059	300.0000
265.6398	17.1000	300.0000
265.6000	17.0757	300.0000
265.5601	17.0500	300.0000
265.5500	17.0431	300.0000
265.5000	17.0062	300.0000
265.4926	17.0000	300.0000
265.4500	16.9629	300.0000
265.4371	16.9500	300.0000
265.4000	16.9120	300.0000
265.3897	16.9000	300.0000
265.3500	16.8534	300.0000
265.3474	16.8500	300.0000
265.3096	16.8000	300.0000
265.3000	16.7870	300.0000
265.2752	16.7500	300.0000
265.2500	16.7104	300.0000
265.2440	16.7000	300.0000
265.2174	16.6500	300.0000
265.2000	16.6120	300.0000
265.1950	16.6000	300.0000
265.1782	16.5500	300.0000
265.1663	16.5000	300.0000
265.1592	16.4500	300.0000
265.1566	16.4000	300.0000
265.1576	16.3500	300.0000
265.1610	16.3000	300.0000
265.1660	16.2500	300.0000
265.1717	16.2000	300.0000
265.1772	16.1500	300.0000
265.1818	16.1000	300.0000
265.1851	16.0500	300.0000
265.1864	16.0000	300.0000
265.1850	15.9500	300.0000
265.1806	15.9000	300.0000
265.1726	15.8500	300.0000
265.1603	15.8000	300.0000
265.1500	15.7690	300.0000
265.1432	15.7500	300.0000
265.1206	15.7000	300.0000
265.1000	15.6631	300.0000
265.0922	15.6500	300.0000
265.0577	15.6000	300.0000
265.0500	15.5900	300.0000
265.0178	15.5500	300.0000
265.0000	15.5296	300.0000
264.9734	15.5000	300.0000
264.9500	15.4751	300.0000
264.9261	15.4500	300.0000
264.9000	15.4233	300.0000
264.8773	15.4000	300.0000
264.8500	15.3723	300.0000
264.8283	15.3500	300.0000
264.8000	15.3209	300.0000
264.7801	15.3000	300.0000
264.7500	15.2683	300.0000
264.7333	15.2500	300.0000
264.7000	15.2137	300.0000
264.6881	15.2000	300.0000
264.6500	15.1565	300.0000
264.6447	15.1500	300.0000
264.6030	15.1000	300.0000
264.6000	15.0964	300.0000
> 300 contour -Z300
261.3500	18.0427	300.0000
261.4000	18.0425	300.0000
261.4500	18.0425	300.0000
261.5000	18.0425	300.0000
261.5500	18.0428	300.0000
261.6000	18.0431	300.0000
261.6418	18.0000	300.0000
261.6500	17.9916	300.0000
261.7000	17.9921	300.0000
261.7500	17.9926	300.0000
261.7919	17.9500	300.0000
261.8000	17.9418	300.0000
261.8500	17.9423	300.0000
261.8918	17.9000	300.0000
261.9000	17.8918	300.0000
261.9500	17.8921	300.0000
261.9919	17.8500	300.0000
262.0000	17.8419	300.0000
262.0417	17.8000	300.0000
262.0500	17.7917	300.0000
262.1000	17.7919	300.0000
262.1418	17.7500	300.0000
262.1500	17.7418	300.0000
262.1918	17.7000	300.0000
262.1917	17.6500	300.0000
262.1917	17.6000	300.0000
262.1500	17.5582	300.0000
262.1000	17.5582	300.0000
262.0583	17.6000	300.0000
262.0500	17.6084	300.0000
262.0000	17.6082	300.0000
261.9583	17.6500	300.0000
261.9500	17.6584	300.0000
261.9000	17.6581	300.0000
261.8583	17.7000	300.0000
261.8500	17.7083	300.0000
261.8000	17.7081	300.0000
261.7500	17.7077	300.0000
261.7083	17.7500	300.0000
261.7000	17.7584	300.0000
261.6500	17.7582	300.0000
261.6000	17.7579	300.0000
261.5500	17.7577	300.0000
261.5000	17.7574	300.0000
261.4583	17.8000	300.0000
261.4500	17.8084	300.0000
261.4000	17.8081	300.0000
261.3500	17.8078	300.0000
261.3082	17.8500	300.0000
261.3000	17.8582	300.0000
261.2583	17.9000	300.0000
261.2500	17.9083	300.0000
261.2080	17.9500	300.0000
261.2500	17.9920	300.0000
261.3000	17.9916	300.0000
261.3083	18.0000	300.0000
261.3500	18.0427	300.0000
> 300 contour -Z300
265.9468	14.2500	300.0000
265.9500	14.2854	300.0000
265.9515	14.3000	300.0000
265.9601	14.3500	300.0000
265.9732	14.4000	300.0000
265.9912	14.4500	300.0000
266.0000	14.4690	300.0000
266.0150	14.5000	300.0000
266.0431	14.5500	300.0000
266.0500	14.5609	300.0000
266.0732	14.6000	300.0000
266.1000	14.6440	300.0000
266.1032	14.6500	300.0000
266.1300	14.7000	300.0000
266.1500	14.7404	300.0000
266.1540	14.7500	300.0000
266.1726	14.8000	300.0000
266.1871	14.8500	300.0000
266.1962	14.9000	300.0000
266.1970	14.9500	300.0000
266.1850	15.0000	300.0000
266.1528	15.0500	300.0000
266.1500	15.0525	300.0000
266.1000	15.0850	300.0000
266.0693	15.1000	300.0000
266.0500	15.1069	300.0000
266.0000	15.1235	300.0000
265.9500	15.1424	300.0000
265.9338	15.1500	300.0000
265.9000	15.1657	300.0000
265.8510	15.2000	300.0000
265.8500	15.2008	300.0000
265.8072	15.2500	300.0000
265.8000	15.2618	300.0000
265.7819	15.3000	300.0000
265.7680	15.3500	300.0000
265.7620	15.4000	300.0000
265.7617	15.4500	300.0000
265.7654	15.5000	300.0000
265.7719	15.5500	300.0000
265.7805	15.6000	300.0000
265.7909	15.6500	300.0000
265.8000	15.6872	300.0000
265.8025	15.7000	300.0000
265.8137	15.7500	300.0000
265.8263	15.8000	300.0000
265.8405	15.8500	300.0000
265.8500	15.8786	300.0000
265.8559	15.9000	300.0000
265.8724	15.9500	300.0000
265.8922	16.0000	300.0000
265.9000	16.0166	300.0000
265.9148	16.0500	300.0000
265.9419	16.1000	300.0000
265.9500	16.1128	300.0000
265.9750	16.1500	300.0000
266.0000	16.1816	300.0000
266.0170	16.2000	300.0000
266.0500	16.2320	300.0000
266.0735	16.2500	300.0000
266.1000	16.2690	300.0000
266.1500	16.2955	300.0000
266.1623	16.3000	300.0000
266.2000	16.3139	300.0000
266.2500	16.3250	300.0000
266.3000	16.3299	300.0000
266.3500	16.3291	300.0000
266.4000	16.3228	300.0000
266.4500	16.3112	300.0000
266.4832	16.3000	300.0000
266.5000	16.2936	300.0000
266.5500	16.2685	300.0000
266.5792	16.2500	300.0000
266.6000	16.2334	300.0000
266.6353	16.2000	300.0000
266.6500	16.1813	300.0000
266.6720	16.1500	300.0000
266.6961	16.1000	300.0000
266.7000	16.0882	300.0000
266.7123	16.0500	300.0000
266.7223	16.0000	300.0000
266.7277	15.9500	300.0000
266.7298	15.9000	300.0000
266.7294	15.8500	300.0000
266.7272	15.8000	300.0000
266.7238	15.7500	300.0000
266.7196	15.7000	300.0000
266.7152	15.6500	300.0000
266.7109	15.6000	300.0000
266.7074	15.5500	300.0000
266.7051	15.5000	300.0000
266.7049	15.4500	300.0000
266.7074	15.4000	300.0000
266.7136	15.3500	300.0000
266.7243	15.3000	300.0000
266.7401	15.2500	300.0000
266.7500	15.2253	300.0000
266.7600	15.2000	300.0000
266.7819	15.1500	300.0000
266.8000	15.1109	300.0000
266.8049	15.1000	300.0000
266.8254	15.0500	300.0000
266.8431	15.0000	300.0000
266.8500	14.9744	300.0000
266.8564	14.9500	300.0000
266.8650	14.9000	300.0000
266.8693	14.8500	300.0000
266.8698	14.8000	300.0000
266.8674	14.7500	300.0000
266.8629	14.7000	300.0000
266.8572	14.6500	300.0000
266.8514	14.6000	300.0000
266.8500	14.5832	300.0000
266.8465	14.5500	300.0000
266.8444	14.5000	300.0000
266.8481	14.4500	300.0000
266.8500	14.4419	300.0000
266.8617	14.4000	300.0000
266.8941	14.3500	300.0000
266.9000	14.3442	300.0000
266.9500	14.3031	300.0000
266.9543	14.3000	300.0000
267.0000	14.2712	300.0000
267.0360	14.2500	300.0000
267.0500	14.2419	300.0000
267.1000	14.2118	300.0000
267.1194	14.2000	300.0000
267.1500	14.1799	300.0000
267.1969	14.1500	300.0000
267.2000	14.1478	300.0000
267.2500	14.1148	300.0000
267.2773	14.1000	300.0000
267.3000	14.0862	300.0000
267.3500	14.0645	300.0000
267.4000	14.0532	300.0000
267.4500	14.0525	300.0000
267.5000	14.0622	300.0000
267.5500	14.0825	300.0000
267.5782	14.1000	300.0000
267.6000	14.1128	300.0000
267.6462	14.1500	300.0000
267.6500	14.1531	300.0000
267.6962	14.2000	300.0000
267.7000	14.2040	300.0000
267.7367	14.2500	300.0000
267.7500	14.2680	300.0000
267.7714	14.3000	300.0000
267.8000	14.3475	300.0000
267.8015	14.3500	300.0000
267.8301	14.4000	300.0000
267.8500	14.4361	300.0000
267.8585	14.4500	300.0000
267.8922	14.5000	300.0000
267.9000	14.5100	300.0000
267.9417	14.5500	300.0000
267.9500	14.5565	300.0000
268.0000	14.5812	300.0000
268.0500	14.5937	300.0000
268.1000	14.5973	300.0000
268.1500	14.5953	300.0000
268.2000	14.5907	300.0000
268.2500	14.5857	300.0000
268.3000	14.5823	300.0000
268.3500	14.5826	300.0000
268.4000	14.5887	300.0000
268.4397	14.6000	300.0000
268.4500	14.6025	300.0000
268.5000	14.6212	300.0000
268.5500	14.6469	300.0000
268.5550	14.6500	300.0000
268.6000	14.6721	300.0000
268.6500	14.6992	300.0000
268.6513	14.7000	300.0000
268.7000	14.7233	300.0000
268.7500	14.7474	300.0000
268.7552	14.7500	300.0000
268.8000	14.7694	300.0000
268.8500	14.7907	300.0000
268.8719	14.8000	300.0000
268.9000	14.8112	300.0000
268.9500	14.8312	300.0000
268.9968	14.8500	300.0000
269.0000	14.8513	300.0000
269.0500	14.8723	300.0000
269.1000	14.8941	300.0000
269.1125	14.9000	300.0000
269.1500	14.9186	300.0000
269.2000	14.9454	300.0000
269.2076	14.9500	300.0000
269.2500	14.9779	300.0000
269.2802	15.0000	300.0000
269.3000	15.0166	300.0000
269.3357	15.0500	300.0000
269.3500	15.0661	300.0000
269.3774	15.1000	300.0000
269.4000	15.1354	300.0000
269.4087	15.1500	300.0000
269.4299	15.2000	300.0000
269.4419	15.2500	300.0000
269.4419	15.3000	300.0000
> 300 contour -Z300
271.7457	14.2500	300.0000
271.7465	14.2000	300.0000
271.7360	14.1500	300.0000
271.7026	14.1000	300.0000
271.7000	14.0979	300.0000
271.6500	14.0792	300.0000
271.6000	14.0759	300.0000
271.5500	14.0816	300.0000
271.5000	14.0956	300.0000
271.4909	14.1000	300.0000
271.4500	14.1393	300.0000
271.4440	14.1500	300.0000
271.4397	14.2000	300.0000
271.4494	14.2500	300.0000
271.4500	14.2517	300.0000
271.4709	14.3000	300.0000
271.4949	14.3500	300.0000
271.5000	14.3597	300.0000
> 300 contour -Z300
271.9544	11.5000	300.0000
271.9861	11.5500	300.0000
272.0000	11.5703	300.0000
272.0214	11.6000	300.0000
272.0500	11.6385	300.0000
272.0591	11.6500	300.0000
272.0979	11.7000	300.0000
272.1000	11.7029	300.0000
272.1364	11.7500	300.0000
272.1500	11.7691	300.0000
272.1730	11.8000	300.0000
272.2000	11.8414	300.0000
272.2059	11.8500	300.0000
272.2346	11.9000	300.0000
272.2500	11.9338	300.0000
272.2579	11.9500	300.0000
272.2757	12.0000	300.0000
272.2870	12.0500	300.0000
272.2912	12.1000	300.0000
272.2881	12.1500	300.0000
272.2769	12.2000	300.0000
272.2572	12.2500	300.0000
272.2500	12.2630	300.0000
272.2301	12.3000	300.0000
272.2000	12.3449	300.0000
272.1966	12.3500	300.0000
272.1595	12.4000	300.0000
272.1500	12.4123	300.0000
272.1212	12.4500	300.0000
272.1000	12.4786	300.0000
272.0842	12.5000	300.0000
272.0504	12.5500	300.0000
272.0500	12.5507	300.0000
272.0201	12.6000	300.0000
272.0000	12.6381	300.0000
271.9934	12.6500	300.0000
271.9695	12.7000	300.0000
271.9500	12.7466	300.0000
271.9484	12.7500	300.0000
271.9294	12.8000	300.0000
271.9140	12.8500	300.0000
271.9039	12.9000	300.0000
271.9014	12.9500	300.0000
271.9089	13.0000	300.0000
271.9278	13.0500	300.0000
271.9500	13.0868	300.0000
271.9585	13.1000	300.0000
272.0000	13.1484	300.0000
272.0014	13.1500	300.0000
272.0500	13.1948	300.0000
272.0555	13.2000	300.0000
272.1000	13.2354	300.0000
272.1169	13.2500	300.0000
272.1500	13.2747	300.0000
272.1795	13.3000	300.0000
272.2000	13.3154	300.0000
272.2378	13.3500	300.0000
272.2500	13.3599	300.0000
272.2892	13.4000	300.0000
272.3000	13.4100	300.0000
272.3337	13.4500	300.0000
272.3500	13.4678	300.0000
272.3732	13.5000	300.0000
272.4000	13.5353	300.0000
272.4090	13.5500	300.0000
272.4409	13.6000	300.0000
272.4500	13.6139	300.0000
272.4697	13.6500	300.0000
272.4973	13.7000	300.0000
272.5000	13.7049	300.0000
272.5217	13.7500	300.0000
> 300 contour -Z300
275.6691	11.0000	300.0000
275.6784	10.9500	300.0000
275.6961	10.9000	300.0000
275.7000	10.8926	300.0000
275.7241	10.8500	300.0000
275.7500	10.8184	300.0000
275.7667	10.8000	300.0000
275.8000	10.7709	300.0000
275.8270	10.7500	300.0000
275.8500	10.7341	300.0000
275.9000	10.7029	300.0000
275.9050	10.7000	300.0000
275.9500	10.6732	300.0000
275.9897	10.6500	300.0000
276.0000	10.6429	300.0000
276.0500	10.6057	300.0000
276.0570	10.6000	300.0000
276.0959	10.5500	300.0000
276.1000	10.5393	300.0000
276.1129	10.5000	300.0000
276.1157	10.4500	300.0000
276.1094	10.4000	300.0000
276.1000	10.3625	300.0000
276.0971	10.3500	300.0000
276.0812	10.3000	300.0000
276.0631	10.2500	300.0000
276.0500	10.2166	300.0000
276.0436	10.2000	300.0000
276.0238	10.1500	300.0000
276.0043	10.1000	300.0000
276.0000	10.0885	300.0000
275.9854	10.0500	300.0000
275.9682	10.0000	300.0000
275.9529	9.9500	300.0000
275.9500	9.9383	300.0000
275.9401	9.9000	300.0000
275.9305	9.8500	300.0000
275.9247	9.8000	300.0000
275.9233	9.7500	300.0000
275.9268	9.7000	300.0000
275.9361	9.6500	300.0000
275.9500	9.6063	300.0000
275.9525	9.6000	300.0000
275.9800	9.5500	300.0000
276.0000	9.5239	300.0000
276.0315	9.5000	300.0000
276.0500	9.4884	300.0000
276.1000	9.4776	300.0000
276.1500	9.4834	300.0000
276.1967	9.5000	300.0000
276.2000	9.5010	300.0000
276.2500	9.5254	300.0000
276.2904	9.5500	300.0000
276.3000	9.5552	300.0000
276.3500	9.5872	300.0000
276.3686	9.6000	300.0000
276.4000	9.6203	300.0000
276.4457	9.6500	300.0000
276.4500	9.6527	300.0000
276.5000	9.6842	300.0000
276.5269	9.7000	300.0000
276.5500	9.7137	300.0000
276.6000	9.7412	300.0000
276.6178	9.7500	300.0000
276.6500	9.7668	300.0000
276.7000	9.7905	300.0000
276.7222	9.8000	300.0000
276.7500	9.8130	300.0000
276.8000	9.8349	300.0000
276.8361	9.8500	300.0000
276.8500	9.8566	300.0000
276.9000	9.8800	300.0000
276.9418	9.9000	300.0000
276.9500	9.9046	300.0000
277.0000	9.9328	300.0000
277.0301	9.9500	300.0000
277.0500	9.9635	300.0000
277.1000	9.9966	300.0000
> 300 contour -Z300
274.1754	9.4000	300.0000
274.2000	9.4232	300.0000
274.2282	9.4500	300.0000
274.2500	9.4703	300.0000
274.2820	9.5000	300.0000
274.3000	9.5164	300.0000
274.3372	9.5500	300.0000
274.3500	9.5615	300.0000
274.3933	9.6000	300.0000
274.4000	9.6060	300.0000
274.4496	9.6500	300.0000
274.4500	9.6503	300.0000
274.5000	9.6947	300.0000
274.5061	9.7000	300.0000
274.5500	9.7391	300.0000
274.5628	9.7500	300.0000
274.6000	9.7827	300.0000
274.6213	9.8000	300.0000
274.6500	9.8241	300.0000
274.6853	9.8500	300.0000
274.7000	9.8613	300.0000
274.7500	9.8914	300.0000
274.7719	9.9000	300.0000
274.8000	9.9117	300.0000
274.8500	9.9190	300.0000
274.9000	9.9105	300.0000
274.9206	9.9000	300.0000
274.9500	9.8839	300.0000
274.9865	9.8500	300.0000
275.0000	9.8357	300.0000
275.0252	9.8000	300.0000
275.0500	9.7583	300.0000
275.0542	9.7500	300.0000
275.0758	9.7000	300.0000
275.0932	9.6500	300.0000
275.1000	9.6262	300.0000
275.1073	9.6000	300.0000
275.1190	9.5500	300.0000
275.1291	9.5000	300.0000
275.1384	9.4500	300.0000
275.1478	9.4000	300.0000
275.1500	9.3894	300.0000
275.1591	9.3500	300.0000
275.1728	9.3000	300.0000
275.1896	9.2500	300.0000
275.2000	9.2240	300.0000
275.2113	9.2000	300.0000
275.2384	9.1500	300.0000
275.2500	9.1306	300.0000
275.2714	9.1000	300.0000
275.3000	9.0611	300.0000
275.3095	9.0500	300.0000
275.3500	9.0034	300.0000
275.3535	9.0000	300.0000
275.4000	8.9541	300.0000
275.4048	8.9500	300.0000
275.4500	8.9117	300.0000
275.4656	8.9000	300.0000
275.5000	8.8748	300.0000
275.5363	8.8500	300.0000
275.5500	8.8410	300.0000
275.6000	8.8091	300.0000
275.6139	8.8000	300.0000
275.6500	8.7770	300.0000
275.6873	8.7500	300.0000
275.7000	8.7409	300.0000
275.7475	8.7000	300.0000
275.7500	8.6977	300.0000
275.7937	8.6500	300.0000
275.8000	8.6426	300.0000
275.8293	8.6000	300.0000
275.8500	8.5659	300.0000
275.8580	8.5500	300.0000
275.8818	8.5000	300.0000
275.9000	8.4578	300.0000
275.9029	8.4500	300.0000
> 320 contour -Z320
254.2000	19.2578	320.0000
254.2500	19.2934	320.0000
254.2588	19.3000	320.0000
254.3000	19.3298	320.0000
254.3272	19.3500	320.0000
254.3500	19.3659	320.0000
254.3986	19.4000	320.0000
254.4000	19.4009	320.0000
254.4500	19.4334	320.0000
254.4759	19.4500	320.0000
254.5000	19.4642	320.0000
254.5500	19.4930	320.0000
254.5625	19.5000	320.0000
254.6000	19.5192	320.0000
254.6500	19.5438	320.0000
254.6634	19.5500	320.0000
254.7000	19.5656	320.0000
254.7500	19.5854	320.0000
254.7905	19.6000	320.0000
254.8000	19.6031	320.0000
254.8500	19.6174	320.0000
254.9000	19.6290	320.0000
254.9500	19.6376	320.0000
255.0000	19.6424	320.0000
255.0500	19.6431	320.0000
255.1000	19.6393	320.0000
255.1500	19.6313	320.0000
255.2000	19.6199	320.0000
255.2500	19.6064	320.0000
255.2709	19.6000	320.0000
255.3000	19.5909	320.0000
255.3500	19.5746	320.0000
255.4000	19.5588	320.0000
255.4277	19.5500	320.0000
255.4500	19.5427	320.0000
255.5000	19.5260	320.0000
255.5500	19.5095	320.0000
255.5783	19.5000	320.0000
255.6000	19.4923	320.0000
255.6500	19.4742	320.0000
255.7000	19.4566	320.0000
255.7193	19.4500	320.0000
255.7500	19.4388	320.0000
255.8000	19.4221	320.0000
255.8500	19.4076	320.0000
255.8818	19.4000	320.0000
255.9000	19.3954	320.0000
255.9500	19.3865	320.0000
256.0000	19.3819	320.0000
256.0500	19.3826	320.0000
256.1000	19.3898	320.0000
256.1336	19.4000	320.0000
256.1500	19.4053	320.0000
256.2000	19.4319	320.0000
256.2233	19.4500	320.0000
256.2500	19.4725	320.0000
256.2747	19.5000	320.0000
256.3000	19.5297	320.0000
256.3141	19.5500	320.0000
256.3491	19.6000	320.0000
256.3500	19.6013	320.0000
256.3810	19.6500	320.0000
256.4000	19.6778	320.0000
256.4136	19.7000	320.0000
256.4475	19.7500	320.0000
256.4500	19.7533	320.0000
256.4819	19.8000	320.0000
256.5000	19.8238	320.0000
256.5184	19.8500	320.0000
256.5500	19.8909	320.0000
256.5565	19.9000	320.0000
256.5955	19.9500	320.0000
256.6000	19.9553	320.0000
256.6347	20.0000	320.0000
256.6500	20.0185	320.0000
256.6742	20.0500	320.0000
256.7000	20.0821	320.0000
256.7136	20.1000	320.0000
256.7500	20.1469	320.0000
256.7523	20.1500	320.0000
256.7901	20.2000	320.0000
256.8000	20.2135	320.0000
256.8278	20.2500	320.0000
256.8500	20.2804	320.0000
256.8660	20.3000	320.0000
256.9000	20.3445	320.0000
256.9050	20.3500	320.0000
256.9469	20.4000	320.0000
> 320 contour -Z320
264.9500	18.9068	320.0000
264.9564	18.9000	320.0000
265.0000	18.8621	320.0000
265.0171	18.8500	320.0000
265.0500	18.8287	320.0000
265.1000	18.8039	320.0000
265.1110	18.8000	320.0000
265.1500	18.7866	320.0000
265.2000	18.7757	320.0000
265.2500	18.7703	320.0000
265.3000	18.7698	320.0000
265.3500	18.7734	320.0000
265.4000	18.7802	320.0000
265.4500	18.7891	320.0000
> 320 contour -Z320
261.3500	18.1508	320.0000
261.4000	18.1512	320.0000
261.4442	18.1500	320.0000
261.4500	18.1499	320.0000
261.5000	18.1480	320.0000
261.5500	18.1456	320.0000
261.6000	18.1429	320.0000
261.6500	18.1402	320.0000
261.7000	18.1379	320.0000
261.7500	18.1360	320.0000
261.8000	18.1346	320.0000
261.8500	18.1335	320.0000
261.9000	18.1320	320.0000
261.9500	18.1297	320.0000
262.0000	18.1257	320.0000
262.0500	18.1194	320.0000
262.1000	18.1102	320.0000
262.1402	18.1000	320.0000
262.1500	18.0977	320.0000
262.2000	18.0833	320.0000
262.2500	18.0654	320.0000
262.2869	18.0500	320.0000
262.3000	18.0448	320.0000
262.3500	18.0241	320.0000
262.4000	18.0026	320.0000
262.4068	18.0000	320.0000
262.4500	17.9840	320.0000
262.5000	17.9685	320.0000
262.5500	17.9572	320.0000
262.6000	17.9510	320.0000
262.6292	17.9500	320.0000
262.6500	17.9493	320.0000
262.6778	17.9500	320.0000
262.7000	17.9506	320.0000
262.7500	17.9533	320.0000
262.8000	17.9554	320.0000
262.8500	17.9554	320.0000
262.9000	17.9521	320.0000
262.9144	17.9500	320.0000
262.9500	17.9449	320.0000
263.0000	17.9340	320.0000
263.0500	17.9200	320.0000
263.1000	17.9041	320.0000
263.1117	17.9000	320.0000
263.1500	17.8873	320.0000
263.2000	17.8707	320.0000
263.2500	17.8546	320.0000
263.2650	17.8500	320.0000
263.3000	17.8391	320.0000
263.3500	17.8239	320.0000
263.4000	17.8087	320.0000
263.4277	17.8000	320.0000
263.4500	17.7916	320.0000
263.5000	17.7695	320.0000
263.5339	17.7500	320.0000
263.5500	17.7353	320.0000
263.5784	17.7000	320.0000
263.5933	17.6500	320.0000
263.5928	17.6000	320.0000
263.5827	17.5500	320.0000
263.5658	17.5000	320.0000
263.5500	17.4657	320.0000
263.5432	17.4500	320.0000
263.5156	17.4000	320.0000
263.5000	17.3754	320.0000
263.4836	17.3500	320.0000
263.4500	17.3023	320.0000
263.4482	17.3000	320.0000
263.4082	17.2500	320.0000
263.4000	17.2400	320.0000
263.3639	17.2000	320.0000
263.3500	17.1846	320.0000
263.3144	17.1500	320.0000
263.3000	17.1360	320.0000
263.2563	17.1000	320.0000
263.2500	17.0948	320.0000
263.2000	17.0621	320.0000
263.1752	17.0500	320.0000
263.1500	17.0382	320.0000
263.1000	17.0233	320.0000
263.0500	17.0169	320.0000
263.0000	17.0183	320.0000
262.9500	17.0267	320.0000
262.9000	17.0413	320.0000
262.8785	17.0500	320.0000
262.8500	17.0615	320.0000
262.8000	17.0860	320.0000
262.7746	17.1000	320.0000
262.7500	17.1134	320.0000
262.7000	17.1412	320.0000
262.6831	17.1500	320.0000
262.6500	17.1665	320.0000
262.6000	17.1861	320.0000
262.5500	17.1986	320.0000
262.5344	17.2000	320.0000
262.5000	17.2028	320.0000
262.4500	17.2004	320.0000
262.4476	17.2000	320.0000
262.4000	17.1923	320.0000
262.3500	17.1808	320.0000
262.3000	17.1677	320.0000
262.2500	17.1541	320.0000
262.2345	17.1500	320.0000
262.2000	17.1398	320.0000
262.1500	17.1267	320.0000
262.1000	17.1159	320.0000
262.0500	17.1083	320.0000
262.0000	17.1050	320.0000
261.9500	17.1076	320.0000
261.9000	17.1183	320.0000
261.8500	17.1399	320.0000
261.8347	17.1500	320.0000
261.8000	17.1754	320.0000
261.7755	17.2000	320.0000
261.7500	17.2296	320.0000
261.7353	17.2500	320.0000
261.7044	17.3000	320.0000
261.7000	17.3080	320.0000
261.6772	17.3500	320.0000
261.6510	17.4000	320.0000
261.6500	17.4018	320.0000
261.6171	17.4500	320.0000
261.6000	17.4695	320.0000
261.5630	17.5000	320.0000
261.5500	17.5077	320.0000
261.5000	17.5270	320.0000
261.4500	17.5392	320.0000
261.4000	17.5484	320.0000
261.3916	17.5500	320.0000
261.3500	17.5565	320.0000
261.3000	17.5674	320.0000
261.2500	17.5839	320.0000
261.2172	17.6000	320.0000
261.2000	17.6076	320.0000
261.1500	17.6390	320.0000
261.1369	17.6500	320.0000
261.1000	17.6798	320.0000
261.0806	17.7000	320.0000
261.0500	17.7320	320.0000
261.0358	17.7500	320.0000
261.0000	17.7987	320.0000
260.9992	17.8000	320.0000
260.9698	17.8500	320.0000
260.9500	17.8998	320.0000
260.9499	17.9000	320.0000
260.9424	17.9500	320.0000
260.9500	17.9810	320.0000
260.9547	18.0000	320.0000
260.9949	18.0500	320.0000
261.0000	18.0541	320.0000
261.0500	18.0864	320.0000
261.0785	18.1000	320.0000
261.1000	18.1098	320.0000
261.1500	18.1263	320.0000
261.2000	18.1374	320.0000
261.2500	18.1445	320.0000
261.3000	18.1487	320.0000
261.3333	18.1500	320.0000
261.3500	18.1508	320.0000
> 320 contour -Z320
261.3500	18.0455	320.0000
261.4000	18.0454	320.0000
261.4500	18.0453	320.0000
261.5000	18.0454	320.0000
261.5500	18.0456	320.0000
261.6000	18.0460	320.0000
261.6446	18.0000	320.0000
261.6500	17.9945	320.0000
261.7000	17.9949	320.0000
261.7500	17.9954	320.0000
261.7947	17.9500	320.0000
261.8000	17.9446	320.0000
261.8500	17.9451	320.0000
261.8946	17.9000	320.0000
261.9000	17.8946	320.0000
261.9500	17.8950	320.0000
261.9947	17.8500	320.0000
262.0000	17.8447	320.0000
262.0445	17.8000	320.0000
262.0500	17.7945	320.0000
262.1000	17.7947	320.0000
262.1446	17.7500	320.0000
262.1500	17.7446	320.0000
262.1945	17.7000	320.0000
262.1945	17.6500	320.0000
262.1945	17.6000	320.0000
262.1500	17.5554	320.0000
262.1000	17.5554	320.0000
262.0555	17.6000	320.0000
262.0500	17.6056	320.0000
262.0000	17.6054	320.0000
261.9555	17.6500	320.0000
261.9500	17.6556	320.0000
261.9000	17.6553	320.0000
261.8555	17.7000	320.0000
261.8500	17.7055	320.0000
261.8000	17.7053	320.0000
261.7500	17.7049	320.0000
261.7055	17.7500	320.0000
261.7000	17.7556	320.0000
261.6500	17.7554	320.0000
261.6000	17.7551	320.0000
261.5500	17.7548	320.0000
261.5000	17.7546	320.0000
261.4555	17.8000	320.0000
261.4500	17.8056	320.0000
261.4000	17.8053	320.0000
261.3500	17.8049	320.0000
261.3054	17.8500	320.0000
261.3000	17.8554	320.0000
261.2555	17.9000	320.0000
261.2500	17.9055	320.0000
261.2051	17.9500	320.0000
261.2500	17.9948	320.0000
261.3000	17.9944	320.0000
261.3055	18.0000	320.0000
261.3500	18.0455	320.0000
> 320 contour -Z320
268.1000	16.3279	320.0000
268.0561	16.3000	320.0000
268.0500	16.2961	320.0000
268.0000	16.2643	320.0000
267.9762	16.2500	320.0000
267.9500	16.2336	320.0000
267.9000	16.2048	320.0000
267.8905	16.2000	320.0000
267.8500	16.1779	320.0000
267.8000	16.1549	320.0000
267.7862	16.1500	320.0000
267.7500	16.1359	320.0000
267.7000	16.1232	320.0000
267.6500	16.1183	320.0000
267.6000	16.1228	320.0000
267.5500	16.1386	320.0000
267.5301	16.1500	320.0000
267.5000	16.1674	320.0000
267.4629	16.2000	320.0000
267.4500	16.2121	320.0000
267.4198	16.2500	320.0000
267.4000	16.2781	320.0000
267.3875	16.3000	320.0000
267.3629	16.3500	320.0000
267.3500	16.3821	320.0000
267.3435	16.4000	320.0000
267.3285	16.4500	320.0000
267.3162	16.5000	320.0000
267.3055	16.5500	320.0000
267.3000	16.5773	320.0000
267.2951	16.6000	320.0000
267.2831	16.6500	320.0000
267.2674	16.7000	320.0000
267.2500	16.7401	320.0000
267.2447	16.7500	320.0000
267.2083	16.8000	320.0000
267.2000	16.8086	320.0000
267.1500	16.8475	320.0000
267.1456	16.8500	320.0000
267.1000	16.8726	320.0000
267.0500	16.8904	320.0000
267.0139	16.9000	320.0000
267.0000	16.9037	320.0000
266.9500	16.9147	320.0000
266.9000	16.9250	320.0000
266.8500	16.9362	320.0000
266.8014	16.9500	320.0000
266.8000	16.9505	320.0000
266.7500	16.9758	320.0000
266.7193	17.0000	320.0000
266.7000	17.0286	320.0000
266.6897	17.0500	320.0000
266.6823	17.1000	320.0000
266.6874	17.1500	320.0000
266.7000	17.1943	320.0000
266.7016	17.2000	320.0000
266.7253	17.2500	320.0000
266.7500	17.2895	320.0000
266.7574	17.3000	320.0000
266.8000	17.3487	320.0000
266.8014	17.3500	320.0000
266.8500	17.3905	320.0000
266.8636	17.4000	320.0000
266.9000	17.4232	320.0000
266.9496	17.4500	320.0000
266.9500	17.4502	320.0000
267.0000	17.4748	320.0000
267.0500	17.4983	320.0000
267.0533	17.5000	320.0000
> 320 contour -Z320
273.3044	10.2500	320.0000
273.3270	10.3000	320.0000
273.3500	10.3489	320.0000
273.3505	10.3500	320.0000
273.3790	10.4000	320.0000
273.4000	10.4332	320.0000
273.4113	10.4500	320.0000
273.4492	10.5000	320.0000
273.4500	10.5009	320.0000
273.4959	10.5500	320.0000
273.5000	10.5540	320.0000
273.5500	10.5971	320.0000
273.5539	10.6000	320.0000
273.6000	10.6314	320.0000
273.6328	10.6500	320.0000
273.6500	10.6591	320.0000
273.7000	10.6793	320.0000
273.7500	10.6929	320.0000
273.8000	10.6988	320.0000
273.8500	10.6953	320.0000
273.9000	10.6800	320.0000
273.9494	10.6500	320.0000
273.9500	10.6495	320.0000
273.9900	10.6000	320.0000
274.0000	10.5788	320.0000
274.0109	10.5500	320.0000
274.0189	10.5000	320.0000
274.0175	10.4500	320.0000
274.0081	10.4000	320.0000
274.0000	10.3747	320.0000
273.9912	10.3500	320.0000
273.9678	10.3000	320.0000
273.9500	10.2674	320.0000
273.9395	10.2500	320.0000
273.9078	10.2000	320.0000
273.9000	10.1876	320.0000
273.8745	10.1500	320.0000
273.8500	10.1107	320.0000
273.8428	10.1000	320.0000
273.8136	10.0500	320.0000
273.8000	10.0223	320.0000
273.7884	10.0000	320.0000
273.7662	9.9500	320.0000
273.7500	9.9091	320.0000
273.7463	9.9000	320.0000
273.7246	9.8500	320.0000
273.7017	9.8000	320.0000
> 320 contour -Z320
276.8500	7.7757	320.0000
276.8864	7.8000	320.0000
276.9000	7.8094	320.0000
276.9500	7.8439	320.0000
276.9589	7.8500	320.0000
277.0000	7.8787	320.0000
277.0311	7.9000	320.0000
277.0500	7.9132	320.0000
277.1000	7.9466	320.0000
> 340 contour -Z340
253.6000	21.1280	340.0000
253.6500	21.1249	340.0000
253.7000	21.1245	340.0000
253.7500	21.1266	340.0000
253.8000	21.1306	340.0000
253.8500	21.1360	340.0000
253.9000	21.1426	340.0000
253.9500	21.1498	340.0000
253.9511	21.1500	340.0000
254.0000	21.1576	340.0000
254.0500	21.1651	340.0000
> 340 contour -Z340
254.7225	20.9000	340.0000
254.7500	20.8565	340.0000
254.7537	20.8500	340.0000
254.7843	20.8000	340.0000
254.8000	20.7760	340.0000
254.8161	20.7500	340.0000
254.8500	20.7004	340.0000
254.8502	20.7000	340.0000
254.8865	20.6500	340.0000
254.9000	20.6332	340.0000
254.9258	20.6000	340.0000
254.9500	20.5715	340.0000
254.9677	20.5500	340.0000
255.0000	20.5131	340.0000
255.0112	20.5000	340.0000
255.0500	20.4560	340.0000
255.0552	20.4500	340.0000
255.0988	20.4000	340.0000
255.1000	20.3986	340.0000
255.1415	20.3500	340.0000
255.1500	20.3389	340.0000
255.1839	20.3000	340.0000
255.2000	20.2784	340.0000
255.2272	20.2500	340.0000
255.2500	20.2204	340.0000
255.2748	20.2000	340.0000
255.3000	20.1717	340.0000
255.3500	20.1504	340.0000
255.3523	20.1500	340.0000
255.4000	20.1379	340.0000
255.4500	20.1367	340.0000
255.5000	20.1390	340.0000
255.5500	20.1434	340.0000
255.6000	20.1498	340.0000
255.6012	20.1500	340.0000
255.6500	20.1573	340.0000
255.7000	20.1678	340.0000
255.7500	20.1824	340.0000
255.7936	20.2000	340.0000
255.8000	20.2027	340.0000
255.8500	20.2291	340.0000
255.8797	20.2500	340.0000
255.9000	20.2660	340.0000
255.9350	20.3000	340.0000
255.9500	20.3167	340.0000
255.9761	20.3500	340.0000
256.0000	20.3849	340.0000
256.0095	20.4000	340.0000
256.0388	20.4500	340.0000
256.0500	20.4701	340.0000
256.0664	20.5000	340.0000
256.0932	20.5500	340.0000
256.1000	20.5625	340.0000
256.1213	20.6000	340.0000
256.1500	20.6488	340.0000
256.1508	20.6500	340.0000
256.1845	20.7000	340.0000
256.2000	20.7217	340.0000
256.2235	20.7500	340.0000
> 340 contour -Z340
253.8000	19.8670	340.0000
253.8500	19.8871	340.0000
253.8826	19.9000	340.0000
253.9000	19.9070	340.0000
253.9500	19.9265	340.0000
254.0000	19.9453	340.0000
254.0129	19.9500	340.0000
254.0500	19.9635	340.0000
254.1000	19.9807	340.0000
254.1500	19.9968	340.0000
254.1606	20.0000	340.0000
254.2000	20.0118	340.0000
254.2500	20.0252	340.0000
254.3000	20.0371	340.0000
254.3500	20.0473	340.0000
254.3660	20.0500	340.0000
254.4000	20.0559	340.0000
254.4500	20.0628	340.0000
254.5000	20.0681	340.0000
254.5500	20.0720	340.0000
254.6000	20.0748	340.0000
254.6500	20.0768	340.0000
254.7000	20.0783	340.0000
254.7500	20.0795	340.0000
254.8000	20.0808	340.0000
254.8500	20.0822	340.0000
254.9000	20.0838	340.0000
254.9500	20.0857	340.0000
255.0000	20.0877	340.0000
255.0500	20.0898	340.0000
255.1000	20.0916	340.0000
255.1500	20.0929	340.0000
255.2000	20.0930	340.0000
255.2500	20.0904	340.0000
255.3000	20.0807	340.0000
255.3428	20.0500	340.0000
255.3500	20.0464	340.0000
255.4000	20.0058	340.0000
255.4049	20.0000	340.0000
255.4500	19.9660	340.0000
255.4680	19.9500	340.0000
255.5000	19.9295	340.0000
255.5443	19.9000	340.0000
255.5500	19.8970	340.0000
255.6000	19.8749	340.0000
255.6500	19.8553	340.0000
255.6684	19.8500	340.0000
255.7000	19.8430	340.0000
255.7500	19.8368	340.0000
255.8000	19.8361	340.0000
255.8500	19.8414	340.0000
255.8876	19.8500	340.0000
255.9000	19.8539	340.0000
255.9500	19.8758	340.0000
255.9970	19.9000	340.0000
256.0000	19.9019	340.0000
256.0500	19.9361	340.0000
256.0701	19.9500	340.0000
256.1000	19.9721	340.0000
256.1398	20.0000	340.0000
256.1500	20.0071	340.0000
256.2000	20.0413	340.0000
256.2128	20.0500	340.0000
256.2500	20.0740	340.0000
256.2923	20.1000	340.0000
256.3000	20.1045	340.0000
256.3500	20.1360	340.0000
256.3714	20.1500	340.0000
256.4000	20.1684	340.0000
256.4463	20.2000	340.0000
256.4500	20.2026	340.0000
256.5000	20.2429	340.0000
256.5077	20.2500	340.0000
256.5500	20.2915	340.0000
256.5574	20.3000	340.0000
256.5964	20.3500	340.0000
256.6000	20.3555	340.0000
256.6243	20.4000	340.0000
256.6474	20.4500	340.0000
256.6500	20.4578	340.0000
256.6619	20.5000	340.0000
256.6714	20.5500	340.0000
> 340 contour -Z340
261.2000	18.0647	340.0000
261.2500	18.0753	340.0000
261.3000	18.0824	340.0000
261.3500	18.0866	340.0000
261.4000	18.0882	340.0000
261.4500	18.0876	340.0000
261.5000	18.0850	340.0000
261.5500	18.0806	340.0000
261.6000	18.0746	340.0000
261.6500	18.0672	340.0000
261.7000	18.0585	340.0000
261.7448	18.0500	340.0000
261.7500	18.0489	340.0000
261.8000	18.0390	340.0000
261.8500	18.0291	340.0000
261.9000	18.0192	340.0000
261.9500	18.0089	340.0000
261.9905	18.0000	340.0000
262.0000	17.9976	340.0000
262.0500	17.9845	340.0000
262.1000	17.9699	340.0000
262.1500	17.9533	340.0000
262.1587	17.9500	340.0000
262.2000	17.9331	340.0000
262.2500	17.9108	340.0000
262.2725	17.9000	340.0000
262.3000	17.8854	340.0000
262.3500	17.8580	340.0000
262.3644	17.8500	340.0000
262.4000	17.8274	340.0000
262.4443	17.8000	340.0000
262.4500	17.7957	340.0000
262.5000	17.7607	340.0000
262.5169	17.7500	340.0000
262.5500	17.7225	340.0000
262.5817	17.7000	340.0000
262.6000	17.6814	340.0000
262.6397	17.6500	340.0000
262.6500	17.6372	340.0000
262.6946	17.6000	340.0000
262.7000	17.5920	340.0000
262.7500	17.5530	340.0000
262.7583	17.5500	340.0000
262.8000	17.5222	340.0000
262.8500	17.5143	340.0000
262.9000	17.5115	340.0000
262.9500	17.5082	340.0000
263.0000	17.5019	340.0000
263.0080	17.5000	340.0000
263.0500	17.4739	340.0000
263.0707	17.4500	340.0000
263.0500	17.4213	340.0000
263.0242	17.4000	340.0000
263.0000	17.3936	340.0000
262.9500	17.3917	340.0000
262.9000	17.3990	340.0000
262.8965	17.4000	340.0000
262.8500	17.4244	340.0000
262.8000	17.4429	340.0000
262.7611	17.4500	340.0000
262.7500	17.4541	340.0000
262.7000	17.4537	340.0000
262.6882	17.4500	340.0000
262.6500	17.4457	340.0000
262.6000	17.4345	340.0000
262.5500	17.4193	340.0000
262.5000	17.4013	340.0000
262.4969	17.4000	340.0000
262.4500	17.3851	340.0000
262.4000	17.3685	340.0000
262.3500	17.3521	340.0000
262.3431	17.3500	340.0000
262.3000	17.3384	340.0000
262.2500	17.3269	340.0000
262.2000	17.3181	340.0000
262.1500	17.3131	340.0000
262.1000	17.3129	340.0000
262.0500	17.3187	340.0000
262.0000	17.3324	340.0000
261.9624	17.3500	340.0000
261.9500	17.3566	340.0000
261.9000	17.3949	340.0000
261.8950	17.4000	340.0000
261.8502	17.4500	340.0000
261.8500	17.4502	340.0000
261.8128	17.5000	340.0000
261.8000	17.5156	340.0000
261.7732	17.5500	340.0000
261.7500	17.5739	340.0000
261.7225	17.6000	340.0000
261.7000	17.6160	340.0000
261.6500	17.6444	340.0000
261.6367	17.6500	340.0000
261.6000	17.6621	340.0000
261.5500	17.6737	340.0000
261.5000	17.6823	340.0000
261.4500	17.6898	340.0000
261.4000	17.6980	340.0000
261.3903	17.7000	340.0000
261.3500	17.7080	340.0000
261.3000	17.7217	340.0000
261.2500	17.7409	340.0000
261.2323	17.7500	340.0000
261.2000	17.7672	340.0000
261.1528	17.8000	340.0000
261.1500	17.8022	340.0000
261.1008	17.8500	340.0000
261.1000	17.8511	340.0000
261.0688	17.9000	340.0000
261.0563	17.9500	340.0000
261.0761	18.0000	340.0000
261.1000	18.0192	340.0000
261.1500	18.0496	340.0000
261.1509	18.0500	340.0000
261.2000	18.0647	340.0000
> 340 contour -Z340
261.3500	18.0484	340.0000
261.4000	18.0482	340.0000
261.4500	18.0482	340.0000
261.5000	18.0483	340.0000
261.5500	18.0485	340.0000
261.6000	18.0489	340.0000
261.6474	18.0000	340.0000
261.6500	17.9973	340.0000
261.7000	17.9978	340.0000
261.7500	17.9983	340.0000
261.7975	17.9500	340.0000
261.8000	17.9475	340.0000
261.8500	17.9479	340.0000
261.8974	17.9000	340.0000
261.9000	17.8974	340.0000
261.9500	17.8978	340.0000
261.9975	17.8500	340.0000
262.0000	17.8475	340.0000
262.0473	17.8000	340.0000
262.0500	17.7973	340.0000
262.1000	17.7975	340.0000
262.1474	17.7500	340.0000
262.1500	17.7474	340.0000
262.1973	17.7000	340.0000
262.1972	17.6500	340.0000
262.1973	17.6000	340.0000
262.1500	17.5526	340.0000
262.1000	17.5526	340.0000
262.0528	17.6000	340.0000
262.0500	17.6028	340.0000
262.0000	17.6026	340.0000
261.9528	17.6500	340.0000
261.9500	17.6528	340.0000
261.9000	17.6525	340.0000
261.8527	17.7000	340.0000
261.8500	17.7027	340.0000
261.8000	17.7025	340.0000
261.7500	17.7021	340.0000
261.7027	17.7500	340.0000
261.7000	17.7528	340.0000
261.6500	17.7525	340.0000
261.6000	17.7522	340.0000
261.5500	17.7520	340.0000
261.5000	17.7517	340.0000
261.4527	17.8000	340.0000
261.4500	17.8027	340.0000
261.4000	17.8024	340.0000
261.3500	17.8021	340.0000
261.3026	17.8500	340.0000
261.3000	17.8526	340.0000
261.2527	17.9000	340.0000
261.2500	17.9027	340.0000
261.2023	17.9500	340.0000
261.2500	17.9977	340.0000
261.3000	17.9973	340.0000
261.3027	18.0000	340.0000
261.3500	18.0484	340.0000
