> 20 contour -Z20
253.9888	21.2500	20.0000
254.0000	21.2281	20.0000
254.0143	21.2000	20.0000
254.0381	21.1500	20.0000
254.0500	21.1227	20.0000
254.0601	21.1000	20.0000
254.0804	21.0500	20.0000
254.0989	21.0000	20.0000
254.1000	20.9966	20.0000
254.1163	20.9500	20.0000
254.1321	20.9000	20.0000
254.1466	20.8500	20.0000
254.1500	20.8370	20.0000
254.1606	20.8000	20.0000
254.1737	20.7500	20.0000
254.1860	20.7000	20.0000
254.1976	20.6500	20.0000
254.2000	20.6391	20.0000
254.2096	20.6000	20.0000
254.2214	20.5500	20.0000
254.2329	20.5000	20.0000
254.2441	20.4500	20.0000
254.2500	20.4239	20.0000
254.2560	20.4000	20.0000
254.2684	20.3500	20.0000
254.2807	20.3000	20.0000
254.2930	20.2500	20.0000
254.3000	20.2223	20.0000
254.3060	20.2000	20.0000
254.3198	20.1500	20.0000
254.3338	20.1000	20.0000
254.3483	20.0500	20.0000
254.3500	20.0445	20.0000
254.3645	20.0000	20.0000
254.3816	19.9500	20.0000
254.3999	19.9000	20.0000
254.4000	19.8998	20.0000
254.4207	19.8500	20.0000
254.4431	19.8000	20.0000
254.4500	19.7862	20.0000
254.4682	19.7500	20.0000
254.4956	19.7000	20.0000
254.5000	19.6928	20.0000
254.5262	19.6500	20.0000
254.5500	19.6143	20.0000
254.5596	19.6000	20.0000
254.5960	19.5500	20.0000
254.6000	19.5449	20.0000
254.6356	19.5000	20.0000
254.6500	19.4831	20.0000
254.6781	19.4500	20.0000
254.7000	19.4257	20.0000
254.7231	19.4000	20.0000
254.7500	19.3718	20.0000
254.7705	19.3500	20.0000
254.8000	19.3203	20.0000
254.8198	19.3000	20.0000
254.8500	19.2706	20.0000
254.8708	19.2500	20.0000
254.9000	19.2223	20.0000
254.9231	19.2000	20.0000
254.9500	19.1752	20.0000
254.9769	19.1500	20.0000
255.0000	19.1292	20.0000
255.0323	19.1000	20.0000
255.0500	19.0845	20.0000
255.0895	19.0500	20.0000
255.1000	19.0411	20.0000
255.1489	19.0000	20.0000
255.1500	18.9991	20.0000
255.2000	18.9585	20.0000
255.2106	18.9500	20.0000
255.2500	18.9191	20.0000
255.2749	18.9000	20.0000
255.3000	18.8810	20.0000
255.3420	18.8500	20.0000
255.3500	18.8442	20.0000
255.4000	18.8086	20.0000
255.4124	18.8000	20.0000
255.4500	18.7743	20.0000
255.4864	18.7500	20.0000
255.5000	18.7410	20.0000
255.5500	18.7090	20.0000
255.5644	18.7000	20.0000
255.6000	18.6780	20.0000
255.6465	18.6500	20.0000
255.6500	18.6479	20.0000
255.7000	18.6186	20.0000
255.7324	18.6000	20.0000
255.7500	18.5900	20.0000
255.8000	18.5620	20.0000
255.8217	18.5500	20.0000
255.8500	18.5344	20.0000
255.9000	18.5072	20.0000
255.9133	18.5000	20.0000
255.9500	18.4801	20.0000
256.0000	18.4535	20.0000
256.0065	18.4500	20.0000
256.0500	18.4267	20.0000
256.1000	18.4004	20.0000
256.1008	18.4000	20.0000
256.1500	18.3740	20.0000
256.1966	18.3500	20.0000
256.2000	18.3482	20.0000
256.2500	18.3224	20.0000
256.2948	18.3000	20.0000
256.3000	18.2973	20.0000
256.3500	18.2723	20.0000
256.3963	18.2500	20.0000
256.4000	18.2481	20.0000
256.4500	18.2240	20.0000
256.5000	18.2007	20.0000
256.5016	18.2000	20.0000
256.5500	18.1774	20.0000
256.6000	18.1549	20.0000
256.6111	18.1500	20.0000
256.6500	18.1324	20.0000
256.7000	18.1107	20.0000
256.7253	18.1000	20.0000
256.7500	18.0893	20.0000
256.8000	18.0684	20.0000
256.8457	18.0500	20.0000
256.8500	18.0482	20.0000
256.9000	18.0284	20.0000
256.9500	18.0095	20.0000
256.9762	18.0000	20.0000
257.0000	17.9911	20.0000
257.0500	17.9735	20.0000
257.1000	17.9566	20.0000
257.1203	17.9500	20.0000
257.1500	17.9402	20.0000
257.2000	17.9244	20.0000
257.2500	17.9091	20.0000
257.2810	17.9000	20.0000
257.3000	17.8942	20.0000
257.3500	17.8796	20.0000
257.4000	17.8651	20.0000
257.4500	17.8506	20.0000
257.4522	17.8500	20.0000
257.5000	17.8361	20.0000
257.5500	17.8214	20.0000
257.6000	17.8066	20.0000
257.6221	17.8000	20.0000
257.6500	17.7916	20.0000
257.7000	17.7765	20.0000
257.7500	17.7614	20.0000
257.7883	17.7500	20.0000
257.8000	17.7465	20.0000
257.8500	17.7320	20.0000
257.9000	17.7180	20.0000
257.9500	17.7046	20.0000
257.9688	17.7000	20.0000
258.0000	17.6924	20.0000
258.0500	17.6814	20.0000
258.1000	17.6720	20.0000
258.1500	17.6643	20.0000
258.2000	17.6588	20.0000
258.2500	17.6560	20.0000
258.3000	17.6564	20.0000
258.3500	17.6609	20.0000
258.4000	17.6701	20.0000
258.4500	17.6852	20.0000
258.4847	17.7000	20.0000
258.5000	17.7075	20.0000
258.5500	17.7388	20.0000
258.5646	17.7500	20.0000
258.6000	17.7808	20.0000
258.6191	17.8000	20.0000
258.6500	17.8354	20.0000
258.6615	17.8500	20.0000
258.6955	17.9000	20.0000
258.7000	17.9079	20.0000
258.7221	17.9500	20.0000
258.7427	18.0000	20.0000
258.7500	18.0239	20.0000
258.7575	18.0500	20.0000
258.7675	18.1000	20.0000
258.7746	18.1500	20.0000
258.7803	18.2000	20.0000
258.7872	18.2500	20.0000
258.7993	18.3000	20.0000
258.8000	18.3016	20.0000
258.8186	18.3500	20.0000
258.8500	18.3959	20.0000
258.8525	18.4000	20.0000
258.8970	18.4500	20.0000
258.9000	18.4525	20.0000
258.9482	18.5000	20.0000
258.9500	18.5014	20.0000
259.0000	18.5484	20.0000
259.0015	18.5500	20.0000
259.0500	18.5952	20.0000
259.0546	18.6000	20.0000
259.1000	18.6427	20.0000
259.1069	18.6500	20.0000
259.1500	18.6917	20.0000
259.1578	18.7000	20.0000
259.2000	18.7430	20.0000
259.2064	18.7500	20.0000
259.2500	18.7977	20.0000
259.2519	18.8000	20.0000
259.2939	18.8500	20.0000
259.3000	18.8576	20.0000
259.3326	18.9000	20.0000
259.3500	18.9239	20.0000
259.3692	18.9500	20.0000
259.4000	18.9937	20.0000
259.4049	19.0000	20.0000
259.4456	19.0500	20.0000
259.4500	19.0549	20.0000
259.5000	19.0928	20.0000
259.5214	19.1000	20.0000
259.5500	19.1076	20.0000
259.6000	19.1075	20.0000
259.6436	19.1000	20.0000
259.6500	19.0989	20.0000
259.7000	19.0850	20.0000
259.7500	19.0695	20.0000
259.8000	19.0536	20.0000
259.8110	19.0500	20.0000
259.8500	19.0368	20.0000
259.9000	19.0197	20.0000
259.9500	19.0022	20.0000
259.9557	19.0000	20.0000
260.0000	18.9826	20.0000
260.0500	18.9617	20.0000
260.0761	18.9500	20.0000
260.1000	18.9387	20.0000
260.1500	18.9138	20.0000
260.1773	18.9000	20.0000
260.2000	18.8878	20.0000
260.2500	18.8615	20.0000
260.2730	18.8500	20.0000
260.3000	18.8358	20.0000
260.3500	18.8116	20.0000
260.3765	18.8000	20.0000
260.4000	18.7892	20.0000
260.4500	18.7686	20.0000
260.5000	18.7502	20.0000
260.5004	18.7500	20.0000
260.5500	18.7323	20.0000
260.6000	18.7159	20.0000
260.6500	18.7006	20.0000
260.6520	18.7000	20.0000
260.7000	18.6854	20.0000
260.7500	18.6710	20.0000
260.8000	18.6573	20.0000
260.8264	18.6500	20.0000
260.8500	18.6433	20.0000
260.9000	18.6288	20.0000
260.9500	18.6135	20.0000
260.9914	18.6000	20.0000
261.0000	18.5971	20.0000
261.0500	18.5787	20.0000
261.1000	18.5595	20.0000
261.1241	18.5500	20.0000
261.1500	18.5395	20.0000
261.2000	18.5191	20.0000
261.2486	18.5000	20.0000
261.2500	18.4994	20.0000
261.3000	18.4796	20.0000
261.3500	18.4611	20.0000
261.3813	18.4500	20.0000
261.4000	18.4432	20.0000
261.4500	18.4258	20.0000
261.5000	18.4092	20.0000
261.5280	18.4000	20.0000
261.5500	18.3926	20.0000
261.6000	18.3759	20.0000
261.6500	18.3593	20.0000
261.6774	18.3500	20.0000
261.7000	18.3420	20.0000
261.7500	18.3241	20.0000
261.8000	18.3062	20.0000
261.8169	18.3000	20.0000
261.8500	18.2872	20.0000
261.9000	18.2680	20.0000
261.9480	18.2500	20.0000
261.9500	18.2492	20.0000
262.0000	18.2293	20.0000
262.0500	18.2108	20.0000
262.0811	18.2000	20.0000
262.1000	18.1927	20.0000
262.1500	18.1751	20.0000
262.2000	18.1591	20.0000
262.2305	18.1500	20.0000
262.2500	18.1436	20.0000
262.3000	18.1278	20.0000
262.3500	18.1124	20.0000
262.3891	18.1000	20.0000
262.4000	18.0962	20.0000
262.4500	18.0776	20.0000
262.5000	18.0578	20.0000
262.5181	18.0500	20.0000
262.5500	18.0346	20.0000
262.6000	18.0087	20.0000
262.6155	18.0000	20.0000
262.6500	17.9782	20.0000
262.6926	17.9500	20.0000
262.7000	17.9444	20.0000
262.7500	17.9059	20.0000
262.7577	17.9000	20.0000
262.8000	17.8630	20.0000
262.8155	17.8500	20.0000
262.8500	17.8167	20.0000
262.8686	17.8000	20.0000
262.9000	17.7671	20.0000
262.9181	17.7500	20.0000
262.9500	17.7141	20.0000
262.9643	17.7000	20.0000
263.0000	17.6569	20.0000
263.0068	17.6500	20.0000
263.0461	17.6000	20.0000
263.0500	17.5939	20.0000
263.0847	17.5500	20.0000
263.1000	17.5259	20.0000
263.1228	17.5000	20.0000
263.1500	17.4624	20.0000
263.1660	17.4500	20.0000
263.2000	17.4186	20.0000
263.2500	17.4094	20.0000
263.3000	17.4399	20.0000
263.3081	17.4500	20.0000
263.3500	17.4931	20.0000
263.3556	17.5000	20.0000
263.4000	17.5416	20.0000
263.4102	17.5500	20.0000
263.4500	17.5752	20.0000
263.5000	17.5959	20.0000
263.5214	17.6000	20.0000
263.5500	17.6045	20.0000
263.6000	17.6035	20.0000
263.6189	17.6000	20.0000
263.6500	17.5938	20.0000
263.7000	17.5757	20.0000
263.7492	17.5500	20.0000
263.7500	17.5495	20.0000
263.8000	17.5108	20.0000
263.8119	17.5000	20.0000
263.8500	17.4552	20.0000
263.8541	17.4500	20.0000
263.8832	17.4000	20.0000
263.9000	17.3568	20.0000
263.9027	17.3500	20.0000
263.9144	17.3000	20.0000
263.9194	17.2500	20.0000
263.9189	17.2000	20.0000
263.9141	17.1500	20.0000
263.9071	17.1000	20.0000
263.9014	17.0500	20.0000
263.9034	17.0000	20.0000
263.9257	16.9500	20.0000
263.9500	16.9279	20.0000
263.9953	16.9000	20.0000
264.0000	16.8980	20.0000
264.0500	16.8802	20.0000
264.1000	16.8672	20.0000
264.1500	16.8578	20.0000
264.2000	16.8509	20.0000
264.2091	16.8500	20.0000
264.2500	16.8459	20.0000
264.3000	16.8427	20.0000
264.3500	16.8407	20.0000
264.4000	16.8396	20.0000
264.4500	16.8390	20.0000
264.5000	16.8382	20.0000
264.5500	16.8369	20.0000
264.6000	16.8346	20.0000
264.6500	16.8308	20.0000
264.7000	16.8251	20.0000
264.7500	16.8174	20.0000
264.8000	16.8073	20.0000
264.8292	16.8000	20.0000
264.8500	16.7945	20.0000
264.9000	16.7787	20.0000
264.9500	16.7605	20.0000
264.9759	16.7500	20.0000
265.0000	16.7393	20.0000
265.0500	16.7154	20.0000
265.0805	16.7000	20.0000
265.1000	16.6890	20.0000
265.1500	16.6600	20.0000
265.1671	16.6500	20.0000
265.2000	16.6280	20.0000
265.2428	16.6000	20.0000
265.2500	16.5944	20.0000
265.3000	16.5571	20.0000
265.3100	16.5500	20.0000
265.3500	16.5157	20.0000
265.3696	16.5000	20.0000
265.4000	16.4693	20.0000
265.4211	16.4500	20.0000
265.4500	16.4141	20.0000
265.4629	16.4000	20.0000
265.4911	16.3500	20.0000
265.4944	16.3000	20.0000
265.4500	16.2598	20.0000
265.4345	16.2500	20.0000
265.4000	16.2394	20.0000
265.3500	16.2264	20.0000
265.3000	16.2157	20.0000
265.2500	16.2072	20.0000
265.2000	16.2009	20.0000
265.1892	16.2000	20.0000
265.1500	16.1973	20.0000
265.1000	16.1956	20.0000
265.0500	16.1961	20.0000
265.0000	16.1987	20.0000
264.9871	16.2000	20.0000
264.9500	16.2037	20.0000
264.9000	16.2108	20.0000
264.8500	16.2198	20.0000
264.8000	16.2305	20.0000
264.7500	16.2428	20.0000
264.7238	16.2500	20.0000
264.7000	16.2567	20.0000
264.6500	16.2720	20.0000
264.6000	16.2881	20.0000
264.5645	16.3000	20.0000
264.5500	16.3051	20.0000
264.5000	16.3231	20.0000
264.4500	16.3408	20.0000
264.4234	16.3500	20.0000
264.4000	16.3588	20.0000
264.3500	16.3766	20.0000
264.3000	16.3930	20.0000
264.2766	16.4000	20.0000
264.2500	16.4090	20.0000
264.2000	16.4241	20.0000
264.1500	16.4373	20.0000
264.1000	16.4490	20.0000
264.0954	16.4500	20.0000
264.0500	16.4613	20.0000
264.0000	16.4723	20.0000
263.9500	16.4822	20.0000
263.9000	16.4910	20.0000
263.8500	16.4988	20.0000
263.8411	16.5000	20.0000
263.8000	16.5070	20.0000
263.7500	16.5138	20.0000
263.7000	16.5188	20.0000
263.6500	16.5217	20.0000
263.6000	16.5228	20.0000
263.5500	16.5222	20.0000
263.5000	16.5202	20.0000
263.4500	16.5170	20.0000
263.4000	16.5131	20.0000
263.3500	16.5088	20.0000
263.3000	16.5043	20.0000
263.2500	16.5001	20.0000
263.2493	16.5000	20.0000
263.2000	16.4962	20.0000
263.1500	16.4928	20.0000
263.1000	16.4901	20.0000
263.0500	16.4884	20.0000
263.0000	16.4879	20.0000
262.9500	16.4886	20.0000
262.9000	16.4907	20.0000
262.8500	16.4941	20.0000
262.8000	16.4987	20.0000
262.7875	16.5000	20.0000
262.7500	16.5032	20.0000
262.7000	16.5074	20.0000
262.6500	16.5108	20.0000
262.6000	16.5126	20.0000
262.5500	16.5112	20.0000
262.5000	16.5041	20.0000
262.4858	16.5000	20.0000
262.4500	16.4700	20.0000
262.4373	16.4500	20.0000
262.4439	16.4000	20.0000
262.4500	16.3896	20.0000
262.4712	16.3500	20.0000
262.5000	16.3146	20.0000
262.5110	16.3000	20.0000
262.5500	16.2617	20.0000
262.5613	16.2500	20.0000
262.6000	16.2183	20.0000
262.6213	16.2000	20.0000
262.6500	16.1798	20.0000
262.6903	16.1500	20.0000
262.7000	16.1440	20.0000
262.7500	16.1118	20.0000
262.7673	16.1000	20.0000
262.8000	16.0813	20.0000
262.8500	16.0509	20.0000
262.8514	16.0500	20.0000
262.9000	16.0242	20.0000
262.9437	16.0000	20.0000
262.9500	15.9970	20.0000
263.0000	15.9735	20.0000
263.0496	15.9500	20.0000
263.0500	15.9499	20.0000
263.1000	15.9304	20.0000
263.1500	15.9118	20.0000
263.1836	15.9000	20.0000
263.2000	15.8951	20.0000
263.2500	15.8813	20.0000
263.3000	15.8687	20.0000
263.3500	15.8574	20.0000
263.3864	15.8500	20.0000
263.4000	15.8476	20.0000
263.4500	15.8397	20.0000
263.5000	15.8327	20.0000
263.5500	15.8265	20.0000
263.6000	15.8208	20.0000
263.6500	15.8156	20.0000
263.7000	15.8106	20.0000
263.7500	15.8057	20.0000
263.8000	15.8007	20.0000
263.8066	15.8000	20.0000
263.8500	15.7958	20.0000
263.9000	15.7906	20.0000
263.9500	15.7848	20.0000
264.0000	15.7782	20.0000
264.0500	15.7707	20.0000
264.1000	15.7620	20.0000
264.1500	15.7521	20.0000
264.1595	15.7500	20.0000
264.2000	15.7417	20.0000
264.2500	15.7303	20.0000
264.3000	15.7177	20.0000
264.3500	15.7037	20.0000
264.3628	15.7000	20.0000
264.4000	15.6897	20.0000
264.4500	15.6752	20.0000
264.5000	15.6597	20.0000
264.5299	15.6500	20.0000
264.5500	15.6438	20.0000
264.6000	15.6281	20.0000
264.6500	15.6114	20.0000
264.6823	15.6000	20.0000
264.7000	15.5940	20.0000
264.7500	15.5765	20.0000
264.8000	15.5575	20.0000
264.8184	15.5500	20.0000
264.8500	15.5377	20.0000
264.9000	15.5167	20.0000
264.9360	15.5000	20.0000
264.9500	15.4937	20.0000
265.0000	15.4700	20.0000
265.0382	15.4500	20.0000
265.0500	15.4440	20.0000
265.1000	15.4172	20.0000
265.1300	15.4000	20.0000
265.1500	15.3888	20.0000
265.2000	15.3596	20.0000
265.2158	15.3500	20.0000
265.2500	15.3301	20.0000
265.2997	15.3000	20.0000
265.3000	15.2998	20.0000
265.3500	15.2711	20.0000
265.3863	15.2500	20.0000
265.4000	15.2423	20.0000
265.4500	15.2151	20.0000
265.4783	15.2000	20.0000
265.5000	15.1888	20.0000
265.5500	15.1640	20.0000
265.5793	15.1500	20.0000
265.6000	15.1403	20.0000
265.6500	15.1180	20.0000
265.6915	15.1000	20.0000
265.7000	15.0963	20.0000
265.7500	15.0759	20.0000
265.8000	15.0555	20.0000
265.8142	15.0500	20.0000
265.8500	15.0358	20.0000
265.9000	15.0159	20.0000
265.9392	15.0000	20.0000
265.9500	14.9955	20.0000
266.0000	14.9755	20.0000
266.0500	14.9543	20.0000
266.0609	14.9500	20.0000
266.1000	14.9342	20.0000
266.1500	14.9143	20.0000
266.1869	14.9000	20.0000
266.2000	14.8951	20.0000
266.2500	14.8798	20.0000
266.3000	14.8669	20.0000
266.3500	14.8578	20.0000
266.4000	14.8551	20.0000
266.4500	14.8635	20.0000
266.5000	14.8937	20.0000
266.5067	14.9000	20.0000
266.5000	14.9146	20.0000
266.4907	14.9500	20.0000
266.4527	15.0000	20.0000
266.4500	15.0024	20.0000
266.4120	15.0500	20.0000
266.4000	15.0628	20.0000
266.3732	15.1000	20.0000
266.3500	15.1305	20.0000
266.3380	15.1500	20.0000
266.3063	15.2000	20.0000
266.3000	15.2096	20.0000
266.2773	15.2500	20.0000
266.2509	15.3000	20.0000
266.2500	15.3016	20.0000
266.2262	15.3500	20.0000
266.2032	15.4000	20.0000
266.2000	15.4071	20.0000
266.1814	15.4500	20.0000
266.1605	15.5000	20.0000
266.1500	15.5261	20.0000
266.1402	15.5500	20.0000
266.1203	15.6000	20.0000
266.1000	15.6496	20.0000
266.0998	15.6500	20.0000
266.0791	15.7000	20.0000
266.0561	15.7500	20.0000
266.0500	15.7635	20.0000
266.0313	15.8000	20.0000
266.0014	15.8500	20.0000
266.0000	15.8525	20.0000
265.9733	15.9000	20.0000
265.9500	15.9381	20.0000
265.9429	15.9500	20.0000
265.9252	16.0000	20.0000
265.9500	16.0445	20.0000
266.0000	16.0195	20.0000
266.0240	16.0000	20.0000
266.0500	15.9809	20.0000
266.0865	15.9500	20.0000
266.1000	15.9407	20.0000
266.1500	15.9062	20.0000
266.1594	15.9000	20.0000
266.2000	15.8781	20.0000
266.2500	15.8564	20.0000
266.2648	15.8500	20.0000
266.3000	15.8364	20.0000
266.3500	15.8175	20.0000
266.3954	15.8000	20.0000
266.4000	15.7983	20.0000
266.4500	15.7758	20.0000
266.5000	15.7521	20.0000
266.5037	15.7500	20.0000
266.5500	15.7234	20.0000
266.5882	15.7000	20.0000
266.6000	15.6924	20.0000
266.6500	15.6571	20.0000
266.6594	15.6500	20.0000
266.7000	15.6173	20.0000
266.7207	15.6000	20.0000
266.7500	15.5734	20.0000
266.7752	15.5500	20.0000
266.8000	15.5243	20.0000
266.8234	15.5000	20.0000
266.8500	15.4686	20.0000
266.8658	15.4500	20.0000
266.9000	15.4036	20.0000
266.9027	15.4000	20.0000
266.9325	15.3500	20.0000
266.9500	15.3137	20.0000
266.9568	15.3000	20.0000
266.9730	15.2500	20.0000
266.9808	15.2000	20.0000
266.9773	15.1500	20.0000
266.9594	15.1000	20.0000
266.9500	15.0839	20.0000
266.9221	15.0500	20.0000
266.9000	15.0262	20.0000
266.8669	15.0000	20.0000
266.8500	14.9838	20.0000
266.8038	14.9500	20.0000
266.8000	14.9454	20.0000
266.7500	14.9000	20.0000
266.7500	14.8999	20.0000
266.7307	14.8500	20.0000
266.7500	14.8192	20.0000
266.7574	14.8000	20.0000
266.7999	14.7500	20.0000
266.8000	14.7499	20.0000
266.8445	14.7000	20.0000
266.8500	14.6949	20.0000
266.8889	14.6500	20.0000
266.9000	14.6387	20.0000
266.9322	14.6000	20.0000
266.9500	14.5805	20.0000
266.9745	14.5500	20.0000
267.0000	14.5209	20.0000
267.0166	14.5000	20.0000
267.0500	14.4616	20.0000
267.0593	14.4500	20.0000
267.1000	14.4045	20.0000
267.1038	14.4000	20.0000
267.1500	14.3511	20.0000
267.1509	14.3500	20.0000
267.2000	14.3016	20.0000
267.2016	14.3000	20.0000
267.2500	14.2560	20.0000
267.2564	14.2500	20.0000
267.3000	14.2135	20.0000
267.3159	14.2000	20.0000
267.3500	14.1737	20.0000
267.3802	14.1500	20.0000
267.4000	14.1359	20.0000
267.4497	14.1000	20.0000
267.4500	14.0998	20.0000
267.5000	14.0669	20.0000
267.5255	14.0500	20.0000
267.5500	14.0349	20.0000
267.6000	14.0041	20.0000
267.6067	14.0000	20.0000
267.6500	13.9753	20.0000
267.6937	13.9500	20.0000
267.7000	13.9465	20.0000
267.7500	13.9195	20.0000
267.7852	13.9000	20.0000
267.8000	13.8923	20.0000
267.8500	13.8660	20.0000
267.8798	13.8500	20.0000
267.9000	13.8397	20.0000
267.9500	13.8139	20.0000
267.9761	13.8000	20.0000
268.0000	13.7881	20.0000
268.0500	13.7624	20.0000
268.0735	13.7500	20.0000
268.1000	13.7368	20.0000
268.1500	13.7113	20.0000
268.1714	13.7000	20.0000
268.2000	13.6858	20.0000
268.2500	13.6603	20.0000
268.2697	13.6500	20.0000
268.3000	13.6351	20.0000
268.3500	13.6100	20.0000
268.3696	13.6000	20.0000
268.4000	13.5854	20.0000
268.4500	13.5611	20.0000
268.4728	13.5500	20.0000
268.5000	13.5374	20.0000
268.5500	13.5144	20.0000
268.5813	13.5000	20.0000
268.6000	13.4917	20.0000
268.6500	13.4700	20.0000
268.6955	13.4500	20.0000
268.7000	13.4481	20.0000
268.7500	13.4274	20.0000
268.8000	13.4062	20.0000
268.8147	13.4000	20.0000
268.8500	13.3856	20.0000
268.9000	13.3649	20.0000
268.9351	13.3500	20.0000
268.9500	13.3439	20.0000
269.0000	13.3235	20.0000
269.0500	13.3021	20.0000
269.0550	13.3000	20.0000
269.1000	13.2818	20.0000
269.1500	13.2608	20.0000
269.1752	13.2500	20.0000
269.2000	13.2400	20.0000
269.2500	13.2196	20.0000
269.2960	13.2000	20.0000
269.3000	13.1984	20.0000
269.3500	13.1789	20.0000
269.4000	13.1586	20.0000
269.4212	13.1500	20.0000
269.4500	13.1391	20.0000
269.5000	13.1202	20.0000
269.5500	13.1005	20.0000
269.5513	13.1000	20.0000
269.6000	13.0827	20.0000
269.6500	13.0641	20.0000
269.6863	13.0500	20.0000
269.7000	13.0451	20.0000
269.7500	13.0270	20.0000
269.8000	13.0072	20.0000
269.8171	13.0000	20.0000
269.8500	12.9876	20.0000
269.9000	12.9671	20.0000
269.9384	12.9500	20.0000
269.9500	12.9454	20.0000
270.0000	12.9241	20.0000
270.0500	12.9010	20.0000
270.0521	12.9000	20.0000
270.1000	12.8791	20.0000
270.1500	12.8562	20.0000
270.1632	12.8500	20.0000
270.2000	12.8341	20.0000
270.2500	12.8121	20.0000
270.2771	12.8000	20.0000
270.3000	12.7905	20.0000
270.3500	12.7698	20.0000
270.3970	12.7500	20.0000
270.4000	12.7488	20.0000
270.4500	12.7293	20.0000
270.5000	12.7092	20.0000
270.5223	12.7000	20.0000
270.5500	12.6893	20.0000
270.6000	12.6693	20.0000
270.6456	12.6500	20.0000
270.6500	12.6482	20.0000
270.7000	12.6275	20.0000
270.7500	12.6053	20.0000
270.7613	12.6000	20.0000
270.8000	12.5830	20.0000
270.8500	12.5597	20.0000
270.8699	12.5500	20.0000
270.9000	12.5362	20.0000
270.9500	12.5122	20.0000
270.9746	12.5000	20.0000
271.0000	12.4881	20.0000
271.0500	12.4640	20.0000
271.0781	12.4500	20.0000
271.1000	12.4397	20.0000
271.1500	12.4158	20.0000
271.1821	12.4000	20.0000
271.2000	12.3917	20.0000
271.2500	12.3681	20.0000
271.2873	12.3500	20.0000
271.3000	12.3441	20.0000
271.3500	12.3209	20.0000
271.3935	12.3000	20.0000
271.4000	12.2970	20.0000
271.4500	12.2739	20.0000
271.4995	12.2500	20.0000
271.5000	12.2498	20.0000
271.5500	12.2264	20.0000
271.6000	12.2019	20.0000
271.6039	12.2000	20.0000
271.6500	12.1779	20.0000
271.7000	12.1530	20.0000
271.7058	12.1500	20.0000
271.7500	12.1284	20.0000
271.8000	12.1030	20.0000
271.8058	12.1000	20.0000
271.8500	12.0781	20.0000
271.9000	12.0525	20.0000
271.9047	12.0500	20.0000
271.9500	12.0273	20.0000
272.0000	12.0013	20.0000
272.0025	12.0000	20.0000
272.0500	11.9755	20.0000
272.0978	11.9500	20.0000
272.1000	11.9489	20.0000
272.1500	11.9219	20.0000
272.1893	11.9000	20.0000
272.2000	11.8941	20.0000
272.2500	11.8657	20.0000
272.2768	11.8500	20.0000
272.3000	11.8364	20.0000
272.3500	11.8066	20.0000
272.3608	11.8000	20.0000
272.4000	11.7759	20.0000
272.4416	11.7500	20.0000
272.4500	11.7447	20.0000
272.5000	11.7126	20.0000
272.5193	11.7000	20.0000
272.5500	11.6794	20.0000
272.5933	11.6500	20.0000
272.6000	11.6453	20.0000
272.6500	11.6095	20.0000
272.6630	11.6000	20.0000
272.7000	11.5720	20.0000
272.7283	11.5500	20.0000
272.7500	11.5326	20.0000
272.7898	11.5000	20.0000
272.8000	11.4913	20.0000
272.8480	11.4500	20.0000
272.8500	11.4482	20.0000
272.9000	11.4033	20.0000
272.9037	11.4000	20.0000
272.9500	11.3573	20.0000
272.9578	11.3500	20.0000
273.0000	11.3106	20.0000
273.0112	11.3000	20.0000
273.0500	11.2636	20.0000
273.0644	11.2500	20.0000
273.1000	11.2167	20.0000
273.1177	11.2000	20.0000
273.1500	11.1701	20.0000
273.1714	11.1500	20.0000
273.2000	11.1237	20.0000
273.2255	11.1000	20.0000
273.2500	11.0777	20.0000
273.2800	11.0500	20.0000
273.3000	11.0318	20.0000
273.3345	11.0000	20.0000
273.3500	10.9859	20.0000
273.3890	10.9500	20.0000
273.4000	10.9400	20.0000
273.4431	10.9000	20.0000
273.4500	10.8936	20.0000
273.4964	10.8500	20.0000
273.5000	10.8466	20.0000
273.5486	10.8000	20.0000
273.5500	10.7986	20.0000
273.5993	10.7500	20.0000
273.6000	10.7492	20.0000
273.6483	10.7000	20.0000
273.6500	10.6982	20.0000
273.6960	10.6500	20.0000
273.7000	10.6456	20.0000
273.7425	10.6000	20.0000
273.7500	10.5916	20.0000
273.7885	10.5500	20.0000
273.8000	10.5371	20.0000
273.8345	10.5000	20.0000
273.8500	10.4828	20.0000
273.8811	10.4500	20.0000
273.9000	10.4295	20.0000
273.9286	10.4000	20.0000
273.9500	10.3775	20.0000
273.9776	10.3500	20.0000
274.0000	10.3273	20.0000
274.0284	10.3000	20.0000
274.0500	10.2788	20.0000
274.0811	10.2500	20.0000
274.1000	10.2322	20.0000
274.1359	10.2000	20.0000
274.1500	10.1872	20.0000
274.1928	10.1500	20.0000
274.2000	10.1437	20.0000
274.2500	10.1014	20.0000
274.2518	10.1000	20.0000
274.3000	10.0604	20.0000
274.3131	10.0500	20.0000
274.3500	10.0201	20.0000
274.3756	10.0000	20.0000
274.4000	9.9804	20.0000
274.4385	9.9500	20.0000
274.4500	9.9408	20.0000
274.5000	9.9008	20.0000
274.5010	9.9000	20.0000
274.5500	9.8608	20.0000
274.5631	9.8500	20.0000
274.6000	9.8204	20.0000
274.6248	9.8000	20.0000
274.6500	9.7802	20.0000
274.6875	9.7500	20.0000
274.7000	9.7407	20.0000
274.7500	9.7024	20.0000
274.7531	9.7000	20.0000
274.8000	9.6665	20.0000
274.8222	9.6500	20.0000
274.8500	9.6313	20.0000
274.8945	9.6000	20.0000
274.9000	9.5965	20.0000
274.9500	9.5623	20.0000
274.9668	9.5500	20.0000
275.0000	9.5274	20.0000
275.0373	9.5000	20.0000
275.0500	9.4912	20.0000
275.1000	9.4538	20.0000
275.1048	9.4500	20.0000
275.1500	9.4156	20.0000
275.1694	9.4000	20.0000
275.2000	9.3763	20.0000
275.2327	9.3500	20.0000
275.2500	9.3365	20.0000
275.2958	9.3000	20.0000
275.3000	9.2968	20.0000
275.3500	9.2575	20.0000
275.3595	9.2500	20.0000
275.4000	9.2189	20.0000
275.4247	9.2000	20.0000
275.4500	9.1810	20.0000
275.4918	9.1500	20.0000
275.5000	9.1440	20.0000
275.5500	9.1080	20.0000
275.5613	9.1000	20.0000
275.6000	9.0728	20.0000
275.6328	9.0500	20.0000
275.6500	9.0381	20.0000
275.7000	9.0041	20.0000
275.7060	9.0000	20.0000
275.7500	8.9704	20.0000
275.7803	8.9500	20.0000
275.8000	8.9368	20.0000
275.8500	8.9031	20.0000
275.8546	8.9000	20.0000
275.9000	8.8692	20.0000
275.9279	8.8500	20.0000
275.9500	8.8347	20.0000
275.9992	8.8000	20.0000
276.0000	8.7994	20.0000
276.0500	8.7631	20.0000
276.0674	8.7500	20.0000
276.1000	8.7254	20.0000
276.1324	8.7000	20.0000
276.1500	8.6862	20.0000
276.1945	8.6500	20.0000
276.2000	8.6455	20.0000
276.2500	8.6036	20.0000
276.2542	8.6000	20.0000
276.3000	8.5608	20.0000
276.3125	8.5500	20.0000
276.3500	8.5179	20.0000
276.3710	8.5000	20.0000
276.4000	8.4757	20.0000
276.4311	8.4500	20.0000
276.4500	8.4347	20.0000
276.4940	8.4000	20.0000
276.5000	8.3953	20.0000
276.5500	8.3579	20.0000
276.5610	8.3500	20.0000
276.6000	8.3224	20.0000
276.6329	8.3000	20.0000
276.6500	8.2886	20.0000
276.7000	8.2563	20.0000
276.7100	8.2500	20.0000
276.7500	8.2250	20.0000
276.7908	8.2000	20.0000
276.8000	8.1943	20.0000
276.8500	8.1634	20.0000
276.8714	8.1500	20.0000
276.9000	8.1314	20.0000
276.9467	8.1000	20.0000
276.9500	8.0977	20.0000
277.0000	8.0601	20.0000
277.0127	8.0500	20.0000
277.0500	8.0178	20.0000
277.0695	8.0000	20.0000
277.1000	7.9694	20.0000
> 20 contour -Z20
255.1000	20.3566	20.0000
255.1382	20.3500	20.0000
255.1500	20.3479	20.0000
255.2000	20.3240	20.0000
255.2355	20.3000	20.0000
255.2500	20.2896	20.0000
255.2912	20.2500	20.0000
255.3000	20.2407	20.0000
255.3304	20.2000	20.0000
255.3500	20.1707	20.0000
255.3613	20.1500	20.0000
255.3832	20.1000	20.0000
255.3999	20.0500	20.0000
255.4000	20.0493	20.0000
255.4049	20.0000	20.0000
255.4000	19.9628	20.0000
255.3964	19.9500	20.0000
255.3500	19.9097	20.0000
255.3000	19.9084	20.0000
255.2500	19.9236	20.0000
255.2000	19.9478	20.0000
255.1965	19.9500	20.0000
255.1500	19.9842	20.0000
255.1314	20.0000	20.0000
255.1000	20.0320	20.0000
255.0839	20.0500	20.0000
255.0500	20.0974	20.0000
255.0482	20.1000	20.0000
255.0232	20.1500	20.0000
255.0065	20.2000	20.0000
255.0000	20.2477	20.0000
254.9997	20.2500	20.0000
255.0000	20.2525	20.0000
255.0087	20.3000	20.0000
255.0500	20.3470	20.0000
255.0596	20.3500	20.0000
255.1000	20.3566	20.0000
> 20 contour -Z20
264.2110	19.1000	20.0000
264.2172	19.0500	20.0000
264.2496	19.0000	20.0000
264.2500	18.9996	20.0000
264.3000	18.9616	20.0000
264.3187	18.9500	20.0000
264.3500	18.9342	20.0000
264.4000	18.9125	20.0000
264.4330	18.9000	20.0000
264.4500	18.8940	20.0000
264.5000	18.8785	20.0000
264.5500	18.8642	20.0000
> 20 contour -Z20
265.0297	19.0000	20.0000
265.0480	18.9500	20.0000
265.0500	18.9378	20.0000
265.0563	18.9000	20.0000
265.0500	18.8552	20.0000
265.0488	18.8500	20.0000
265.0000	18.8093	20.0000
264.9617	18.8000	20.0000
264.9500	18.7984	20.0000
264.9000	18.7979	20.0000
264.8735	18.8000	20.0000
264.8500	18.8020	20.0000
264.8000	18.8092	20.0000
264.7500	18.8180	20.0000
264.7000	18.8279	20.0000
264.6500	18.8388	20.0000
264.6026	18.8500	20.0000
> 40 contour -Z40
255.3943	20.9500	40.0000
255.4000	20.9410	40.0000
255.4241	20.9000	40.0000
255.4500	20.8558	40.0000
255.4532	20.8500	40.0000
255.4818	20.8000	40.0000
255.5000	20.7682	40.0000
255.5098	20.7500	40.0000
255.5373	20.7000	40.0000
255.5500	20.6772	40.0000
255.5643	20.6500	40.0000
255.5906	20.6000	40.0000
255.6000	20.5821	40.0000
255.6162	20.5500	40.0000
255.6408	20.5000	40.0000
255.6500	20.4813	40.0000
255.6648	20.4500	40.0000
255.6877	20.4000	40.0000
255.7000	20.3722	40.0000
255.7096	20.3500	40.0000
255.7307	20.3000	40.0000
255.7500	20.2518	40.0000
255.7507	20.2500	40.0000
255.7705	20.2000	40.0000
255.7893	20.1500	40.0000
255.8000	20.1210	40.0000
255.8079	20.1000	40.0000
255.8264	20.0500	40.0000
255.8446	20.0000	40.0000
255.8500	19.9851	40.0000
255.8634	19.9500	40.0000
255.8823	19.9000	40.0000
255.9000	19.8532	40.0000
255.9013	19.8500	40.0000
255.9214	19.8000	40.0000
255.9413	19.7500	40.0000
255.9500	19.7276	40.0000
255.9618	19.7000	40.0000
255.9824	19.6500	40.0000
256.0000	19.6062	40.0000
256.0028	19.6000	40.0000
256.0236	19.5500	40.0000
256.0434	19.5000	40.0000
256.0500	19.4811	40.0000
256.0627	19.4500	40.0000
256.0803	19.4000	40.0000
256.0952	19.3500	40.0000
256.1000	19.3282	40.0000
256.1074	19.3000	40.0000
256.1159	19.2500	40.0000
256.1211	19.2000	40.0000
256.1247	19.1500	40.0000
256.1294	19.1000	40.0000
256.1385	19.0500	40.0000
256.1500	19.0143	40.0000
256.1549	19.0000	40.0000
256.1809	18.9500	40.0000
256.2000	18.9231	40.0000
256.2172	18.9000	40.0000
256.2500	18.8653	40.0000
256.2652	18.8500	40.0000
256.3000	18.8213	40.0000
256.3273	18.8000	40.0000
256.3500	18.7850	40.0000
256.4000	18.7540	40.0000
256.4072	18.7500	40.0000
256.4500	18.7296	40.0000
256.5000	18.7078	40.0000
256.5211	18.7000	40.0000
256.5500	18.6906	40.0000
256.6000	18.6778	40.0000
256.6500	18.6684	40.0000
256.7000	18.6634	40.0000
256.7500	18.6643	40.0000
256.8000	18.6736	40.0000
256.8500	18.6955	40.0000
256.8566	18.7000	40.0000
256.8891	18.7500	40.0000
256.8932	18.8000	40.0000
256.8826	18.8500	40.0000
256.8639	18.9000	40.0000
256.8500	18.9301	40.0000
256.8406	18.9500	40.0000
256.8164	19.0000	40.0000
256.8000	19.0405	40.0000
256.7959	19.0500	40.0000
256.7847	19.1000	40.0000
256.7920	19.1500	40.0000
256.8000	19.1608	40.0000
256.8389	19.2000	40.0000
256.8500	19.2052	40.0000
256.9000	19.2223	40.0000
256.9500	19.2331	40.0000
257.0000	19.2398	40.0000
257.0500	19.2440	40.0000
257.1000	19.2467	40.0000
257.1500	19.2488	40.0000
257.1820	19.2500	40.0000
257.2000	19.2506	40.0000
257.2500	19.2525	40.0000
257.3000	19.2549	40.0000
257.3500	19.2581	40.0000
257.4000	19.2621	40.0000
257.4500	19.2671	40.0000
257.5000	19.2731	40.0000
257.5500	19.2803	40.0000
257.6000	19.2887	40.0000
257.6500	19.2984	40.0000
257.6569	19.3000	40.0000
257.7000	19.3094	40.0000
257.7500	19.3216	40.0000
257.8000	19.3353	40.0000
257.8482	19.3500	40.0000
257.8500	19.3505	40.0000
257.9000	19.3672	40.0000
257.9500	19.3852	40.0000
257.9883	19.4000	40.0000
258.0000	19.4046	40.0000
258.0500	19.4251	40.0000
258.1000	19.4464	40.0000
258.1085	19.4500	40.0000
258.1500	19.4684	40.0000
258.2000	19.4905	40.0000
258.2220	19.5000	40.0000
258.2500	19.5126	40.0000
258.3000	19.5339	40.0000
258.3406	19.5500	40.0000
258.3500	19.5539	40.0000
258.4000	19.5719	40.0000
258.4500	19.5870	40.0000
258.5000	19.5987	40.0000
258.5088	19.6000	40.0000
258.5500	19.6062	40.0000
258.6000	19.6084	40.0000
258.6500	19.6049	40.0000
258.6748	19.6000	40.0000
258.7000	19.5947	40.0000
258.7500	19.5778	40.0000
258.8000	19.5552	40.0000
258.8099	19.5500	40.0000
258.8500	19.5276	40.0000
258.8988	19.5000	40.0000
258.9000	19.4993	40.0000
258.9500	19.4723	40.0000
259.0000	19.4525	40.0000
259.0108	19.4500	40.0000
259.0500	19.4406	40.0000
259.1000	19.4376	40.0000
259.1500	19.4411	40.0000
259.2000	19.4476	40.0000
259.2179	19.4500	40.0000
259.2500	19.4534	40.0000
259.3000	19.4566	40.0000
259.3500	19.4567	40.0000
259.4000	19.4532	40.0000
259.4223	19.4500	40.0000
259.4500	19.4462	40.0000
259.5000	19.4363	40.0000
259.5500	19.4239	40.0000
259.6000	19.4095	40.0000
259.6299	19.4000	40.0000
259.6500	19.3936	40.0000
259.7000	19.3769	40.0000
259.7500	19.3595	40.0000
259.7769	19.3500	40.0000
259.8000	19.3418	40.0000
259.8500	19.3240	40.0000
259.9000	19.3057	40.0000
259.9153	19.3000	40.0000
259.9500	19.2872	40.0000
260.0000	19.2681	40.0000
260.0449	19.2500	40.0000
260.0500	19.2480	40.0000
260.1000	19.2275	40.0000
260.1500	19.2057	40.0000
260.1628	19.2000	40.0000
260.2000	19.1836	40.0000
260.2500	19.1611	40.0000
260.2747	19.1500	40.0000
260.3000	19.1388	40.0000
260.3500	19.1174	40.0000
260.3920	19.1000	40.0000
260.4000	19.0967	40.0000
260.4500	19.0778	40.0000
260.5000	19.0595	40.0000
260.5270	19.0500	40.0000
260.5500	19.0421	40.0000
260.6000	19.0251	40.0000
260.6500	19.0077	40.0000
260.6714	19.0000	40.0000
260.7000	18.9900	40.0000
260.7500	18.9720	40.0000
260.8000	18.9530	40.0000
260.8078	18.9500	40.0000
260.8500	18.9342	40.0000
260.9000	18.9148	40.0000
260.9367	18.9000	40.0000
260.9500	18.8949	40.0000
261.0000	18.8749	40.0000
261.0500	18.8539	40.0000
261.0590	18.8500	40.0000
261.1000	18.8329	40.0000
261.1500	18.8112	40.0000
261.1751	18.8000	40.0000
261.2000	18.7893	40.0000
261.2500	18.7676	40.0000
261.2898	18.7500	40.0000
261.3000	18.7457	40.0000
261.3500	18.7247	40.0000
261.4000	18.7034	40.0000
261.4080	18.7000	40.0000
261.4500	18.6832	40.0000
261.5000	18.6629	40.0000
261.5312	18.6500	40.0000
261.5500	18.6427	40.0000
261.6000	18.6233	40.0000
261.6500	18.6034	40.0000
261.6585	18.6000	40.0000
261.7000	18.5846	40.0000
261.7500	18.5657	40.0000
261.7908	18.5500	40.0000
261.8000	18.5467	40.0000
261.8500	18.5290	40.0000
261.9000	18.5112	40.0000
261.9316	18.5000	40.0000
261.9500	18.4939	40.0000
262.0000	18.4778	40.0000
262.0500	18.4618	40.0000
262.0876	18.4500	40.0000
262.1000	18.4463	40.0000
262.1500	18.4320	40.0000
262.2000	18.4177	40.0000
262.2500	18.4031	40.0000
262.2608	18.4000	40.0000
262.3000	18.3893	40.0000
262.3500	18.3752	40.0000
262.4000	18.3603	40.0000
262.4329	18.3500	40.0000
262.4500	18.3449	40.0000
262.5000	18.3295	40.0000
262.5500	18.3129	40.0000
262.5867	18.3000	40.0000
262.6000	18.2955	40.0000
262.6500	18.2780	40.0000
262.7000	18.2595	40.0000
262.7252	18.2500	40.0000
262.7500	18.2408	40.0000
262.8000	18.2225	40.0000
262.8500	18.2046	40.0000
262.8644	18.2000	40.0000
262.9000	18.1886	40.0000
262.9500	18.1751	40.0000
263.0000	18.1648	40.0000
263.0500	18.1580	40.0000
263.1000	18.1552	40.0000
263.1500	18.1558	40.0000
263.2000	18.1594	40.0000
263.2500	18.1649	40.0000
263.3000	18.1714	40.0000
263.3500	18.1781	40.0000
263.4000	18.1844	40.0000
263.4500	18.1900	40.0000
263.5000	18.1944	40.0000
263.5500	18.1975	40.0000
263.6000	18.1990	40.0000
263.6500	18.1989	40.0000
263.7000	18.1968	40.0000
263.7500	18.1928	40.0000
263.8000	18.1870	40.0000
263.8500	18.1796	40.0000
263.9000	18.1707	40.0000
263.9500	18.1607	40.0000
263.9986	18.1500	40.0000
264.0000	18.1497	40.0000
264.0500	18.1383	40.0000
264.1000	18.1262	40.0000
264.1500	18.1132	40.0000
264.1955	18.1000	40.0000
264.2000	18.0987	40.0000
264.2500	18.0831	40.0000
264.3000	18.0653	40.0000
264.3371	18.0500	40.0000
264.3500	18.0445	40.0000
264.4000	18.0211	40.0000
264.4384	18.0000	40.0000
264.4500	17.9935	40.0000
264.5000	17.9627	40.0000
264.5185	17.9500	40.0000
264.5500	17.9285	40.0000
264.5887	17.9000	40.0000
264.6000	17.8918	40.0000
264.6500	17.8543	40.0000
264.6556	17.8500	40.0000
264.7000	17.8174	40.0000
264.7236	17.8000	40.0000
264.7500	17.7816	40.0000
264.7960	17.7500	40.0000
264.8000	17.7474	40.0000
264.8500	17.7160	40.0000
264.8760	17.7000	40.0000
264.9000	17.6861	40.0000
264.9500	17.6580	40.0000
264.9646	17.6500	40.0000
265.0000	17.6314	40.0000
265.0500	17.6059	40.0000
265.0618	17.6000	40.0000
265.1000	17.5815	40.0000
265.1500	17.5578	40.0000
265.1670	17.5500	40.0000
265.2000	17.5350	40.0000
265.2500	17.5131	40.0000
265.2812	17.5000	40.0000
265.3000	17.4921	40.0000
265.3500	17.4722	40.0000
265.4000	17.4533	40.0000
265.4095	17.4500	40.0000
265.4500	17.4357	40.0000
265.5000	17.4191	40.0000
265.5500	17.4033	40.0000
265.5613	17.4000	40.0000
265.6000	17.3884	40.0000
265.6500	17.3741	40.0000
265.7000	17.3597	40.0000
265.7335	17.3500	40.0000
265.7500	17.3452	40.0000
265.8000	17.3303	40.0000
265.8500	17.3143	40.0000
265.8910	17.3000	40.0000
265.9000	17.2968	40.0000
265.9500	17.2779	40.0000
266.0000	17.2563	40.0000
266.0132	17.2500	40.0000
266.0500	17.2321	40.0000
266.1000	17.2043	40.0000
266.1069	17.2000	40.0000
266.1500	17.1726	40.0000
266.1812	17.1500	40.0000
266.2000	17.1357	40.0000
266.2420	17.1000	40.0000
266.2500	17.0929	40.0000
266.2934	17.0500	40.0000
266.3000	17.0432	40.0000
266.3381	17.0000	40.0000
266.3500	16.9859	40.0000
266.3782	16.9500	40.0000
266.4000	16.9210	40.0000
266.4149	16.9000	40.0000
266.4493	16.8500	40.0000
266.4500	16.8490	40.0000
266.4820	16.8000	40.0000
266.5000	16.7712	40.0000
266.5131	16.7500	40.0000
266.5428	16.7000	40.0000
266.5500	16.6872	40.0000
266.5710	16.6500	40.0000
266.5974	16.6000	40.0000
266.6000	16.5947	40.0000
266.6223	16.5500	40.0000
266.6455	16.5000	40.0000
266.6500	16.4897	40.0000
266.6678	16.4500	40.0000
266.6896	16.4000	40.0000
266.7000	16.3762	40.0000
266.7120	16.3500	40.0000
266.7363	16.3000	40.0000
266.7500	16.2743	40.0000
266.7634	16.2500	40.0000
266.7944	16.2000	40.0000
266.8000	16.1921	40.0000
266.8299	16.1500	40.0000
266.8500	16.1247	40.0000
266.8693	16.1000	40.0000
266.9000	16.0646	40.0000
266.9123	16.0500	40.0000
266.9500	16.0089	40.0000
266.9578	16.0000	40.0000
267.0000	15.9556	40.0000
267.0051	15.9500	40.0000
267.0500	15.9038	40.0000
267.0535	15.9000	40.0000
267.1000	15.8528	40.0000
267.1027	15.8500	40.0000
267.1500	15.8023	40.0000
267.1522	15.8000	40.0000
267.2000	15.7521	40.0000
267.2020	15.7500	40.0000
267.2500	15.7019	40.0000
267.2518	15.7000	40.0000
267.3000	15.6517	40.0000
267.3016	15.6500	40.0000
267.3500	15.6014	40.0000
267.3514	15.6000	40.0000
267.4000	15.5511	40.0000
267.4011	15.5500	40.0000
267.4500	15.5009	40.0000
267.4509	15.5000	40.0000
267.5000	15.4510	40.0000
267.5010	15.4500	40.0000
267.5500	15.4016	40.0000
267.5517	15.4000	40.0000
267.6000	15.3529	40.0000
267.6030	15.3500	40.0000
267.6500	15.3050	40.0000
267.6553	15.3000	40.0000
267.7000	15.2580	40.0000
267.7086	15.2500	40.0000
267.7500	15.2118	40.0000
267.7629	15.2000	40.0000
267.8000	15.1662	40.0000
267.8179	15.1500	40.0000
267.8500	15.1211	40.0000
267.8734	15.1000	40.0000
267.9000	15.0763	40.0000
267.9294	15.0500	40.0000
267.9500	15.0319	40.0000
267.9860	15.0000	40.0000
268.0000	14.9879	40.0000
268.0436	14.9500	40.0000
268.0500	14.9446	40.0000
268.1000	14.9025	40.0000
268.1029	14.9000	40.0000
268.1500	14.8619	40.0000
268.1648	14.8500	40.0000
268.2000	14.8229	40.0000
268.2299	14.8000	40.0000
268.2500	14.7853	40.0000
268.2990	14.7500	40.0000
268.3000	14.7493	40.0000
268.3500	14.7153	40.0000
268.3728	14.7000	40.0000
268.4000	14.6824	40.0000
268.4500	14.6508	40.0000
268.4512	14.6500	40.0000
268.5000	14.6206	40.0000
268.5347	14.6000	40.0000
268.5500	14.5912	40.0000
268.6000	14.5629	40.0000
268.6230	14.5500	40.0000
268.6500	14.5353	40.0000
268.7000	14.5085	40.0000
268.7159	14.5000	40.0000
268.7500	14.4822	40.0000
268.8000	14.4566	40.0000
268.8130	14.4500	40.0000
268.8500	14.4314	40.0000
268.9000	14.4067	40.0000
268.9138	14.4000	40.0000
268.9500	14.3823	40.0000
269.0000	14.3585	40.0000
269.0179	14.3500	40.0000
269.0500	14.3348	40.0000
269.1000	14.3117	40.0000
269.1255	14.3000	40.0000
269.1500	14.2887	40.0000
269.2000	14.2660	40.0000
269.2354	14.2500	40.0000
269.2500	14.2434	40.0000
269.3000	14.2206	40.0000
269.3452	14.2000	40.0000
269.3500	14.1978	40.0000
269.4000	14.1744	40.0000
269.4500	14.1511	40.0000
269.4523	14.1500	40.0000
269.5000	14.1271	40.0000
269.5500	14.1031	40.0000
269.5564	14.1000	40.0000
269.6000	14.0786	40.0000
269.6500	14.0541	40.0000
269.6585	14.0500	40.0000
269.7000	14.0294	40.0000
269.7500	14.0047	40.0000
269.7594	14.0000	40.0000
269.8000	13.9797	40.0000
269.8500	13.9548	40.0000
269.8596	13.9500	40.0000
269.9000	13.9296	40.0000
269.9500	13.9045	40.0000
269.9590	13.9000	40.0000
270.0000	13.8791	40.0000
270.0500	13.8539	40.0000
270.0576	13.8500	40.0000
270.1000	13.8283	40.0000
270.1500	13.8029	40.0000
270.1557	13.8000	40.0000
270.2000	13.7773	40.0000
270.2500	13.7520	40.0000
270.2541	13.7500	40.0000
270.3000	13.7266	40.0000
270.3500	13.7016	40.0000
270.3533	13.7000	40.0000
270.4000	13.6765	40.0000
270.4500	13.6516	40.0000
270.4532	13.6500	40.0000
270.5000	13.6264	40.0000
270.5500	13.6012	40.0000
270.5523	13.6000	40.0000
270.6000	13.5755	40.0000
270.6494	13.5500	40.0000
270.6500	13.5497	40.0000
270.7000	13.5234	40.0000
270.7447	13.5000	40.0000
270.7500	13.4972	40.0000
270.8000	13.4710	40.0000
270.8407	13.4500	40.0000
270.8500	13.4452	40.0000
270.9000	13.4200	40.0000
270.9412	13.4000	40.0000
270.9500	13.3958	40.0000
271.0000	13.3724	40.0000
271.0500	13.3505	40.0000
271.0511	13.3500	40.0000
271.1000	13.3293	40.0000
271.1500	13.3094	40.0000
271.1743	13.3000	40.0000
271.2000	13.2900	40.0000
271.2500	13.2711	40.0000
271.3000	13.2526	40.0000
271.3068	13.2500	40.0000
271.3500	13.2334	40.0000
271.4000	13.2139	40.0000
271.4348	13.2000	40.0000
271.4500	13.1936	40.0000
271.5000	13.1721	40.0000
271.5499	13.1500	40.0000
271.5500	13.1500	40.0000
271.6000	13.1259	40.0000
271.6500	13.1014	40.0000
271.6527	13.1000	40.0000
271.7000	13.0750	40.0000
271.7472	13.0500	40.0000
271.7500	13.0484	40.0000
271.8000	13.0201	40.0000
271.8356	13.0000	40.0000
271.8500	12.9914	40.0000
271.9000	12.9616	40.0000
271.9195	12.9500	40.0000
271.9500	12.9308	40.0000
271.9996	12.9000	40.0000
272.0000	12.8997	40.0000
272.0500	12.8668	40.0000
272.0758	12.8500	40.0000
272.1000	12.8333	40.0000
272.1492	12.8000	40.0000
272.1500	12.7994	40.0000
272.2000	12.7635	40.0000
272.2192	12.7500	40.0000
272.2500	12.7269	40.0000
272.2869	12.7000	40.0000
272.3000	12.6897	40.0000
272.3500	12.6519	40.0000
272.3526	12.6500	40.0000
272.4000	12.6126	40.0000
272.4166	12.6000	40.0000
272.4500	12.5730	40.0000
272.4799	12.5500	40.0000
272.5000	12.5335	40.0000
272.5430	12.5000	40.0000
272.5500	12.4943	40.0000
272.6000	12.4545	40.0000
272.6057	12.4500	40.0000
272.6500	12.4139	40.0000
272.6674	12.4000	40.0000
272.7000	12.3732	40.0000
272.7284	12.3500	40.0000
272.7500	12.3320	40.0000
272.7884	12.3000	40.0000
272.8000	12.2902	40.0000
272.8470	12.2500	40.0000
272.8500	12.2474	40.0000
272.9000	12.2032	40.0000
272.9036	12.2000	40.0000
272.9500	12.1580	40.0000
272.9587	12.1500	40.0000
273.0000	12.1121	40.0000
273.0131	12.1000	40.0000
273.0500	12.0659	40.0000
273.0672	12.0500	40.0000
273.1000	12.0197	40.0000
273.1216	12.0000	40.0000
273.1500	11.9740	40.0000
273.1766	11.9500	40.0000
273.2000	11.9287	40.0000
273.2324	11.9000	40.0000
273.2500	11.8843	40.0000
273.2893	11.8500	40.0000
273.3000	11.8406	40.0000
273.3471	11.8000	40.0000
273.3500	11.7975	40.0000
273.4000	11.7541	40.0000
273.4048	11.7500	40.0000
273.4500	11.7102	40.0000
273.4617	11.7000	40.0000
273.5000	11.6655	40.0000
273.5171	11.6500	40.0000
273.5500	11.6190	40.0000
273.5700	11.6000	40.0000
273.6000	11.5699	40.0000
273.6195	11.5500	40.0000
273.6500	11.5170	40.0000
273.6654	11.5000	40.0000
273.7000	11.4595	40.0000
273.7080	11.4500	40.0000
273.7477	11.4000	40.0000
273.7500	11.3969	40.0000
273.7848	11.3500	40.0000
273.8000	11.3292	40.0000
273.8214	11.3000	40.0000
273.8500	11.2612	40.0000
273.8584	11.2500	40.0000
273.8970	11.2000	40.0000
273.9000	11.1963	40.0000
273.9383	11.1500	40.0000
273.9500	11.1369	40.0000
273.9840	11.1000	40.0000
274.0000	11.0839	40.0000
274.0350	11.0500	40.0000
274.0500	11.0364	40.0000
274.0918	11.0000	40.0000
274.1000	10.9933	40.0000
274.1500	10.9534	40.0000
274.1544	10.9500	40.0000
274.2000	10.9160	40.0000
274.2217	10.9000	40.0000
274.2500	10.8799	40.0000
274.2923	10.8500	40.0000
274.3000	10.8447	40.0000
274.3500	10.8101	40.0000
274.3645	10.8000	40.0000
274.4000	10.7758	40.0000
274.4377	10.7500	40.0000
274.4500	10.7418	40.0000
274.5000	10.7081	40.0000
274.5118	10.7000	40.0000
274.5500	10.6746	40.0000
274.5866	10.6500	40.0000
274.6000	10.6412	40.0000
274.6500	10.6080	40.0000
274.6617	10.6000	40.0000
274.7000	10.5746	40.0000
274.7362	10.5500	40.0000
274.7500	10.5408	40.0000
274.8000	10.5066	40.0000
274.8093	10.5000	40.0000
274.8500	10.4714	40.0000
274.8797	10.4500	40.0000
274.9000	10.4353	40.0000
274.9476	10.4000	40.0000
274.9500	10.3982	40.0000
275.0000	10.3594	40.0000
275.0118	10.3500	40.0000
275.0500	10.3189	40.0000
275.0729	10.3000	40.0000
275.1000	10.2767	40.0000
275.1307	10.2500	40.0000
275.1500	10.2324	40.0000
275.1854	10.2000	40.0000
275.2000	10.1859	40.0000
275.2371	10.1500	40.0000
275.2500	10.1368	40.0000
275.2864	10.1000	40.0000
275.3000	10.0855	40.0000
275.3340	10.0500	40.0000
275.3500	10.0326	40.0000
275.3809	10.0000	40.0000
275.4000	9.9792	40.0000
275.4281	9.9500	40.0000
275.4500	9.9268	40.0000
275.4771	9.9000	40.0000
275.5000	9.8770	40.0000
275.5294	9.8500	40.0000
275.5500	9.8308	40.0000
275.5871	9.8000	40.0000
275.6000	9.7891	40.0000
275.6500	9.7522	40.0000
275.6533	9.7500	40.0000
275.7000	9.7191	40.0000
275.7344	9.7000	40.0000
275.7500	9.6911	40.0000
275.8000	9.6668	40.0000
275.8429	9.6500	40.0000
275.8500	9.6470	40.0000
275.9000	9.6296	40.0000
275.9500	9.6156	40.0000
276.0000	9.6041	40.0000
276.0210	9.6000	40.0000
276.0500	9.5937	40.0000
276.1000	9.5840	40.0000
276.1500	9.5749	40.0000
276.2000	9.5657	40.0000
276.2500	9.5558	40.0000
276.2757	9.5500	40.0000
276.3000	9.5435	40.0000
276.3500	9.5278	40.0000
276.4000	9.5094	40.0000
276.4221	9.5000	40.0000
276.4500	9.4848	40.0000
276.5000	9.4546	40.0000
276.5072	9.4500	40.0000
276.5500	9.4129	40.0000
276.5649	9.4000	40.0000
276.6000	9.3561	40.0000
276.6051	9.3500	40.0000
276.6325	9.3000	40.0000
276.6481	9.2500	40.0000
276.6500	9.2376	40.0000
276.6564	9.2000	40.0000
276.6600	9.1500	40.0000
276.6628	9.1000	40.0000
276.6683	9.0500	40.0000
276.6786	9.0000	40.0000
276.6948	8.9500	40.0000
276.7000	8.9389	40.0000
276.7183	8.9000	40.0000
276.7474	8.8500	40.0000
276.7500	8.8465	40.0000
276.7831	8.8000	40.0000
276.8000	8.7794	40.0000
276.8237	8.7500	40.0000
276.8500	8.7212	40.0000
276.8689	8.7000	40.0000
276.9000	8.6691	40.0000
276.9189	8.6500	40.0000
276.9500	8.6220	40.0000
276.9742	8.6000	40.0000
277.0000	8.5790	40.0000
277.0356	8.5500	40.0000
277.0500	8.5394	40.0000
277.1000	8.5028	40.0000
> 40 contour -Z40
257.1608	20.1500	40.0000
257.1500	20.1351	40.0000
257.1237	20.1000	40.0000
257.1000	20.0789	40.0000
257.0587	20.0500	40.0000
257.0500	20.0455	40.0000
257.0000	20.0282	40.0000
256.9500	20.0211	40.0000
256.9000	20.0247	40.0000
256.8500	20.0412	40.0000
256.8363	20.0500	40.0000
256.8000	20.0798	40.0000
256.7846	20.1000	40.0000
256.7586	20.1500	40.0000
256.7500	20.1784	40.0000
256.7449	20.2000	40.0000
256.7400	20.2500	40.0000
256.7410	20.3000	40.0000
256.7473	20.3500	40.0000
256.7500	20.3626	40.0000
256.7602	20.4000	40.0000
256.7789	20.4500	40.0000
256.8000	20.4955	40.0000
> 40 contour -Z40
263.8886	19.0000	40.0000
263.9000	18.9638	40.0000
263.9046	18.9500	40.0000
263.9364	18.9000	40.0000
263.9500	18.8850	40.0000
263.9851	18.8500	40.0000
264.0000	18.8375	40.0000
264.0500	18.8002	40.0000
264.0504	18.8000	40.0000
264.1000	18.7672	40.0000
264.1295	18.7500	40.0000
264.1500	18.7376	40.0000
264.2000	18.7100	40.0000
264.2199	18.7000	40.0000
264.2500	18.6832	40.0000
264.3000	18.6581	40.0000
264.3174	18.6500	40.0000
264.3500	18.6327	40.0000
264.4000	18.6087	40.0000
264.4197	18.6000	40.0000
264.4500	18.5845	40.0000
264.5000	18.5614	40.0000
264.5272	18.5500	40.0000
264.5500	18.5389	40.0000
264.6000	18.5171	40.0000
264.6444	18.5000	40.0000
264.6500	18.4975	40.0000
264.7000	18.4771	40.0000
264.7500	18.4589	40.0000
264.7757	18.4500	40.0000
264.8000	18.4407	40.0000
264.8500	18.4225	40.0000
264.9000	18.4052	40.0000
264.9148	18.4000	40.0000
264.9500	18.3870	40.0000
265.0000	18.3689	40.0000
265.0500	18.3512	40.0000
265.0534	18.3500	40.0000
265.1000	18.3325	40.0000
265.1500	18.3142	40.0000
265.1890	18.3000	40.0000
265.2000	18.2959	40.0000
265.2500	18.2770	40.0000
265.3000	18.2586	40.0000
265.3238	18.2500	40.0000
265.3500	18.2401	40.0000
265.4000	18.2220	40.0000
265.4500	18.2046	40.0000
265.4641	18.2000	40.0000
265.5000	18.1876	40.0000
265.5500	18.1716	40.0000
265.6000	18.1567	40.0000
265.6252	18.1500	40.0000
265.6500	18.1429	40.0000
265.7000	18.1312	40.0000
265.7500	18.1221	40.0000
265.8000	18.1171	40.0000
265.8500	18.1216	40.0000
265.8901	18.1500	40.0000
265.8932	18.2000	40.0000
265.8772	18.2500	40.0000
265.8552	18.3000	40.0000
265.8500	18.3089	40.0000
265.8280	18.3500	40.0000
265.8000	18.3993	40.0000
265.7997	18.4000	40.0000
265.7688	18.4500	40.0000
265.7500	18.4797	40.0000
265.7376	18.5000	40.0000
> 60 contour -Z60
258.8818	20.2500	60.0000
258.9000	20.2255	60.0000
258.9179	20.2000	60.0000
258.9500	20.1574	60.0000
258.9554	20.1500	60.0000
258.9946	20.1000	60.0000
259.0000	20.0936	60.0000
259.0367	20.0500	60.0000
259.0500	20.0354	60.0000
259.0828	20.0000	60.0000
259.1000	19.9828	60.0000
259.1343	19.9500	60.0000
259.1500	19.9361	60.0000
259.1936	19.9000	60.0000
259.2000	19.8951	60.0000
259.2500	19.8602	60.0000
259.2662	19.8500	60.0000
259.3000	19.8305	60.0000
259.3500	19.8048	60.0000
259.3607	19.8000	60.0000
259.4000	19.7838	60.0000
259.4500	19.7658	60.0000
259.4998	19.7500	60.0000
259.5000	19.7499	60.0000
259.5500	19.7375	60.0000
259.6000	19.7268	60.0000
259.6500	19.7174	60.0000
259.7000	19.7092	60.0000
259.7500	19.7018	60.0000
259.7633	19.7000	60.0000
259.8000	19.6953	60.0000
259.8500	19.6890	60.0000
259.9000	19.6821	60.0000
259.9500	19.6743	60.0000
260.0000	19.6651	60.0000
260.0500	19.6541	60.0000
260.0667	19.6500	60.0000
260.1000	19.6422	60.0000
260.1500	19.6289	60.0000
260.2000	19.6139	60.0000
260.2427	19.6000	60.0000
260.2500	19.5977	60.0000
260.3000	19.5820	60.0000
260.3500	19.5652	60.0000
260.3941	19.5500	60.0000
260.4000	19.5481	60.0000
260.4500	19.5322	60.0000
260.5000	19.5157	60.0000
260.5459	19.5000	60.0000
260.5500	19.4987	60.0000
260.6000	19.4826	60.0000
260.6500	19.4651	60.0000
260.6895	19.4500	60.0000
260.7000	19.4463	60.0000
260.7500	19.4274	60.0000
260.8000	19.4062	60.0000
260.8138	19.4000	60.0000
260.8500	19.3849	60.0000
260.9000	19.3624	60.0000
260.9261	19.3500	60.0000
260.9500	19.3396	60.0000
261.0000	19.3170	60.0000
261.0369	19.3000	60.0000
261.0500	19.2944	60.0000
261.1000	19.2734	60.0000
261.1500	19.2524	60.0000
261.1561	19.2500	60.0000
261.2000	19.2338	60.0000
261.2500	19.2159	60.0000
261.2960	19.2000	60.0000
261.3000	19.1987	60.0000
261.3500	19.1836	60.0000
261.4000	19.1687	60.0000
261.4500	19.1539	60.0000
261.4633	19.1500	60.0000
261.5000	19.1397	60.0000
261.5500	19.1252	60.0000
261.6000	19.1099	60.0000
261.6311	19.1000	60.0000
261.6500	19.0941	60.0000
261.7000	19.0781	60.0000
261.7500	19.0614	60.0000
261.7838	19.0500	60.0000
261.8000	19.0447	60.0000
261.8500	19.0284	60.0000
261.9000	19.0124	60.0000
261.9405	19.0000	60.0000
261.9500	18.9972	60.0000
262.0000	18.9831	60.0000
262.0500	18.9698	60.0000
262.1000	18.9573	60.0000
262.1307	18.9500	60.0000
262.1500	18.9456	60.0000
262.2000	18.9346	60.0000
262.2500	18.9242	60.0000
262.3000	18.9145	60.0000
262.3500	18.9057	60.0000
262.3869	18.9000	60.0000
262.4000	18.8980	60.0000
262.4500	18.8914	60.0000
262.5000	18.8865	60.0000
262.5500	18.8833	60.0000
262.6000	18.8823	60.0000
262.6500	18.8836	60.0000
262.7000	18.8873	60.0000
262.7500	18.8934	60.0000
262.7885	18.9000	60.0000
262.8000	18.9018	60.0000
262.8500	18.9115	60.0000
262.9000	18.9227	60.0000
262.9500	18.9354	60.0000
263.0000	18.9492	60.0000
263.0028	18.9500	60.0000
263.0500	18.9628	60.0000
263.1000	18.9772	60.0000
263.1500	18.9928	60.0000
263.1713	19.0000	60.0000
263.2000	19.0092	60.0000
263.2500	19.0270	60.0000
263.3000	19.0475	60.0000
263.3051	19.0500	60.0000
263.3500	19.0705	60.0000
263.4000	19.0976	60.0000
263.4038	19.1000	60.0000
263.4500	19.1280	60.0000
263.4814	19.1500	60.0000
263.5000	19.1623	60.0000
> 60 contour -Z60
266.3461	18.3000	60.0000
266.3500	18.2952	60.0000
266.3874	18.2500	60.0000
266.4000	18.2339	60.0000
266.4268	18.2000	60.0000
266.4500	18.1680	60.0000
266.4635	18.1500	60.0000
266.4976	18.1000	60.0000
266.5000	18.0962	60.0000
266.5312	18.0500	60.0000
266.5500	18.0192	60.0000
266.5629	18.0000	60.0000
266.5942	17.9500	60.0000
266.6000	17.9402	60.0000
266.6269	17.9000	60.0000
266.6500	17.8639	60.0000
266.6601	17.8500	60.0000
266.6957	17.8000	60.0000
266.7000	17.7940	60.0000
266.7355	17.7500	60.0000
266.7500	17.7323	60.0000
266.7792	17.7000	60.0000
266.8000	17.6774	60.0000
266.8275	17.6500	60.0000
266.8500	17.6279	60.0000
266.8801	17.6000	60.0000
266.9000	17.5816	60.0000
266.9354	17.5500	60.0000
266.9500	17.5366	60.0000
266.9906	17.5000	60.0000
267.0000	17.4910	60.0000
267.0429	17.4500	60.0000
267.0500	17.4427	60.0000
267.0906	17.4000	60.0000
267.1000	17.3891	60.0000
267.1330	17.3500	60.0000
267.1500	17.3273	60.0000
267.1702	17.3000	60.0000
267.2000	17.2540	60.0000
267.2026	17.2500	60.0000
267.2315	17.2000	60.0000
267.2500	17.1629	60.0000
267.2565	17.1500	60.0000
267.2786	17.1000	60.0000
267.2975	17.0500	60.0000
267.3000	17.0422	60.0000
267.3141	17.0000	60.0000
267.3283	16.9500	60.0000
267.3405	16.9000	60.0000
267.3500	16.8549	60.0000
267.3511	16.8500	60.0000
267.3606	16.8000	60.0000
267.3691	16.7500	60.0000
267.3770	16.7000	60.0000
267.3846	16.6500	60.0000
267.3922	16.6000	60.0000
267.4000	16.5515	60.0000
267.4002	16.5500	60.0000
267.4095	16.5000	60.0000
267.4197	16.4500	60.0000
267.4312	16.4000	60.0000
267.4441	16.3500	60.0000
267.4500	16.3300	60.0000
267.4593	16.3000	60.0000
267.4768	16.2500	60.0000
267.4962	16.2000	60.0000
267.5000	16.1913	60.0000
267.5192	16.1500	60.0000
267.5446	16.1000	60.0000
267.5500	16.0905	60.0000
267.5743	16.0500	60.0000
267.6000	16.0102	60.0000
267.6071	16.0000	60.0000
267.6443	15.9500	60.0000
267.6500	15.9429	60.0000
267.6864	15.9000	60.0000
267.7000	15.8849	60.0000
267.7330	15.8500	60.0000
267.7500	15.8329	60.0000
267.7841	15.8000	60.0000
267.8000	15.7854	60.0000
267.8396	15.7500	60.0000
267.8500	15.7410	60.0000
267.8986	15.7000	60.0000
267.9000	15.6989	60.0000
267.9500	15.6589	60.0000
267.9611	15.6500	60.0000
268.0000	15.6197	60.0000
268.0251	15.6000	60.0000
268.0500	15.5808	60.0000
268.0895	15.5500	60.0000
268.1000	15.5419	60.0000
268.1500	15.5030	60.0000
268.1539	15.5000	60.0000
268.2000	15.4644	60.0000
268.2183	15.4500	60.0000
268.2500	15.4253	60.0000
268.2822	15.4000	60.0000
268.3000	15.3860	60.0000
268.3457	15.3500	60.0000
268.3500	15.3466	60.0000
268.4000	15.3074	60.0000
268.4095	15.3000	60.0000
268.4500	15.2682	60.0000
268.4735	15.2500	60.0000
268.5000	15.2292	60.0000
268.5376	15.2000	60.0000
268.5500	15.1902	60.0000
268.6000	15.1515	60.0000
268.6020	15.1500	60.0000
268.6500	15.1132	60.0000
268.6674	15.1000	60.0000
268.7000	15.0751	60.0000
268.7331	15.0500	60.0000
268.7500	15.0372	60.0000
268.7990	15.0000	60.0000
268.8000	14.9993	60.0000
268.8500	14.9620	60.0000
268.8660	14.9500	60.0000
268.9000	14.9249	60.0000
268.9331	14.9000	60.0000
268.9500	14.8877	60.0000
269.0000	14.8506	60.0000
269.0007	14.8500	60.0000
269.0500	14.8151	60.0000
269.0707	14.8000	60.0000
269.1000	14.7801	60.0000
269.1431	14.7500	60.0000
269.1500	14.7456	60.0000
269.2000	14.7134	60.0000
269.2205	14.7000	60.0000
269.2500	14.6825	60.0000
269.3000	14.6523	60.0000
269.3039	14.6500	60.0000
269.3500	14.6252	60.0000
269.3959	14.6000	60.0000
269.4000	14.5980	60.0000
269.4500	14.5736	60.0000
269.4974	14.5500	60.0000
269.5000	14.5488	60.0000
269.5500	14.5266	60.0000
269.6000	14.5036	60.0000
269.6080	14.5000	60.0000
269.6500	14.4824	60.0000
269.7000	14.4609	60.0000
269.7250	14.4500	60.0000
269.7500	14.4398	60.0000
269.8000	14.4190	60.0000
269.8438	14.4000	60.0000
269.8500	14.3975	60.0000
269.9000	14.3769	60.0000
269.9500	14.3551	60.0000
269.9615	14.3500	60.0000
270.0000	14.3339	60.0000
270.0500	14.3118	60.0000
270.0758	14.3000	60.0000
270.1000	14.2896	60.0000
270.1500	14.2673	60.0000
270.1872	14.2500	60.0000
270.2000	14.2444	60.0000
270.2500	14.2222	60.0000
270.2980	14.2000	60.0000
270.3000	14.1991	60.0000
270.3500	14.1777	60.0000
270.4000	14.1554	60.0000
270.4125	14.1500	60.0000
270.4500	14.1345	60.0000
270.5000	14.1138	60.0000
270.5335	14.1000	60.0000
270.5500	14.0935	60.0000
270.6000	14.0746	60.0000
270.6500	14.0556	60.0000
270.6655	14.0500	60.0000
270.7000	14.0379	60.0000
270.7500	14.0208	60.0000
270.8000	14.0035	60.0000
270.8107	14.0000	60.0000
270.8500	13.9871	60.0000
270.9000	13.9700	60.0000
270.9500	13.9513	60.0000
270.9533	13.9500	60.0000
271.0000	13.9315	60.0000
271.0500	13.9073	60.0000
271.0632	13.9000	60.0000
271.1000	13.8796	60.0000
271.1434	13.8500	60.0000
271.1500	13.8458	60.0000
271.2000	13.8095	60.0000
271.2115	13.8000	60.0000
271.2500	13.7724	60.0000
271.2779	13.7500	60.0000
271.3000	13.7353	60.0000
271.3483	13.7000	60.0000
271.3500	13.6990	60.0000
271.4000	13.6675	60.0000
271.4257	13.6500	60.0000
271.4500	13.6363	60.0000
271.5000	13.6061	60.0000
271.5095	13.6000	60.0000
271.5500	13.5781	60.0000
271.5977	13.5500	60.0000
271.6000	13.5488	60.0000
271.6500	13.5224	60.0000
271.6893	13.5000	60.0000
271.7000	13.4946	60.0000
271.7500	13.4690	60.0000
271.7857	13.4500	60.0000
271.8000	13.4431	60.0000
271.8500	13.4193	60.0000
271.8896	13.4000	60.0000
271.9000	13.3953	60.0000
271.9500	13.3736	60.0000
272.0000	13.3509	60.0000
272.0021	13.3500	60.0000
272.0500	13.3303	60.0000
272.1000	13.3083	60.0000
272.1183	13.3000	60.0000
272.1500	13.2862	60.0000
272.2000	13.2622	60.0000
272.2230	13.2500	60.0000
272.2500	13.2361	60.0000
272.3000	13.2064	60.0000
272.3096	13.2000	60.0000
272.3500	13.1740	60.0000
272.3818	13.1500	60.0000
272.4000	13.1369	60.0000
272.4447	13.1000	60.0000
272.4500	13.0959	60.0000
272.5000	13.0524	60.0000
272.5025	13.0500	60.0000
272.5500	13.0074	60.0000
272.5575	13.0000	60.0000
272.6000	12.9610	60.0000
272.6111	12.9500	60.0000
272.6500	12.9140	60.0000
272.6640	12.9000	60.0000
272.7000	12.8665	60.0000
272.7167	12.8500	60.0000
272.7500	12.8189	60.0000
272.7692	12.8000	60.0000
272.8000	12.7711	60.0000
272.8214	12.7500	60.0000
272.8500	12.7230	60.0000
272.8732	12.7000	60.0000
272.9000	12.6744	60.0000
272.9244	12.6500	60.0000
272.9500	12.6252	60.0000
272.9749	12.6000	60.0000
273.0000	12.5753	60.0000
273.0248	12.5500	60.0000
273.0500	12.5248	60.0000
273.0742	12.5000	60.0000
273.1000	12.4740	60.0000
273.1234	12.4500	60.0000
273.1500	12.4233	60.0000
273.1729	12.4000	60.0000
273.2000	12.3731	60.0000
273.2231	12.3500	60.0000
273.2500	12.3238	60.0000
273.2745	12.3000	60.0000
273.3000	12.2758	60.0000
273.3273	12.2500	60.0000
273.3500	12.2290	60.0000
273.3817	12.2000	60.0000
273.4000	12.1836	60.0000
273.4377	12.1500	60.0000
273.4500	12.1393	60.0000
273.4951	12.1000	60.0000
273.5000	12.0958	60.0000
273.5500	12.0531	60.0000
273.5536	12.0500	60.0000
273.6000	12.0108	60.0000
273.6127	12.0000	60.0000
273.6500	11.9684	60.0000
273.6713	11.9500	60.0000
273.7000	11.9253	60.0000
273.7289	11.9000	60.0000
273.7500	11.8814	60.0000
273.7851	11.8500	60.0000
273.8000	11.8366	60.0000
273.8400	11.8000	60.0000
273.8500	11.7907	60.0000
273.8938	11.7500	60.0000
273.9000	11.7441	60.0000
273.9470	11.7000	60.0000
273.9500	11.6972	60.0000
274.0000	11.6505	60.0000
274.0005	11.6500	60.0000
274.0500	11.6048	60.0000
274.0554	11.6000	60.0000
274.1000	11.5605	60.0000
274.1123	11.5500	60.0000
274.1500	11.5179	60.0000
274.1720	11.5000	60.0000
274.2000	11.4771	60.0000
274.2347	11.4500	60.0000
274.2500	11.4380	60.0000
274.3000	11.4004	60.0000
274.3006	11.4000	60.0000
274.3500	11.3642	60.0000
274.3702	11.3500	60.0000
274.4000	11.3287	60.0000
274.4411	11.3000	60.0000
274.4500	11.2936	60.0000
274.5000	11.2587	60.0000
274.5127	11.2500	60.0000
274.5500	11.2235	60.0000
274.5831	11.2000	60.0000
274.6000	11.1876	60.0000
274.6500	11.1507	60.0000
274.6510	11.1500	60.0000
274.7000	11.1128	60.0000
274.7166	11.1000	60.0000
274.7500	11.0736	60.0000
274.7793	11.0500	60.0000
274.8000	11.0329	60.0000
274.8393	11.0000	60.0000
274.8500	10.9910	60.0000
274.8975	10.9500	60.0000
274.9000	10.9478	60.0000
274.9500	10.9043	60.0000
274.9549	10.9000	60.0000
275.0000	10.8607	60.0000
275.0122	10.8500	60.0000
275.0500	10.8175	60.0000
275.0703	10.8000	60.0000
275.1000	10.7751	60.0000
275.1302	10.7500	60.0000
275.1500	10.7339	60.0000
275.1924	10.7000	60.0000
275.2000	10.6940	60.0000
275.2500	10.6561	60.0000
275.2583	10.6500	60.0000
275.3000	10.6200	60.0000
275.3287	10.6000	60.0000
275.3500	10.5852	60.0000
275.4000	10.5515	60.0000
275.4024	10.5500	60.0000
275.4500	10.5199	60.0000
275.4828	10.5000	60.0000
275.5000	10.4892	60.0000
275.5500	10.4601	60.0000
275.5694	10.4500	60.0000
275.6000	10.4330	60.0000
275.6500	10.4083	60.0000
275.6710	10.4000	60.0000
275.7000	10.3875	60.0000
275.7500	10.3717	60.0000
275.8000	10.3628	60.0000
275.8500	10.3639	60.0000
275.9000	10.3785	60.0000
275.9363	10.4000	60.0000
275.9500	10.4084	60.0000
276.0000	10.4458	60.0000
276.0057	10.4500	60.0000
276.0500	10.4752	60.0000
276.1000	10.4969	60.0000
276.1124	10.5000	60.0000
276.1500	10.5073	60.0000
276.2000	10.5098	60.0000
276.2500	10.5053	60.0000
276.2751	10.5000	60.0000
276.3000	10.4931	60.0000
276.3500	10.4728	60.0000
276.3935	10.4500	60.0000
276.4000	10.4454	60.0000
276.4500	10.4071	60.0000
276.4593	10.4000	60.0000
276.5000	10.3608	60.0000
276.5129	10.3500	60.0000
276.5500	10.3170	60.0000
276.5754	10.3000	60.0000
276.6000	10.2858	60.0000
276.6500	10.2666	60.0000
276.7000	10.2545	60.0000
276.7284	10.2500	60.0000
276.7500	10.2473	60.0000
276.8000	10.2425	60.0000
276.8500	10.2378	60.0000
276.9000	10.2319	60.0000
276.9500	10.2235	60.0000
277.0000	10.2119	60.0000
277.0399	10.2000	60.0000
277.0500	10.1976	60.0000
277.1000	10.1846	60.0000
