> 20 contour -Z20
126.3500	-0.5619	20.0000
126.3978	-0.5500	20.0000
126.4000	-0.5494	20.0000
126.4500	-0.5297	20.0000
126.5000	-0.5047	20.0000
126.5077	-0.5000	20.0000
126.5500	-0.4701	20.0000
126.5742	-0.4500	20.0000
126.6000	-0.4243	20.0000
126.6213	-0.4000	20.0000
126.6500	-0.3594	20.0000
126.6560	-0.3500	20.0000
126.6811	-0.3000	20.0000
126.7000	-0.2513	20.0000
126.7005	-0.2500	20.0000
126.7138	-0.2000	20.0000
126.7232	-0.1500	20.0000
126.7291	-0.1000	20.0000
126.7320	-0.0500	20.0000
126.7324	0.0000	20.0000
126.7305	0.0500	20.0000
126.7269	0.1000	20.0000
126.7220	0.1500	20.0000
126.7161	0.2000	20.0000
126.7098	0.2500	20.0000
126.7033	0.3000	20.0000
126.7000	0.3265	20.0000
126.6969	0.3500	20.0000
126.6910	0.4000	20.0000
126.6858	0.4500	20.0000
126.6817	0.5000	20.0000
126.6787	0.5500	20.0000
126.6770	0.6000	20.0000
126.6765	0.6500	20.0000
126.6773	0.7000	20.0000
126.6794	0.7500	20.0000
126.6827	0.8000	20.0000
126.6871	0.8500	20.0000
126.6926	0.9000	20.0000
126.6991	0.9500	20.0000
126.7000	0.9557	20.0000
126.7065	1.0000	20.0000
126.7146	1.0500	20.0000
126.7235	1.1000	20.0000
126.7332	1.1500	20.0000
126.7435	1.2000	20.0000
126.7500	1.2296	20.0000
126.7544	1.2500	20.0000
126.7659	1.3000	20.0000
126.7781	1.3500	20.0000
126.7909	1.4000	20.0000
126.8000	1.4336	20.0000
126.8044	1.4500	20.0000
126.8184	1.5000	20.0000
126.8331	1.5500	20.0000
126.8484	1.6000	20.0000
126.8500	1.6050	20.0000
126.8643	1.6500	20.0000
126.8808	1.7000	20.0000
126.8979	1.7500	20.0000
126.9000	1.7559	20.0000
126.9156	1.8000	20.0000
126.9339	1.8500	20.0000
126.9500	1.8925	20.0000
126.9529	1.9000	20.0000
126.9724	1.9500	20.0000
126.9926	2.0000	20.0000
127.0000	2.0181	20.0000
127.0134	2.0500	20.0000
127.0349	2.1000	20.0000
127.0500	2.1345	20.0000
127.0570	2.1500	20.0000
127.0797	2.2000	20.0000
127.1000	2.2438	20.0000
127.1029	2.2500	20.0000
127.1267	2.3000	20.0000
127.1500	2.3487	20.0000
127.1506	2.3500	20.0000
127.1748	2.4000	20.0000
127.1989	2.4500	20.0000
127.2000	2.4523	20.0000
127.2229	2.5000	20.0000
127.2464	2.5500	20.0000
127.2500	2.5578	20.0000
127.2695	2.6000	20.0000
127.2919	2.6500	20.0000
127.3000	2.6688	20.0000
127.3136	2.7000	20.0000
127.3347	2.7500	20.0000
127.3500	2.7875	20.0000
127.3551	2.8000	20.0000
127.3749	2.8500	20.0000
127.3942	2.9000	20.0000
127.4000	2.9153	20.0000
127.4130	2.9500	20.0000
127.4314	3.0000	20.0000
127.4495	3.0500	20.0000
127.4500	3.0514	20.0000
127.4671	3.1000	20.0000
127.4844	3.1500	20.0000
127.5000	3.1954	20.0000
127.5016	3.2000	20.0000
127.5180	3.2500	20.0000
127.5344	3.3000	20.0000
127.5500	3.3475	20.0000
127.5508	3.3500	20.0000
127.5664	3.4000	20.0000
127.5821	3.4500	20.0000
127.5980	3.5000	20.0000
127.6000	3.5064	20.0000
127.6133	3.5500	20.0000
127.6287	3.6000	20.0000
127.6444	3.6500	20.0000
127.6500	3.6678	20.0000
127.6598	3.7000	20.0000
127.6750	3.7500	20.0000
127.6903	3.8000	20.0000
127.7000	3.8318	20.0000
127.7054	3.8500	20.0000
127.7197	3.9000	20.0000
127.7336	3.9500	20.0000
127.7469	4.0000	20.0000
127.7500	4.0128	20.0000
127.7588	4.0500	20.0000
127.7694	4.1000	20.0000
127.7787	4.1500	20.0000
127.7863	4.2000	20.0000
127.7922	4.2500	20.0000
127.7964	4.3000	20.0000
127.7988	4.3500	20.0000
127.7997	4.4000	20.0000
127.7993	4.4500	20.0000
127.7977	4.5000	20.0000
127.7953	4.5500	20.0000
> 20 contour -Z20
124.4582	-0.5000	20.0000
124.4500	-0.4957	20.0000
124.4000	-0.4642	20.0000
124.3808	-0.4500	20.0000
124.3500	-0.4178	20.0000
124.3344	-0.4000	20.0000
124.3166	-0.3500	20.0000
124.3289	-0.3000	20.0000
124.3500	-0.2751	20.0000
124.3702	-0.2500	20.0000
124.4000	-0.2273	20.0000
124.4340	-0.2000	20.0000
124.4500	-0.1900	20.0000
124.5000	-0.1573	20.0000
124.5108	-0.1500	20.0000
124.5500	-0.1265	20.0000
124.5925	-0.1000	20.0000
124.6000	-0.0956	20.0000
124.6500	-0.0652	20.0000
124.6741	-0.0500	20.0000
124.7000	-0.0339	20.0000
124.7500	-0.0017	20.0000
124.7526	0.0000	20.0000
124.8000	0.0316	20.0000
124.8267	0.0500	20.0000
124.8500	0.0665	20.0000
124.8960	0.1000	20.0000
124.9000	0.1030	20.0000
124.9500	0.1415	20.0000
124.9609	0.1500	20.0000
125.0000	0.1820	20.0000
125.0218	0.2000	20.0000
125.0500	0.2246	20.0000
125.0791	0.2500	20.0000
125.1000	0.2692	20.0000
125.1336	0.3000	20.0000
125.1500	0.3158	20.0000
125.1858	0.3500	20.0000
125.2000	0.3642	20.0000
125.2362	0.4000	20.0000
125.2500	0.4141	20.0000
125.2855	0.4500	20.0000
125.3000	0.4652	20.0000
125.3339	0.5000	20.0000
125.3500	0.5170	20.0000
125.3817	0.5500	20.0000
125.4000	0.5694	20.0000
125.4291	0.6000	20.0000
125.4500	0.6222	20.0000
125.4762	0.6500	20.0000
125.5000	0.6755	20.0000
125.5227	0.7000	20.0000
125.5500	0.7296	20.0000
125.5685	0.7500	20.0000
125.6000	0.7851	20.0000
125.6131	0.8000	20.0000
125.6500	0.8426	20.0000
125.6562	0.8500	20.0000
125.6974	0.9000	20.0000
125.7000	0.9032	20.0000
125.7363	0.9500	20.0000
125.7500	0.9681	20.0000
125.7730	1.0000	20.0000
125.8000	1.0385	20.0000
125.8076	1.0500	20.0000
125.8398	1.1000	20.0000
125.8500	1.1162	20.0000
125.8699	1.1500	20.0000
125.8986	1.2000	20.0000
125.9000	1.2025	20.0000
125.9249	1.2500	20.0000
125.9500	1.2992	20.0000
125.9504	1.3000	20.0000
125.9738	1.3500	20.0000
125.9966	1.4000	20.0000
126.0000	1.4075	20.0000
126.0179	1.4500	20.0000
126.0384	1.5000	20.0000
126.0500	1.5290	20.0000
126.0579	1.5500	20.0000
126.0763	1.6000	20.0000
126.0941	1.6500	20.0000
126.1000	1.6673	20.0000
126.1107	1.7000	20.0000
126.1264	1.7500	20.0000
126.1415	1.8000	20.0000
126.1500	1.8294	20.0000
126.1558	1.8500	20.0000
126.1691	1.9000	20.0000
126.1820	1.9500	20.0000
126.1944	2.0000	20.0000
126.2000	2.0235	20.0000
126.2062	2.0500	20.0000
126.2176	2.1000	20.0000
126.2288	2.1500	20.0000
126.2398	2.2000	20.0000
126.2500	2.2470	20.0000
126.2507	2.2500	20.0000
126.2613	2.3000	20.0000
126.2718	2.3500	20.0000
126.2823	2.4000	20.0000
126.2927	2.4500	20.0000
126.3000	2.4854	20.0000
126.3030	2.5000	20.0000
126.3130	2.5500	20.0000
126.3227	2.6000	20.0000
126.3321	2.6500	20.0000
126.3411	2.7000	20.0000
126.3496	2.7500	20.0000
126.3500	2.7528	20.0000
126.3574	2.8000	20.0000
126.3646	2.8500	20.0000
126.3713	2.9000	20.0000
126.3774	2.9500	20.0000
126.3830	3.0000	20.0000
126.3882	3.0500	20.0000
126.3931	3.1000	20.0000
126.3978	3.1500	20.0000
126.4000	3.1732	20.0000
126.4025	3.2000	20.0000
126.4072	3.2500	20.0000
126.4121	3.3000	20.0000
126.4174	3.3500	20.0000
126.4230	3.4000	20.0000
126.4290	3.4500	20.0000
126.4354	3.5000	20.0000
126.4422	3.5500	20.0000
126.4492	3.6000	20.0000
126.4500	3.6052	20.0000
126.4565	3.6500	20.0000
126.4637	3.7000	20.0000
126.4710	3.7500	20.0000
126.4781	3.8000	20.0000
126.4850	3.8500	20.0000
126.4915	3.9000	20.0000
126.4978	3.9500	20.0000
126.5000	3.9691	20.0000
126.5036	4.0000	20.0000
126.5088	4.0500	20.0000
126.5137	4.1000	20.0000
126.5180	4.1500	20.0000
126.5217	4.2000	20.0000
126.5250	4.2500	20.0000
126.5276	4.3000	20.0000
126.5297	4.3500	20.0000
126.5313	4.4000	20.0000
126.5323	4.4500	20.0000
126.5328	4.5000	20.0000
126.5328	4.5500	20.0000
126.5324	4.6000	20.0000
126.5317	4.6500	20.0000
126.5307	4.7000	20.0000
126.5295	4.7500	20.0000
126.5281	4.8000	20.0000
126.5265	4.8500	20.0000
126.5249	4.9000	20.0000
126.5232	4.9500	20.0000
126.5214	5.0000	20.0000
126.5195	5.0500	20.0000
126.5176	5.1000	20.0000
126.5157	5.1500	20.0000
126.5137	5.2000	20.0000
126.5115	5.2500	20.0000
126.5093	5.3000	20.0000
126.5068	5.3500	20.0000
> 40 contour -Z40
125.5975	7.8500	40.0000
125.5957	7.8000	40.0000
125.6000	7.7654	40.0000
125.6020	7.7500	40.0000
125.6158	7.7000	40.0000
125.6347	7.6500	40.0000
125.6500	7.6165	40.0000
125.6575	7.6000	40.0000
125.6825	7.5500	40.0000
125.7000	7.5156	40.0000
125.7077	7.5000	40.0000
125.7321	7.4500	40.0000
125.7500	7.4108	40.0000
125.7547	7.4000	40.0000
125.7750	7.3500	40.0000
125.7929	7.3000	40.0000
125.8000	7.2784	40.0000
125.8087	7.2500	40.0000
125.8225	7.2000	40.0000
125.8349	7.1500	40.0000
125.8464	7.1000	40.0000
125.8500	7.0844	40.0000
125.8573	7.0500	40.0000
125.8679	7.0000	40.0000
125.8789	6.9500	40.0000
125.8904	6.9000	40.0000
125.9000	6.8616	40.0000
125.9027	6.8500	40.0000
125.9153	6.8000	40.0000
125.9287	6.7500	40.0000
125.9430	6.7000	40.0000
125.9500	6.6766	40.0000
125.9576	6.6500	40.0000
125.9721	6.6000	40.0000
125.9870	6.5500	40.0000
126.0000	6.5064	40.0000
126.0018	6.5000	40.0000
126.0157	6.4500	40.0000
126.0291	6.4000	40.0000
126.0420	6.3500	40.0000
126.0500	6.3171	40.0000
126.0540	6.3000	40.0000
126.0646	6.2500	40.0000
126.0743	6.2000	40.0000
126.0830	6.1500	40.0000
126.0906	6.1000	40.0000
126.0971	6.0500	40.0000
126.1000	6.0233	40.0000
126.1024	6.0000	40.0000
126.1065	5.9500	40.0000
126.1095	5.9000	40.0000
126.1114	5.8500	40.0000
126.1124	5.8000	40.0000
126.1123	5.7500	40.0000
126.1113	5.7000	40.0000
126.1094	5.6500	40.0000
126.1066	5.6000	40.0000
126.1029	5.5500	40.0000
126.1000	5.5165	40.0000
126.0984	5.5000	40.0000
126.0930	5.4500	40.0000
126.0869	5.4000	40.0000
126.0801	5.3500	40.0000
126.0728	5.3000	40.0000
126.0650	5.2500	40.0000
126.0567	5.2000	40.0000
126.0500	5.1615	40.0000
126.0478	5.1500	40.0000
126.0382	5.1000	40.0000
126.0283	5.0500	40.0000
126.0181	5.0000	40.0000
126.0076	4.9500	40.0000
126.0000	4.9143	40.0000
125.9967	4.9000	40.0000
125.9853	4.8500	40.0000
125.9737	4.8000	40.0000
125.9621	4.7500	40.0000
125.9505	4.7000	40.0000
125.9500	4.6976	40.0000
125.9386	4.6500	40.0000
125.9268	4.6000	40.0000
125.9155	4.5500	40.0000
125.9048	4.5000	40.0000
125.9000	4.4758	40.0000
125.8946	4.4500	40.0000
125.8851	4.4000	40.0000
125.8768	4.3500	40.0000
125.8698	4.3000	40.0000
125.8641	4.2500	40.0000
125.8598	4.2000	40.0000
125.8568	4.1500	40.0000
125.8550	4.1000	40.0000
125.8540	4.0500	40.0000
125.8538	4.0000	40.0000
125.8539	3.9500	40.0000
125.8540	3.9000	40.0000
125.8539	3.8500	40.0000
125.8531	3.8000	40.0000
125.8516	3.7500	40.0000
125.8500	3.7174	40.0000
125.8491	3.7000	40.0000
125.8451	3.6500	40.0000
125.8399	3.6000	40.0000
125.8333	3.5500	40.0000
125.8255	3.5000	40.0000
125.8164	3.4500	40.0000
125.8063	3.4000	40.0000
125.8000	3.3714	40.0000
125.7949	3.3500	40.0000
125.7821	3.3000	40.0000
125.7688	3.2500	40.0000
125.7553	3.2000	40.0000
125.7500	3.1807	40.0000
125.7410	3.1500	40.0000
125.7264	3.1000	40.0000
125.7122	3.0500	40.0000
125.7000	3.0054	40.0000
125.6984	3.0000	40.0000
125.6842	2.9500	40.0000
125.6707	2.9000	40.0000
125.6576	2.8500	40.0000
125.6500	2.8194	40.0000
125.6446	2.8000	40.0000
125.6309	2.7500	40.0000
125.6170	2.7000	40.0000
125.6025	2.6500	40.0000
125.6000	2.6416	40.0000
125.5851	2.6000	40.0000
125.5647	2.5500	40.0000
125.5500	2.5186	40.0000
125.5389	2.5000	40.0000
125.5033	2.4500	40.0000
125.5000	2.4460	40.0000
125.4500	2.4011	40.0000
125.4485	2.4000	40.0000
125.4000	2.3690	40.0000
125.3667	2.3500	40.0000
125.3500	2.3413	40.0000
125.3000	2.3124	40.0000
125.2820	2.3000	40.0000
125.2500	2.2780	40.0000
125.2180	2.2500	40.0000
125.2000	2.2337	40.0000
125.1713	2.2000	40.0000
125.1500	2.1729	40.0000
125.1358	2.1500	40.0000
125.1083	2.1000	40.0000
125.1000	2.0825	40.0000
125.0872	2.0500	40.0000
125.0709	2.0000	40.0000
125.0578	1.9500	40.0000
125.0500	1.9114	40.0000
125.0480	1.9000	40.0000
125.0414	1.8500	40.0000
125.0370	1.8000	40.0000
125.0342	1.7500	40.0000
125.0329	1.7000	40.0000
125.0325	1.6500	40.0000
125.0325	1.6000	40.0000
125.0326	1.5500	40.0000
125.0321	1.5000	40.0000
125.0307	1.4500	40.0000
125.0277	1.4000	40.0000
125.0230	1.3500	40.0000
125.0162	1.3000	40.0000
125.0073	1.2500	40.0000
125.0000	1.2166	40.0000
124.9966	1.2000	40.0000
124.9844	1.1500	40.0000
124.9702	1.1000	40.0000
124.9545	1.0500	40.0000
124.9500	1.0374	40.0000
124.9373	1.0000	40.0000
124.9186	0.9500	40.0000
124.9000	0.9041	40.0000
124.8983	0.9000	40.0000
124.8763	0.8500	40.0000
124.8526	0.8000	40.0000
124.8500	0.7949	40.0000
124.8265	0.7500	40.0000
124.8000	0.7024	40.0000
124.7986	0.7000	40.0000
124.7674	0.6500	40.0000
124.7500	0.6239	40.0000
124.7335	0.6000	40.0000
124.7000	0.5549	40.0000
124.6963	0.5500	40.0000
124.6546	0.5000	40.0000
124.6500	0.4949	40.0000
124.6078	0.4500	40.0000
124.6000	0.4423	40.0000
124.5550	0.4000	40.0000
124.5500	0.3956	40.0000
124.5000	0.3544	40.0000
124.4943	0.3500	40.0000
124.4500	0.3184	40.0000
124.4225	0.3000	40.0000
124.4000	0.2861	40.0000
124.3500	0.2576	40.0000
124.3356	0.2500	40.0000
124.3000	0.2330	40.0000
124.2500	0.2112	40.0000
124.2215	0.2000	40.0000
124.2000	0.1923	40.0000
124.1500	0.1763	40.0000
124.1000	0.1621	40.0000
124.0528	0.1500	40.0000
124.0500	0.1493	40.0000
124.0000	0.1387	40.0000
123.9500	0.1288	40.0000
123.9000	0.1194	40.0000
123.8500	0.1102	40.0000
123.8000	0.1009	40.0000
123.7952	0.1000	40.0000
123.7500	0.0919	40.0000
123.7000	0.0825	40.0000
123.6500	0.0726	40.0000
123.6000	0.0621	40.0000
123.5500	0.0509	40.0000
123.5462	0.0500	40.0000
123.5000	0.0390	40.0000
123.4500	0.0263	40.0000
123.4000	0.0127	40.0000
123.3552	0.0000	40.0000
123.3500	-0.0017	40.0000
123.3000	-0.0182	40.0000
123.2500	-0.0353	40.0000
123.2074	-0.0500	40.0000
123.2000	-0.0535	40.0000
123.1500	-0.0759	40.0000
123.1000	-0.0979	40.0000
123.0944	-0.1000	40.0000
123.0500	-0.1340	40.0000
123.0262	-0.1500	40.0000
123.0257	-0.2000	40.0000
123.0500	-0.2241	40.0000
123.0681	-0.2500	40.0000
123.1000	-0.2750	40.0000
123.1253	-0.3000	40.0000
123.1500	-0.3178	40.0000
123.1884	-0.3500	40.0000
123.2000	-0.3581	40.0000
123.2500	-0.3966	40.0000
123.2541	-0.4000	40.0000
> 40 contour -Z40
126.7535	-0.7500	40.0000
126.8000	-0.7284	40.0000
126.8500	-0.7054	40.0000
126.8619	-0.7000	40.0000
126.9000	-0.6785	40.0000
126.9480	-0.6500	40.0000
126.9500	-0.6485	40.0000
127.0000	-0.6088	40.0000
127.0103	-0.6000	40.0000
127.0500	-0.5564	40.0000
127.0556	-0.5500	40.0000
127.0904	-0.5000	40.0000
127.1000	-0.4832	40.0000
127.1187	-0.4500	40.0000
127.1426	-0.4000	40.0000
127.1500	-0.3821	40.0000
127.1634	-0.3500	40.0000
127.1818	-0.3000	40.0000
127.1979	-0.2500	40.0000
127.2000	-0.2425	40.0000
127.2122	-0.2000	40.0000
127.2246	-0.1500	40.0000
127.2351	-0.1000	40.0000
127.2437	-0.0500	40.0000
127.2500	-0.0042	40.0000
127.2506	0.0000	40.0000
127.2557	0.0500	40.0000
127.2592	0.1000	40.0000
127.2611	0.1500	40.0000
127.2615	0.2000	40.0000
127.2605	0.2500	40.0000
127.2583	0.3000	40.0000
127.2549	0.3500	40.0000
127.2504	0.4000	40.0000
127.2500	0.4042	40.0000
127.2452	0.4500	40.0000
127.2393	0.5000	40.0000
127.2329	0.5500	40.0000
127.2262	0.6000	40.0000
127.2192	0.6500	40.0000
127.2124	0.7000	40.0000
127.2057	0.7500	40.0000
127.2000	0.7953	40.0000
127.1994	0.8000	40.0000
127.1940	0.8500	40.0000
127.1894	0.9000	40.0000
127.1856	0.9500	40.0000
127.1830	1.0000	40.0000
127.1815	1.0500	40.0000
127.1814	1.1000	40.0000
127.1828	1.1500	40.0000
127.1857	1.2000	40.0000
127.1902	1.2500	40.0000
127.1964	1.3000	40.0000
127.2000	1.3225	40.0000
127.2046	1.3500	40.0000
127.2148	1.4000	40.0000
127.2268	1.4500	40.0000
127.2403	1.5000	40.0000
127.2500	1.5317	40.0000
127.2559	1.5500	40.0000
127.2736	1.6000	40.0000
127.2927	1.6500	40.0000
127.3000	1.6677	40.0000
127.3140	1.7000	40.0000
127.3370	1.7500	40.0000
127.3500	1.7771	40.0000
127.3617	1.8000	40.0000
127.3881	1.8500	40.0000
127.4000	1.8717	40.0000
127.4163	1.9000	40.0000
127.4458	1.9500	40.0000
127.4500	1.9570	40.0000
127.4772	2.0000	40.0000
127.5000	2.0357	40.0000
127.5095	2.0500	40.0000
127.5429	2.1000	40.0000
127.5500	2.1107	40.0000
127.5770	2.1500	40.0000
127.6000	2.1840	40.0000
127.6110	2.2000	40.0000
127.6447	2.2500	40.0000
127.6500	2.2580	40.0000
127.6778	2.3000	40.0000
127.7000	2.3352	40.0000
127.7094	2.3500	40.0000
127.7396	2.4000	40.0000
127.7500	2.4183	40.0000
127.7681	2.4500	40.0000
127.7948	2.5000	40.0000
127.8000	2.5103	40.0000
127.8200	2.5500	40.0000
127.8435	2.6000	40.0000
127.8500	2.6148	40.0000
127.8656	2.6500	40.0000
127.8864	2.7000	40.0000
127.9000	2.7354	40.0000
127.9058	2.7500	40.0000
127.9242	2.8000	40.0000
127.9414	2.8500	40.0000
127.9500	2.8768	40.0000
127.9577	2.9000	40.0000
127.9733	2.9500	40.0000
127.9880	3.0000	40.0000
128.0000	3.0435	40.0000
128.0019	3.0500	40.0000
128.0160	3.1000	40.0000
128.0297	3.1500	40.0000
128.0430	3.2000	40.0000
128.0500	3.2261	40.0000
128.0569	3.2500	40.0000
128.0716	3.3000	40.0000
128.0865	3.3500	40.0000
128.1000	3.3942	40.0000
128.1019	3.4000	40.0000
128.1194	3.4500	40.0000
128.1372	3.5000	40.0000
128.1500	3.5348	40.0000
128.1561	3.5500	40.0000
128.1769	3.6000	40.0000
128.1978	3.6500	40.0000
128.2000	3.6552	40.0000
128.2210	3.7000	40.0000
128.2442	3.7500	40.0000
128.2500	3.7625	40.0000
128.2691	3.8000	40.0000
128.2939	3.8500	40.0000
128.3000	3.8624	40.0000
128.3201	3.9000	40.0000
128.3457	3.9500	40.0000
128.3500	3.9585	40.0000
128.3725	4.0000	40.0000
128.3980	4.0500	40.0000
128.4000	4.0540	40.0000
128.4246	4.1000	40.0000
128.4497	4.1500	40.0000
128.4500	4.1506	40.0000
128.4758	4.2000	40.0000
> 40 contour -Z40
120.7500	2.8248	40.0000
120.8000	2.8146	40.0000
120.8156	2.8000	40.0000
120.8350	2.7500	40.0000
120.8320	2.7000	40.0000
120.8185	2.6500	40.0000
120.8000	2.6011	40.0000
120.7995	2.6000	40.0000
120.7724	2.5500	40.0000
120.7500	2.5097	40.0000
120.7441	2.5000	40.0000
120.7115	2.4500	40.0000
120.7000	2.4328	40.0000
120.6759	2.4000	40.0000
120.6500	2.3641	40.0000
120.6383	2.3500	40.0000
120.6000	2.3033	40.0000
120.5966	2.3000	40.0000
120.5500	2.2541	40.0000
120.5442	2.2500	40.0000
120.5000	2.2195	40.0000
120.4500	2.2006	40.0000
120.4000	2.2195	40.0000
120.3832	2.2500	40.0000
> 40 contour -Z40
122.3000	-0.0388	40.0000
122.3500	-0.0237	40.0000
122.4000	-0.0158	40.0000
122.4500	-0.0145	40.0000
122.5000	-0.0193	40.0000
122.5500	-0.0292	40.0000
122.6000	-0.0430	40.0000
122.6218	-0.0500	40.0000
122.6500	-0.0664	40.0000
122.7000	-0.0953	40.0000
122.7090	-0.1000	40.0000
122.7326	-0.1500	40.0000
122.7000	-0.1768	40.0000
122.6710	-0.2000	40.0000
122.6500	-0.2073	40.0000
122.6000	-0.2239	40.0000
122.5500	-0.2375	40.0000
122.5000	-0.2469	40.0000
122.4632	-0.2500	40.0000
122.4500	-0.2508	40.0000
122.4232	-0.2500	40.0000
122.4000	-0.2491	40.0000
122.3500	-0.2398	40.0000
122.3000	-0.2220	40.0000
122.2605	-0.2000	40.0000
122.2500	-0.1888	40.0000
122.2238	-0.1500	40.0000
122.2269	-0.1000	40.0000
122.2500	-0.0726	40.0000
122.2757	-0.0500	40.0000
122.3000	-0.0388	40.0000
> 40 contour -Z40
123.4000	-0.5107	40.0000
123.4497	-0.5500	40.0000
123.4500	-0.5503	40.0000
123.5000	-0.5951	40.0000
123.5054	-0.6000	40.0000
123.5488	-0.6500	40.0000
123.5500	-0.6521	40.0000
123.5749	-0.7000	40.0000
123.5826	-0.7500	40.0000
> 60 contour -Z60
123.9588	10.5500	60.0000
123.9799	10.5000	60.0000
123.9954	10.4500	60.0000
124.0000	10.4316	60.0000
124.0074	10.4000	60.0000
124.0179	10.3500	60.0000
124.0283	10.3000	60.0000
124.0391	10.2500	60.0000
124.0500	10.2041	60.0000
124.0509	10.2000	60.0000
124.0635	10.1500	60.0000
124.0771	10.1000	60.0000
124.0915	10.0500	60.0000
124.1000	10.0224	60.0000
124.1066	10.0000	60.0000
124.1222	9.9500	60.0000
124.1381	9.9000	60.0000
124.1500	9.8634	60.0000
124.1542	9.8500	60.0000
124.1706	9.8000	60.0000
124.1870	9.7500	60.0000
124.2000	9.7106	60.0000
124.2035	9.7000	60.0000
124.2202	9.6500	60.0000
124.2370	9.6000	60.0000
124.2500	9.5614	60.0000
124.2540	9.5500	60.0000
124.2716	9.5000	60.0000
124.2896	9.4500	60.0000
124.3000	9.4219	60.0000
124.3085	9.4000	60.0000
124.3288	9.3500	60.0000
124.3500	9.3002	60.0000
124.3501	9.3000	60.0000
124.3742	9.2500	60.0000
124.4000	9.2002	60.0000
124.4001	9.2000	60.0000
124.4301	9.1500	60.0000
124.4500	9.1194	60.0000
124.4639	9.1000	60.0000
124.5000	9.0531	60.0000
124.5026	9.0500	60.0000
124.5470	9.0000	60.0000
124.5500	8.9968	60.0000
124.5966	8.9500	60.0000
124.6000	8.9467	60.0000
124.6495	8.9000	60.0000
124.6500	8.8996	60.0000
> 60 contour -Z60
124.9815	7.7500	60.0000
124.9915	7.7000	60.0000
125.0000	7.6666	60.0000
125.0040	7.6500	60.0000
125.0189	7.6000	60.0000
125.0370	7.5500	60.0000
125.0500	7.5192	60.0000
125.0579	7.5000	60.0000
125.0811	7.4500	60.0000
125.1000	7.4141	60.0000
125.1073	7.4000	60.0000
125.1354	7.3500	60.0000
125.1500	7.3260	60.0000
125.1655	7.3000	60.0000
125.1976	7.2500	60.0000
125.2000	7.2463	60.0000
125.2295	7.2000	60.0000
125.2500	7.1691	60.0000
125.2621	7.1500	60.0000
125.2941	7.1000	60.0000
125.3000	7.0907	60.0000
125.3240	7.0500	60.0000
125.3500	7.0059	60.0000
125.3532	7.0000	60.0000
125.3791	6.9500	60.0000
125.4000	6.9088	60.0000
125.4040	6.9000	60.0000
125.4257	6.8500	60.0000
125.4467	6.8000	60.0000
125.4500	6.7914	60.0000
125.4644	6.7500	60.0000
125.4805	6.7000	60.0000
125.4954	6.6500	60.0000
125.5000	6.6316	60.0000
125.5072	6.6000	60.0000
125.5163	6.5500	60.0000
125.5231	6.5000	60.0000
125.5270	6.4500	60.0000
125.5276	6.4000	60.0000
125.5244	6.3500	60.0000
125.5171	6.3000	60.0000
125.5053	6.2500	60.0000
125.5000	6.2331	60.0000
125.4862	6.2000	60.0000
125.4600	6.1500	60.0000
125.4500	6.1333	60.0000
125.4224	6.1000	60.0000
125.4000	6.0751	60.0000
125.3677	6.0500	60.0000
125.3500	6.0364	60.0000
125.3000	6.0107	60.0000
125.2656	6.0000	60.0000
125.2500	5.9948	60.0000
125.2000	5.9867	60.0000
125.1500	5.9856	60.0000
125.1000	5.9907	60.0000
125.0578	6.0000	60.0000
125.0500	6.0016	60.0000
125.0000	6.0172	60.0000
124.9500	6.0386	60.0000
124.9290	6.0500	60.0000
124.9000	6.0654	60.0000
124.8500	6.0987	60.0000
124.8483	6.1000	60.0000
124.8000	6.1377	60.0000
124.7865	6.1500	60.0000
124.7500	6.1836	60.0000
124.7340	6.2000	60.0000
124.7000	6.2353	60.0000
124.6868	6.2500	60.0000
124.6500	6.2911	60.0000
124.6422	6.3000	60.0000
124.6000	6.3477	60.0000
124.5979	6.3500	60.0000
124.5511	6.4000	60.0000
124.5500	6.4011	60.0000
124.5000	6.4481	60.0000
124.4976	6.4500	60.0000
124.4500	6.4859	60.0000
124.4257	6.5000	60.0000
124.4000	6.5141	60.0000
124.3500	6.5317	60.0000
124.3000	6.5390	60.0000
124.2500	6.5362	60.0000
124.2000	6.5248	60.0000
124.1500	6.5075	60.0000
124.1306	6.5000	60.0000
124.1000	6.4867	60.0000
124.0500	6.4675	60.0000
124.0000	6.4548	60.0000
123.9500	6.4525	60.0000
123.9000	6.4633	60.0000
123.8500	6.4886	60.0000
123.8359	6.5000	60.0000
123.8000	6.5265	60.0000
123.7764	6.5500	60.0000
123.7500	6.5739	60.0000
123.7263	6.6000	60.0000
123.7000	6.6263	60.0000
123.6790	6.6500	60.0000
123.6500	6.6793	60.0000
123.6307	6.7000	60.0000
123.6000	6.7293	60.0000
123.5782	6.7500	60.0000
123.5500	6.7738	60.0000
123.5163	6.8000	60.0000
123.5000	6.8112	60.0000
123.4500	6.8411	60.0000
123.4312	6.8500	60.0000
123.4000	6.8633	60.0000
123.3500	6.8783	60.0000
123.3000	6.8870	60.0000
123.2500	6.8898	60.0000
123.2000	6.8873	60.0000
123.1500	6.8803	60.0000
123.1000	6.8693	60.0000
123.0500	6.8552	60.0000
123.0347	6.8500	60.0000
123.0000	6.8381	60.0000
122.9500	6.8189	60.0000
122.9048	6.8000	60.0000
122.9000	6.7980	60.0000
122.8500	6.7758	60.0000
122.8000	6.7528	60.0000
> 60 contour -Z60
128.7000	1.4025	60.0000
128.6792	1.4500	60.0000
128.6545	1.5000	60.0000
128.6500	1.5083	60.0000
128.6276	1.5500	60.0000
128.6000	1.5963	60.0000
128.5978	1.6000	60.0000
128.5653	1.6500	60.0000
128.5500	1.6725	60.0000
128.5306	1.7000	60.0000
128.5000	1.7436	60.0000
128.4953	1.7500	60.0000
128.4617	1.8000	60.0000
128.4500	1.8199	60.0000
128.4324	1.8500	60.0000
128.4094	1.9000	60.0000
128.4000	1.9293	60.0000
128.3937	1.9500	60.0000
128.3851	2.0000	60.0000
128.3829	2.0500	60.0000
128.3863	2.1000	60.0000
128.3945	2.1500	60.0000
128.4000	2.1718	60.0000
128.4072	2.2000	60.0000
128.4240	2.2500	60.0000
128.4441	2.3000	60.0000
128.4500	2.3126	60.0000
128.4682	2.3500	60.0000
128.4956	2.4000	60.0000
128.5000	2.4072	60.0000
128.5273	2.4500	60.0000
128.5500	2.4826	60.0000
128.5626	2.5000	60.0000
128.6000	2.5473	60.0000
128.6022	2.5500	60.0000
128.6466	2.6000	60.0000
128.6500	2.6036	60.0000
128.6955	2.6500	60.0000
128.7000	2.6543	60.0000
128.7489	2.7000	60.0000
128.7500	2.7010	60.0000
128.8000	2.7447	60.0000
128.8061	2.7500	60.0000
128.8500	2.7865	60.0000
128.8661	2.8000	60.0000
128.9000	2.8273	60.0000
128.9279	2.8500	60.0000
128.9500	2.8675	60.0000
128.9906	2.9000	60.0000
129.0000	2.9074	60.0000
129.0500	2.9470	60.0000
129.0537	2.9500	60.0000
129.1000	2.9865	60.0000
129.1172	3.0000	60.0000
129.1500	3.0259	60.0000
129.1807	3.0500	60.0000
129.2000	3.0654	60.0000
129.2439	3.1000	60.0000
129.2500	3.1049	60.0000
129.3000	3.1448	60.0000
129.3065	3.1500	60.0000
129.3500	3.1858	60.0000
129.3668	3.2000	60.0000
129.4000	3.2291	60.0000
129.4223	3.2500	60.0000
129.4500	3.2768	60.0000
> 60 contour -Z60
128.0000	-0.1909	60.0000
127.9894	-0.1500	60.0000
127.9824	-0.1000	60.0000
127.9802	-0.0500	60.0000
127.9819	0.0000	60.0000
127.9870	0.0500	60.0000
127.9949	0.1000	60.0000
128.0000	0.1232	60.0000
128.0072	0.1500	60.0000
128.0242	0.2000	60.0000
128.0445	0.2500	60.0000
128.0500	0.2615	60.0000
