> 20 contour -Z20
70.6600	35.6922	20.0000
70.6400	35.6941	20.0000
70.6200	35.6961	20.0000
70.6000	35.6982	20.0000
70.5830	35.7000	20.0000
70.5800	35.7003	20.0000
70.5600	35.7022	20.0000
70.5400	35.7043	20.0000
70.5200	35.7064	20.0000
70.5000	35.7087	20.0000
70.4800	35.7112	20.0000
70.4600	35.7142	20.0000
70.4400	35.7180	20.0000
70.4314	35.7200	20.0000
70.4200	35.7233	20.0000
70.4000	35.7320	20.0000
70.3890	35.7400	20.0000
70.3800	35.7558	20.0000
70.3785	35.7600	20.0000
70.3782	35.7800	20.0000
70.3800	35.7865	20.0000
70.3830	35.8000	20.0000
70.3913	35.8200	20.0000
70.4000	35.8353	20.0000
70.4024	35.8400	20.0000
70.4166	35.8600	20.0000
70.4200	35.8637	20.0000
70.4343	35.8800	20.0000
70.4400	35.8851	20.0000
70.4564	35.9000	20.0000
70.4600	35.9027	20.0000
70.4800	35.9169	20.0000
70.4845	35.9200	20.0000
70.5000	35.9287	20.0000
70.5200	35.9392	20.0000
70.5217	35.9400	20.0000
70.5400	35.9477	20.0000
70.5600	35.9552	20.0000
70.5742	35.9600	20.0000
70.5800	35.9618	20.0000
70.6000	35.9673	20.0000
70.6200	35.9723	20.0000
70.6400	35.9766	20.0000
70.6577	35.9800	20.0000
70.6600	35.9804	20.0000
70.6800	35.9838	20.0000
70.7000	35.9868	20.0000
70.7200	35.9895	20.0000
70.7400	35.9920	20.0000
70.7600	35.9943	20.0000
70.7800	35.9964	20.0000
70.8000	35.9985	20.0000
70.8148	36.0000	20.0000
70.8200	36.0005	20.0000
70.8400	36.0026	20.0000
70.8600	36.0046	20.0000
70.8800	36.0068	20.0000
70.9000	36.0091	20.0000
70.9200	36.0115	20.0000
70.9400	36.0140	20.0000
70.9600	36.0168	20.0000
70.9800	36.0199	20.0000
70.9808	36.0200	20.0000
71.0000	36.0231	20.0000
71.0200	36.0266	20.0000
71.0400	36.0303	20.0000
71.0600	36.0342	20.0000
71.0800	36.0384	20.0000
71.0874	36.0400	20.0000
71.1000	36.0428	20.0000
71.1200	36.0473	20.0000
71.1400	36.0521	20.0000
71.1600	36.0570	20.0000
71.1716	36.0600	20.0000
71.1800	36.0621	20.0000
71.2000	36.0674	20.0000
71.2200	36.0728	20.0000
71.2400	36.0783	20.0000
71.2458	36.0800	20.0000
71.2600	36.0840	20.0000
71.2800	36.0897	20.0000
71.3000	36.0955	20.0000
71.3153	36.1000	20.0000
71.3200	36.1014	20.0000
71.3400	36.1072	20.0000
71.3600	36.1130	20.0000
71.3800	36.1189	20.0000
71.3838	36.1200	20.0000
71.4000	36.1246	20.0000
71.4200	36.1302	20.0000
71.4400	36.1357	20.0000
71.4559	36.1400	20.0000
71.4600	36.1411	20.0000
71.4800	36.1461	20.0000
71.5000	36.1508	20.0000
71.5200	36.1551	20.0000
71.5400	36.1592	20.0000
71.5450	36.1600	20.0000
71.5600	36.1625	20.0000
71.5800	36.1650	20.0000
71.6000	36.1667	20.0000
71.6200	36.1672	20.0000
71.6400	36.1663	20.0000
71.6600	36.1632	20.0000
71.6711	36.1600	20.0000
71.6800	36.1551	20.0000
71.6956	36.1400	20.0000
71.6969	36.1200	20.0000
> 20 contour -Z20
69.2692	35.5400	20.0000
69.2600	35.5472	20.0000
69.2441	35.5600	20.0000
69.2400	35.5632	20.0000
69.2200	35.5798	20.0000
69.2198	35.5800	20.0000
69.2000	35.5969	20.0000
69.1965	35.6000	20.0000
69.1800	35.6146	20.0000
69.1742	35.6200	20.0000
69.1600	35.6332	20.0000
69.1530	35.6400	20.0000
69.1400	35.6528	20.0000
69.1331	35.6600	20.0000
69.1200	35.6738	20.0000
69.1143	35.6800	20.0000
69.1000	35.6964	20.0000
69.0970	35.7000	20.0000
69.0811	35.7200	20.0000
69.0800	35.7215	20.0000
69.0668	35.7400	20.0000
69.0600	35.7506	20.0000
69.0542	35.7600	20.0000
69.0434	35.7800	20.0000
69.0400	35.7875	20.0000
69.0345	35.8000	20.0000
69.0279	35.8200	20.0000
69.0236	35.8400	20.0000
69.0223	35.8600	20.0000
69.0254	35.8800	20.0000
69.0360	35.9000	20.0000
69.0400	35.9041	20.0000
69.0600	35.9136	20.0000
69.0800	35.9146	20.0000
69.1000	35.9109	20.0000
69.1200	35.9043	20.0000
69.1298	35.9000	20.0000
69.1400	35.8956	20.0000
69.1600	35.8856	20.0000
69.1704	35.8800	20.0000
69.1800	35.8748	20.0000
69.2000	35.8635	20.0000
69.2060	35.8600	20.0000
69.2200	35.8519	20.0000
69.2400	35.8402	20.0000
69.2404	35.8400	20.0000
69.2600	35.8287	20.0000
69.2752	35.8200	20.0000
69.2800	35.8172	20.0000
69.3000	35.8061	20.0000
69.3112	35.8000	20.0000
69.3200	35.7951	20.0000
69.3400	35.7845	20.0000
69.3488	35.7800	20.0000
69.3600	35.7742	20.0000
69.3800	35.7642	20.0000
69.3887	35.7600	20.0000
69.4000	35.7545	20.0000
69.4200	35.7451	20.0000
69.4316	35.7400	20.0000
69.4400	35.7361	20.0000
69.4600	35.7275	20.0000
69.4783	35.7200	20.0000
69.4800	35.7193	20.0000
69.5000	35.7114	20.0000
69.5200	35.7040	20.0000
69.5317	35.7000	20.0000
69.5400	35.6971	20.0000
69.5600	35.6906	20.0000
69.5800	35.6846	20.0000
69.5970	35.6800	20.0000
69.6000	35.6792	20.0000
69.6200	35.6743	20.0000
69.6400	35.6700	20.0000
69.6600	35.6663	20.0000
69.6800	35.6634	20.0000
69.7000	35.6612	20.0000
69.7179	35.6600	20.0000
69.7200	35.6599	20.0000
69.7400	35.6592	20.0000
69.7600	35.6592	20.0000
69.7800	35.6598	20.0000
69.7837	35.6600	20.0000
69.8000	35.6609	20.0000
69.8200	35.6623	20.0000
69.8400	35.6641	20.0000
69.8600	35.6660	20.0000
69.8800	35.6681	20.0000
69.9000	35.6702	20.0000
69.9200	35.6723	20.0000
69.9400	35.6743	20.0000
69.9600	35.6763	20.0000
69.9800	35.6781	20.0000
70.0000	35.6798	20.0000
70.0033	35.6800	20.0000
70.0200	35.6812	20.0000
70.0400	35.6824	20.0000
70.0600	35.6833	20.0000
70.0800	35.6839	20.0000
70.1000	35.6842	20.0000
70.1200	35.6841	20.0000
70.1400	35.6835	20.0000
70.1600	35.6824	20.0000
70.1800	35.6805	20.0000
70.1842	35.6800	20.0000
70.2000	35.6773	20.0000
70.2200	35.6720	20.0000
70.2400	35.6633	20.0000
70.2455	35.6600	20.0000
70.2600	35.6437	20.0000
70.2624	35.6400	20.0000
70.2701	35.6200	20.0000
70.2747	35.6000	20.0000
70.2784	35.5800	20.0000
70.2800	35.5725	20.0000
70.2825	35.5600	20.0000
70.2876	35.5400	20.0000
70.2942	35.5200	20.0000
70.3000	35.5068	20.0000
70.3031	35.5000	20.0000
70.3152	35.4800	20.0000
70.3200	35.4739	20.0000
70.3317	35.4600	20.0000
70.3400	35.4522	20.0000
70.3541	35.4400	20.0000
70.3600	35.4358	20.0000
70.3800	35.4230	20.0000
70.3851	35.4200	20.0000
> 40 contour -Z40
68.9426	35.6600	40.0000
68.9400	35.6646	40.0000
68.9315	35.6800	40.0000
68.9214	35.7000	40.0000
68.9200	35.7030	40.0000
68.9120	35.7200	40.0000
68.9035	35.7400	40.0000
68.9000	35.7493	40.0000
68.8959	35.7600	40.0000
68.8891	35.7800	40.0000
68.8834	35.8000	40.0000
68.8800	35.8147	40.0000
68.8787	35.8200	40.0000
68.8749	35.8400	40.0000
68.8722	35.8600	40.0000
68.8706	35.8800	40.0000
68.8702	35.9000	40.0000
68.8711	35.9200	40.0000
68.8734	35.9400	40.0000
68.8773	35.9600	40.0000
68.8800	35.9697	40.0000
68.8829	35.9800	40.0000
68.8905	36.0000	40.0000
68.9000	36.0191	40.0000
68.9005	36.0200	40.0000
68.9139	36.0400	40.0000
68.9200	36.0475	40.0000
68.9321	36.0600	40.0000
68.9400	36.0670	40.0000
68.9592	36.0800	40.0000
68.9600	36.0805	40.0000
68.9800	36.0893	40.0000
69.0000	36.0944	40.0000
69.0200	36.0964	40.0000
69.0400	36.0957	40.0000
69.0600	36.0929	40.0000
69.0800	36.0882	40.0000
69.1000	36.0819	40.0000
69.1052	36.0800	40.0000
69.1200	36.0746	40.0000
69.1400	36.0663	40.0000
69.1541	36.0600	40.0000
69.1600	36.0574	40.0000
69.1800	36.0481	40.0000
69.1970	36.0400	40.0000
69.2000	36.0386	40.0000
69.2200	36.0292	40.0000
69.2394	36.0200	40.0000
69.2400	36.0197	40.0000
69.2600	36.0108	40.0000
69.2800	36.0020	40.0000
69.2849	36.0000	40.0000
69.3000	35.9938	40.0000
69.3200	35.9861	40.0000
69.3369	35.9800	40.0000
69.3400	35.9789	40.0000
69.3600	35.9724	40.0000
69.3800	35.9665	40.0000
69.4000	35.9611	40.0000
69.4045	35.9600	40.0000
69.4200	35.9564	40.0000
69.4400	35.9523	40.0000
69.4600	35.9487	40.0000
69.4800	35.9456	40.0000
69.5000	35.9429	40.0000
69.5200	35.9406	40.0000
69.5262	35.9400	40.0000
69.5400	35.9386	40.0000
69.5600	35.9367	40.0000
69.5800	35.9346	40.0000
69.6000	35.9323	40.0000
69.6200	35.9296	40.0000
69.6400	35.9264	40.0000
69.6600	35.9225	40.0000
69.6719	35.9200	40.0000
69.6800	35.9183	40.0000
69.7000	35.9139	40.0000
69.7200	35.9093	40.0000
69.7400	35.9049	40.0000
69.7600	35.9008	40.0000
69.7639	35.9000	40.0000
69.7800	35.8971	40.0000
69.8000	35.8939	40.0000
69.8200	35.8911	40.0000
69.8400	35.8889	40.0000
69.8600	35.8873	40.0000
69.8800	35.8861	40.0000
69.9000	35.8855	40.0000
69.9200	35.8855	40.0000
69.9400	35.8859	40.0000
69.9600	35.8869	40.0000
69.9800	35.8883	40.0000
70.0000	35.8903	40.0000
70.0200	35.8929	40.0000
70.0400	35.8959	40.0000
70.0600	35.8995	40.0000
70.0623	35.9000	40.0000
70.0800	35.9038	40.0000
70.1000	35.9086	40.0000
70.1200	35.9141	40.0000
70.1395	35.9200	40.0000
70.1400	35.9202	40.0000
70.1600	35.9270	40.0000
70.1800	35.9344	40.0000
70.1936	35.9400	40.0000
70.2000	35.9426	40.0000
70.2200	35.9514	40.0000
70.2384	35.9600	40.0000
70.2400	35.9607	40.0000
70.2600	35.9706	40.0000
70.2784	35.9800	40.0000
70.2800	35.9808	40.0000
70.3000	35.9912	40.0000
70.3170	36.0000	40.0000
70.3200	36.0015	40.0000
70.3400	36.0116	40.0000
70.3572	36.0200	40.0000
70.3600	36.0213	40.0000
70.3800	36.0304	40.0000
70.4000	36.0388	40.0000
70.4032	36.0400	40.0000
70.4200	36.0465	40.0000
70.4400	36.0535	40.0000
70.4600	36.0598	40.0000
70.4605	36.0600	40.0000
70.4800	36.0657	40.0000
70.5000	36.0711	40.0000
70.5200	36.0759	40.0000
70.5384	36.0800	40.0000
70.5400	36.0804	40.0000
70.5600	36.0846	40.0000
70.5800	36.0885	40.0000
70.6000	36.0921	40.0000
70.6200	36.0955	40.0000
70.6400	36.0987	40.0000
70.6483	36.1000	40.0000
70.6600	36.1019	40.0000
70.6800	36.1049	40.0000
70.7000	36.1079	40.0000
70.7200	36.1108	40.0000
70.7400	36.1136	40.0000
70.7600	36.1164	40.0000
70.7800	36.1192	40.0000
70.7856	36.1200	40.0000
70.8000	36.1221	40.0000
70.8200	36.1251	40.0000
70.8400	36.1282	40.0000
70.8600	36.1312	40.0000
70.8800	36.1344	40.0000
70.9000	36.1376	40.0000
70.9144	36.1400	40.0000
70.9200	36.1410	40.0000
70.9400	36.1445	40.0000
70.9600	36.1482	40.0000
70.9800	36.1519	40.0000
71.0000	36.1557	40.0000
71.0200	36.1595	40.0000
71.0225	36.1600	40.0000
71.0400	36.1636	40.0000
71.0600	36.1678	40.0000
71.0800	36.1720	40.0000
71.1000	36.1764	40.0000
71.1165	36.1800	40.0000
71.1200	36.1808	40.0000
71.1400	36.1855	40.0000
71.1600	36.1902	40.0000
71.1800	36.1951	40.0000
71.2000	36.1999	40.0000
71.2004	36.2000	40.0000
71.2200	36.2050	40.0000
71.2400	36.2102	40.0000
71.2600	36.2154	40.0000
71.2779	36.2200	40.0000
71.2800	36.2206	40.0000
71.3000	36.2260	40.0000
71.3200	36.2314	40.0000
71.3400	36.2368	40.0000
71.3521	36.2400	40.0000
71.3600	36.2422	40.0000
71.3800	36.2477	40.0000
71.4000	36.2532	40.0000
71.4200	36.2584	40.0000
71.4260	36.2600	40.0000
71.4400	36.2639	40.0000
71.4600	36.2692	40.0000
71.4800	36.2743	40.0000
71.5000	36.2792	40.0000
71.5033	36.2800	40.0000
71.5200	36.2842	40.0000
71.5400	36.2889	40.0000
71.5600	36.2933	40.0000
71.5800	36.2973	40.0000
71.5945	36.3000	40.0000
71.6000	36.3011	40.0000
71.6200	36.3046	40.0000
71.6400	36.3076	40.0000
71.6600	36.3101	40.0000
71.6800	36.3120	40.0000
71.7000	36.3133	40.0000
71.7200	36.3140	40.0000
71.7400	36.3139	40.0000
71.7600	36.3130	40.0000
71.7800	36.3112	40.0000
71.8000	36.3085	40.0000
71.8200	36.3047	40.0000
71.8386	36.3000	40.0000
71.8400	36.2996	40.0000
71.8600	36.2932	40.0000
71.8800	36.2852	40.0000
71.8906	36.2800	40.0000
71.9000	36.2748	40.0000
71.9200	36.2616	40.0000
71.9221	36.2600	40.0000
71.9400	36.2428	40.0000
71.9426	36.2400	40.0000
71.9558	36.2200	40.0000
71.9600	36.2093	40.0000
71.9634	36.2000	40.0000
71.9665	36.1800	40.0000
> 60 contour -Z60
68.7400	36.1719	60.0000
68.7465	36.1800	60.0000
68.7600	36.1955	60.0000
68.7641	36.2000	60.0000
68.7800	36.2164	60.0000
68.7836	36.2200	60.0000
68.8000	36.2353	60.0000
68.8054	36.2400	60.0000
68.8200	36.2525	60.0000
68.8295	36.2600	60.0000
68.8400	36.2682	60.0000
68.8564	36.2800	60.0000
68.8600	36.2826	60.0000
68.8800	36.2960	60.0000
68.8867	36.3000	60.0000
68.9000	36.3082	60.0000
68.9200	36.3191	60.0000
68.9220	36.3200	60.0000
68.9400	36.3289	60.0000
68.9600	36.3372	60.0000
68.9684	36.3400	60.0000
68.9800	36.3442	60.0000
69.0000	36.3497	60.0000
69.0200	36.3537	60.0000
69.0400	36.3563	60.0000
69.0600	36.3576	60.0000
69.0800	36.3578	60.0000
69.1000	36.3570	60.0000
69.1200	36.3554	60.0000
69.1400	36.3529	60.0000
69.1600	36.3499	60.0000
69.1800	36.3464	60.0000
69.2000	36.3425	60.0000
69.2123	36.3400	60.0000
69.2200	36.3385	60.0000
69.2400	36.3347	60.0000
69.2600	36.3309	60.0000
69.2800	36.3273	60.0000
69.3000	36.3239	60.0000
69.3200	36.3210	60.0000
69.3282	36.3200	60.0000
69.3400	36.3186	60.0000
69.3600	36.3168	60.0000
69.3800	36.3154	60.0000
69.4000	36.3146	60.0000
69.4200	36.3142	60.0000
69.4400	36.3142	60.0000
69.4600	36.3145	60.0000
69.4800	36.3151	60.0000
69.5000	36.3158	60.0000
69.5200	36.3164	60.0000
69.5400	36.3169	60.0000
69.5600	36.3169	60.0000
69.5800	36.3163	60.0000
69.6000	36.3148	60.0000
69.6200	36.3123	60.0000
69.6400	36.3085	60.0000
69.6600	36.3034	60.0000
69.6706	36.3000	60.0000
69.6800	36.2971	60.0000
69.7000	36.2899	60.0000
69.7200	36.2815	60.0000
69.7234	36.2800	60.0000
69.7400	36.2729	60.0000
69.7600	36.2638	60.0000
69.7681	36.2600	60.0000
69.7800	36.2547	60.0000
69.8000	36.2457	60.0000
69.8130	36.2400	60.0000
69.8200	36.2371	60.0000
69.8400	36.2290	60.0000
69.8600	36.2212	60.0000
69.8634	36.2200	60.0000
69.8800	36.2143	60.0000
69.9000	36.2081	60.0000
69.9200	36.2024	60.0000
69.9299	36.2000	60.0000
69.9400	36.1976	60.0000
69.9600	36.1936	60.0000
69.9800	36.1903	60.0000
70.0000	36.1876	60.0000
70.0200	36.1857	60.0000
70.0400	36.1844	60.0000
70.0600	36.1838	60.0000
70.0800	36.1838	60.0000
70.1000	36.1844	60.0000
70.1200	36.1855	60.0000
70.1400	36.1872	60.0000
70.1600	36.1893	60.0000
70.1800	36.1918	60.0000
70.2000	36.1946	60.0000
70.2200	36.1978	60.0000
70.2328	36.2000	60.0000
70.2400	36.2013	60.0000
70.2600	36.2051	60.0000
70.2800	36.2091	60.0000
70.3000	36.2132	60.0000
70.3200	36.2173	60.0000
70.3332	36.2200	60.0000
70.3400	36.2214	60.0000
70.3600	36.2257	60.0000
70.3800	36.2297	60.0000
70.4000	36.2336	60.0000
70.4200	36.2374	60.0000
70.4349	36.2400	60.0000
70.4400	36.2410	60.0000
70.4600	36.2447	60.0000
70.4800	36.2483	60.0000
70.5000	36.2517	60.0000
70.5200	36.2551	60.0000
70.5400	36.2584	60.0000
70.5494	36.2600	60.0000
70.5600	36.2619	60.0000
70.5800	36.2655	60.0000
70.6000	36.2691	60.0000
70.6200	36.2726	60.0000
70.6400	36.2762	60.0000
70.6600	36.2798	60.0000
70.6609	36.2800	60.0000
70.6800	36.2838	60.0000
70.7000	36.2879	60.0000
70.7200	36.2920	60.0000
70.7400	36.2961	60.0000
70.7585	36.3000	60.0000
70.7600	36.3004	60.0000
70.7800	36.3051	60.0000
70.8000	36.3098	60.0000
70.8200	36.3146	60.0000
70.8400	36.3194	60.0000
70.8426	36.3200	60.0000
70.8600	36.3247	60.0000
70.8800	36.3301	60.0000
70.9000	36.3354	60.0000
70.9170	36.3400	60.0000
70.9200	36.3409	60.0000
70.9400	36.3468	60.0000
70.9600	36.3526	60.0000
70.9800	36.3584	60.0000
70.9854	36.3600	60.0000
71.0000	36.3646	60.0000
71.0200	36.3708	60.0000
71.0400	36.3770	60.0000
71.0500	36.3800	60.0000
71.0600	36.3833	60.0000
71.0800	36.3899	60.0000
71.1000	36.3965	60.0000
71.1109	36.4000	60.0000
71.1200	36.4032	60.0000
71.1400	36.4103	60.0000
71.1600	36.4172	60.0000
71.1679	36.4200	60.0000
71.1800	36.4246	60.0000
71.2000	36.4321	60.0000
71.2200	36.4395	60.0000
71.2214	36.4400	60.0000
71.2400	36.4475	60.0000
71.2600	36.4554	60.0000
71.2718	36.4600	60.0000
71.2800	36.4635	60.0000
71.3000	36.4719	60.0000
71.3196	36.4800	60.0000
71.3200	36.4802	60.0000
71.3400	36.4891	60.0000
71.3600	36.4977	60.0000
71.3653	36.5000	60.0000
71.3800	36.5068	60.0000
71.4000	36.5158	60.0000
71.4095	36.5200	60.0000
71.4200	36.5250	60.0000
71.4400	36.5343	60.0000
71.4527	36.5400	60.0000
71.4600	36.5435	60.0000
71.4800	36.5529	60.0000
71.4958	36.5600	60.0000
71.5000	36.5621	60.0000
71.5200	36.5714	60.0000
71.5398	36.5800	60.0000
71.5400	36.5801	60.0000
71.5600	36.5890	60.0000
71.5800	36.5972	60.0000
71.5874	36.6000	60.0000
71.6000	36.6051	60.0000
71.6200	36.6123	60.0000
71.6400	36.6185	60.0000
71.6459	36.6200	60.0000
71.6600	36.6240	60.0000
71.6800	36.6283	60.0000
71.7000	36.6313	60.0000
71.7200	36.6329	60.0000
71.7400	36.6331	60.0000
71.7600	36.6320	60.0000
71.7800	36.6296	60.0000
71.8000	36.6260	60.0000
71.8200	36.6213	60.0000
71.8247	36.6200	60.0000
71.8400	36.6161	60.0000
71.8600	36.6101	60.0000
71.8800	36.6034	60.0000
71.8891	36.6000	60.0000
71.9000	36.5963	60.0000
71.9200	36.5887	60.0000
71.9400	36.5805	60.0000
71.9412	36.5800	60.0000
71.9600	36.5723	60.0000
