> 120 contour -Z120
69.8474	35.3400	120.0000
69.8600	35.3551	120.0000
69.8638	35.3600	120.0000
69.8800	35.3746	120.0000
69.8858	35.3800	120.0000
69.9000	35.3901	120.0000
69.9138	35.4000	120.0000
69.9200	35.4037	120.0000
69.9400	35.4154	120.0000
69.9481	35.4200	120.0000
69.9600	35.4261	120.0000
69.9800	35.4361	120.0000
69.9883	35.4400	120.0000
70.0000	35.4454	120.0000
70.0200	35.4542	120.0000
70.0336	35.4600	120.0000
70.0400	35.4628	120.0000
70.0600	35.4709	120.0000
70.0800	35.4790	120.0000
70.0826	35.4800	120.0000
70.1000	35.4868	120.0000
70.1200	35.4945	120.0000
70.1343	35.5000	120.0000
70.1400	35.5023	120.0000
70.1600	35.5099	120.0000
70.1800	35.5177	120.0000
70.1861	35.5200	120.0000
70.2000	35.5254	120.0000
70.2200	35.5333	120.0000
70.2364	35.5400	120.0000
70.2400	35.5415	120.0000
70.2600	35.5497	120.0000
70.2800	35.5585	120.0000
70.2834	35.5600	120.0000
70.3000	35.5674	120.0000
70.3200	35.5770	120.0000
70.3261	35.5800	120.0000
70.3400	35.5869	120.0000
70.3600	35.5978	120.0000
70.3640	35.6000	120.0000
70.3800	35.6089	120.0000
70.3980	35.6200	120.0000
70.4000	35.6212	120.0000
70.4200	35.6336	120.0000
70.4295	35.6400	120.0000
70.4400	35.6468	120.0000
70.4589	35.6600	120.0000
70.4600	35.6607	120.0000
70.4800	35.6745	120.0000
70.4873	35.6800	120.0000
70.5000	35.6887	120.0000
70.5151	35.7000	120.0000
70.5200	35.7033	120.0000
70.5400	35.7179	120.0000
70.5427	35.7200	120.0000
70.5600	35.7319	120.0000
70.5705	35.7400	120.0000
70.5800	35.7462	120.0000
70.5989	35.7600	120.0000
70.6000	35.7607	120.0000
70.6200	35.7738	120.0000
70.6282	35.7800	120.0000
70.6400	35.7868	120.0000
70.6591	35.8000	120.0000
70.6600	35.8004	120.0000
70.6800	35.8116	120.0000
70.6920	35.8200	120.0000
70.7000	35.8235	120.0000
70.7200	35.8344	120.0000
70.7276	35.8400	120.0000
70.7400	35.8441	120.0000
> 140 contour -Z140
69.7783	35.3600	140.0000
69.7800	35.3607	140.0000
69.8000	35.3714	140.0000
69.8134	35.3800	140.0000
69.8200	35.3832	140.0000
69.8400	35.3945	140.0000
69.8484	35.4000	140.0000
69.8600	35.4062	140.0000
69.8800	35.4180	140.0000
69.8831	35.4200	140.0000
69.9000	35.4296	140.0000
69.9174	35.4400	140.0000
69.9200	35.4416	140.0000
69.9400	35.4533	140.0000
69.9516	35.4600	140.0000
69.9600	35.4652	140.0000
69.9800	35.4770	140.0000
69.9853	35.4800	140.0000
70.0000	35.4889	140.0000
70.0189	35.5000	140.0000
70.0200	35.5007	140.0000
70.0400	35.5126	140.0000
70.0528	35.5200	140.0000
70.0600	35.5245	140.0000
70.0800	35.5363	140.0000
70.0865	35.5400	140.0000
70.1000	35.5482	140.0000
70.1200	35.5600	140.0000
70.1200	35.5600	140.0000
70.1400	35.5718	140.0000
70.1540	35.5800	140.0000
70.1600	35.5837	140.0000
70.1800	35.5955	140.0000
70.1878	35.6000	140.0000
70.2000	35.6072	140.0000
70.2200	35.6191	140.0000
70.2216	35.6200	140.0000
70.2400	35.6308	140.0000
70.2555	35.6400	140.0000
70.2600	35.6427	140.0000
70.2800	35.6545	140.0000
70.2893	35.6600	140.0000
70.3000	35.6663	140.0000
70.3200	35.6782	140.0000
70.3231	35.6800	140.0000
70.3400	35.6898	140.0000
70.3572	35.7000	140.0000
70.3600	35.7015	140.0000
70.3800	35.7128	140.0000
70.3924	35.7200	140.0000
70.4000	35.7241	140.0000
70.4200	35.7349	140.0000
70.4292	35.7400	140.0000
70.4400	35.7454	140.0000
70.4600	35.7555	140.0000
70.4685	35.7600	140.0000
70.4800	35.7652	140.0000
70.5000	35.7746	140.0000
70.5111	35.7800	140.0000
70.5200	35.7836	140.0000
70.5400	35.7920	140.0000
70.5580	35.8000	140.0000
70.5600	35.8007	140.0000
70.5800	35.8079	140.0000
70.6000	35.8156	140.0000
70.6103	35.8200	140.0000
70.6200	35.8229	140.0000
70.6400	35.8292	140.0000
70.6600	35.8361	140.0000
70.6697	35.8400	140.0000
70.6800	35.8424	140.0000
70.7000	35.8474	140.0000
70.7200	35.8530	140.0000
70.7385	35.8600	140.0000
70.7400	35.8602	140.0000
> 160 contour -Z160
69.7000	35.3940	160.0000
69.7200	35.3956	160.0000
69.7400	35.3985	160.0000
69.7469	35.4000	160.0000
69.7600	35.4023	160.0000
69.7800	35.4070	160.0000
69.8000	35.4132	160.0000
69.8177	35.4200	160.0000
69.8200	35.4208	160.0000
69.8400	35.4293	160.0000
69.8600	35.4392	160.0000
69.8615	35.4400	160.0000
69.8800	35.4503	160.0000
69.8965	35.4600	160.0000
69.9000	35.4623	160.0000
69.9200	35.4753	160.0000
69.9272	35.4800	160.0000
69.9400	35.4893	160.0000
69.9554	35.5000	160.0000
69.9600	35.5036	160.0000
69.9800	35.5185	160.0000
69.9822	35.5200	160.0000
70.0000	35.5339	160.0000
70.0084	35.5400	160.0000
70.0200	35.5494	160.0000
70.0341	35.5600	160.0000
70.0400	35.5648	160.0000
70.0598	35.5800	160.0000
70.0600	35.5801	160.0000
70.0800	35.5956	160.0000
70.0861	35.6000	160.0000
70.1000	35.6106	160.0000
70.1129	35.6200	160.0000
70.1200	35.6254	160.0000
70.1400	35.6397	160.0000
70.1404	35.6400	160.0000
70.1600	35.6538	160.0000
70.1692	35.6600	160.0000
70.1800	35.6674	160.0000
70.1991	35.6800	160.0000
70.2000	35.6806	160.0000
70.2200	35.6934	160.0000
70.2307	35.7000	160.0000
70.2400	35.7057	160.0000
70.2600	35.7175	160.0000
70.2643	35.7200	160.0000
70.2800	35.7289	160.0000
70.3000	35.7399	160.0000
70.3002	35.7400	160.0000
70.3200	35.7502	160.0000
70.3395	35.7600	160.0000
70.3400	35.7603	160.0000
70.3600	35.7695	160.0000
70.3800	35.7785	160.0000
70.3834	35.7800	160.0000
70.4000	35.7867	160.0000
70.4200	35.7945	160.0000
70.4346	35.8000	160.0000
70.4400	35.8018	160.0000
70.4600	35.8084	160.0000
70.4800	35.8147	160.0000
70.4971	35.8200	160.0000
70.5000	35.8208	160.0000
70.5200	35.8260	160.0000
70.5400	35.8310	160.0000
70.5600	35.8358	160.0000
70.5773	35.8400	160.0000
70.5800	35.8405	160.0000
70.6000	35.8444	160.0000
70.6200	35.8481	160.0000
70.6400	35.8516	160.0000
70.6600	35.8551	160.0000
70.6800	35.8588	160.0000
70.6857	35.8600	160.0000
70.7000	35.8619	160.0000
70.7200	35.8645	160.0000
70.7400	35.8668	160.0000
> 160 contour -Z160
68.8800	35.6813	160.0000
68.9000	35.6866	160.0000
68.9200	35.6913	160.0000
68.9400	35.6951	160.0000
68.9600	35.6981	160.0000
68.9800	35.6999	160.0000
68.9825	35.7000	160.0000
69.0000	35.7005	160.0000
69.0151	35.7000	160.0000
69.0200	35.6998	160.0000
69.0400	35.6977	160.0000
69.0600	35.6941	160.0000
69.0800	35.6893	160.0000
69.1000	35.6835	160.0000
69.1099	35.6800	160.0000
69.1200	35.6760	160.0000
69.1400	35.6671	160.0000
69.1551	35.6600	160.0000
69.1600	35.6574	160.0000
69.1800	35.6459	160.0000
69.1901	35.6400	160.0000
69.2000	35.6336	160.0000
69.2200	35.6209	160.0000
69.2214	35.6200	160.0000
69.2400	35.6063	160.0000
69.2491	35.6000	160.0000
69.2600	35.5917	160.0000
69.2762	35.5800	160.0000
69.2800	35.5770	160.0000
69.3000	35.5618	160.0000
69.3025	35.5600	160.0000
69.3200	35.5462	160.0000
69.3286	35.5400	160.0000
69.3400	35.5311	160.0000
69.3558	35.5200	160.0000
> 180 contour -Z180
68.7000	35.8511	180.0000
68.7200	35.8515	180.0000
68.7400	35.8514	180.0000
68.7600	35.8508	180.0000
68.7800	35.8498	180.0000
68.8000	35.8483	180.0000
68.8200	35.8463	180.0000
68.8400	35.8437	180.0000
68.8600	35.8407	180.0000
68.8634	35.8400	180.0000
68.8800	35.8369	180.0000
68.9000	35.8325	180.0000
68.9200	35.8275	180.0000
68.9400	35.8220	180.0000
68.9461	35.8200	180.0000
68.9600	35.8156	180.0000
68.9800	35.8085	180.0000
69.0000	35.8010	180.0000
69.0023	35.8000	180.0000
69.0200	35.7924	180.0000
69.0400	35.7834	180.0000
69.0468	35.7800	180.0000
69.0600	35.7735	180.0000
69.0800	35.7632	180.0000
69.0857	35.7600	180.0000
69.1000	35.7519	180.0000
69.1200	35.7407	180.0000
69.1212	35.7400	180.0000
69.1400	35.7280	180.0000
69.1530	35.7200	180.0000
69.1600	35.7155	180.0000
69.1800	35.7025	180.0000
69.1838	35.7000	180.0000
69.2000	35.6885	180.0000
69.2130	35.6800	180.0000
69.2200	35.6750	180.0000
69.2400	35.6614	180.0000
69.2420	35.6600	180.0000
69.2600	35.6466	180.0000
69.2699	35.6400	180.0000
69.2800	35.6324	180.0000
69.2984	35.6200	180.0000
69.3000	35.6188	180.0000
69.3200	35.6043	180.0000
69.3266	35.6000	180.0000
69.3400	35.5901	180.0000
69.3557	35.5800	180.0000
69.3600	35.5769	180.0000
69.3800	35.5635	180.0000
69.3858	35.5600	180.0000
69.4000	35.5503	180.0000
69.4174	35.5400	180.0000
69.4200	35.5383	180.0000
69.4400	35.5260	180.0000
69.4512	35.5200	180.0000
69.4600	35.5147	180.0000
69.4800	35.5039	180.0000
69.4882	35.5000	180.0000
69.5000	35.4937	180.0000
69.5200	35.4843	180.0000
69.5303	35.4800	180.0000
69.5400	35.4755	180.0000
69.5600	35.4674	180.0000
69.5800	35.4605	180.0000
69.5815	35.4600	180.0000
69.6000	35.4537	180.0000
69.6200	35.4482	180.0000
69.6400	35.4437	180.0000
69.6600	35.4401	180.0000
69.6607	35.4400	180.0000
69.6800	35.4373	180.0000
69.7000	35.4356	180.0000
69.7200	35.4351	180.0000
69.7400	35.4359	180.0000
69.7600	35.4379	180.0000
69.7720	35.4400	180.0000
69.7800	35.4414	180.0000
69.8000	35.4466	180.0000
69.8200	35.4534	180.0000
69.8359	35.4600	180.0000
69.8400	35.4619	180.0000
69.8600	35.4729	180.0000
69.8720	35.4800	180.0000
69.8800	35.4855	180.0000
69.9000	35.4998	180.0000
69.9003	35.5000	180.0000
69.9200	35.5165	180.0000
69.9243	35.5200	180.0000
69.9400	35.5346	180.0000
69.9462	35.5400	180.0000
69.9600	35.5536	180.0000
69.9669	35.5600	180.0000
69.9800	35.5733	180.0000
69.9871	35.5800	180.0000
70.0000	35.5932	180.0000
70.0071	35.6000	180.0000
70.0200	35.6130	180.0000
70.0274	35.6200	180.0000
70.0400	35.6324	180.0000
70.0482	35.6400	180.0000
70.0600	35.6512	180.0000
70.0699	35.6600	180.0000
70.0800	35.6692	180.0000
70.0927	35.6800	180.0000
70.1000	35.6863	180.0000
70.1170	35.7000	180.0000
70.1200	35.7025	180.0000
70.1400	35.7177	180.0000
70.1432	35.7200	180.0000
70.1600	35.7321	180.0000
70.1719	35.7400	180.0000
70.1800	35.7454	180.0000
70.2000	35.7578	180.0000
70.2037	35.7600	180.0000
70.2200	35.7694	180.0000
70.2400	35.7800	180.0000
70.2400	35.7800	180.0000
70.2600	35.7899	180.0000
70.2800	35.7989	180.0000
70.2826	35.8000	180.0000
70.3000	35.8072	180.0000
70.3200	35.8147	180.0000
70.3354	35.8200	180.0000
70.3400	35.8215	180.0000
70.3600	35.8277	180.0000
70.3800	35.8333	180.0000
70.4000	35.8382	180.0000
70.4077	35.8400	180.0000
70.4200	35.8427	180.0000
70.4400	35.8467	180.0000
70.4600	35.8503	180.0000
70.4800	35.8535	180.0000
70.5000	35.8563	180.0000
70.5200	35.8588	180.0000
70.5297	35.8600	180.0000
70.5400	35.8611	180.0000
70.5600	35.8632	180.0000
70.5800	35.8650	180.0000
70.6000	35.8665	180.0000
70.6200	35.8679	180.0000
70.6400	35.8692	180.0000
70.6600	35.8702	180.0000
70.6800	35.8712	180.0000
70.7000	35.8720	180.0000
70.7200	35.8728	180.0000
70.7400	35.8733	180.0000
> 200 contour -Z200
68.7200	36.0185	200.0000
68.7400	36.0102	200.0000
68.7600	36.0015	200.0000
68.7631	36.0000	200.0000
68.7800	35.9924	200.0000
68.8000	35.9829	200.0000
68.8056	35.9800	200.0000
68.8200	35.9730	200.0000
68.8400	35.9625	200.0000
68.8443	35.9600	200.0000
68.8600	35.9516	200.0000
68.8800	35.9401	200.0000
68.8801	35.9400	200.0000
68.9000	35.9281	200.0000
68.9126	35.9200	200.0000
68.9200	35.9156	200.0000
68.9400	35.9027	200.0000
68.9437	35.9000	200.0000
68.9600	35.8893	200.0000
68.9732	35.8800	200.0000
68.9800	35.8756	200.0000
69.0000	35.8617	200.0000
69.0022	35.8600	200.0000
69.0200	35.8475	200.0000
69.0299	35.8400	200.0000
69.0400	35.8331	200.0000
69.0582	35.8200	200.0000
69.0600	35.8188	200.0000
69.0800	35.8042	200.0000
69.0854	35.8000	200.0000
69.1000	35.7895	200.0000
69.1127	35.7800	200.0000
69.1200	35.7749	200.0000
69.1400	35.7605	200.0000
69.1407	35.7600	200.0000
69.1600	35.7456	200.0000
69.1676	35.7400	200.0000
69.1800	35.7309	200.0000
69.1954	35.7200	200.0000
69.2000	35.7166	200.0000
69.2200	35.7024	200.0000
69.2234	35.7000	200.0000
69.2400	35.6878	200.0000
69.2516	35.6800	200.0000
69.2600	35.6738	200.0000
69.2800	35.6605	200.0000
69.2808	35.6600	200.0000
69.3000	35.6465	200.0000
69.3102	35.6400	200.0000
69.3200	35.6331	200.0000
69.3400	35.6206	200.0000
69.3410	35.6200	200.0000
69.3600	35.6075	200.0000
69.3728	35.6000	200.0000
69.3800	35.5953	200.0000
69.4000	35.5835	200.0000
69.4064	35.5800	200.0000
69.4200	35.5718	200.0000
69.4400	35.5610	200.0000
69.4421	35.5600	200.0000
69.4600	35.5502	200.0000
69.4800	35.5403	200.0000
69.4807	35.5400	200.0000
69.5000	35.5305	200.0000
69.5200	35.5217	200.0000
69.5240	35.5200	200.0000
69.5400	35.5131	200.0000
69.5600	35.5054	200.0000
69.5752	35.5000	200.0000
69.5800	35.4982	200.0000
69.6000	35.4918	200.0000
69.6200	35.4863	200.0000
69.6400	35.4814	200.0000
69.6472	35.4800	200.0000
69.6600	35.4775	200.0000
69.6800	35.4747	200.0000
69.7000	35.4729	200.0000
69.7200	35.4724	200.0000
69.7400	35.4731	200.0000
69.7600	35.4754	200.0000
69.7800	35.4793	200.0000
69.7826	35.4800	200.0000
69.8000	35.4860	200.0000
69.8200	35.4950	200.0000
69.8295	35.5000	200.0000
69.8400	35.5070	200.0000
69.8578	35.5200	200.0000
69.8600	35.5220	200.0000
69.8793	35.5400	200.0000
69.8800	35.5408	200.0000
69.8973	35.5600	200.0000
69.9000	35.5634	200.0000
69.9135	35.5800	200.0000
69.9200	35.5887	200.0000
69.9288	35.6000	200.0000
69.9400	35.6153	200.0000
69.9436	35.6200	200.0000
69.9582	35.6400	200.0000
69.9600	35.6425	200.0000
69.9730	35.6600	200.0000
69.9800	35.6695	200.0000
69.9882	35.6800	200.0000
70.0000	35.6950	200.0000
70.0042	35.7000	200.0000
70.0200	35.7188	200.0000
70.0211	35.7200	200.0000
70.0393	35.7400	200.0000
70.0400	35.7408	200.0000
70.0592	35.7600	200.0000
70.0600	35.7608	200.0000
70.0800	35.7790	200.0000
70.0812	35.7800	200.0000
70.1000	35.7954	200.0000
70.1062	35.8000	200.0000
70.1200	35.8101	200.0000
70.1353	35.8200	200.0000
70.1400	35.8230	200.0000
70.1600	35.8347	200.0000
70.1704	35.8400	200.0000
70.1800	35.8449	200.0000
70.2000	35.8539	200.0000
70.2159	35.8600	200.0000
70.2200	35.8616	200.0000
70.2400	35.8684	200.0000
70.2600	35.8741	200.0000
70.2800	35.8787	200.0000
70.2864	35.8800	200.0000
70.3000	35.8827	200.0000
70.3200	35.8858	200.0000
70.3400	35.8883	200.0000
70.3600	35.8901	200.0000
70.3800	35.8914	200.0000
70.4000	35.8923	200.0000
70.4200	35.8928	200.0000
70.4400	35.8931	200.0000
70.4600	35.8932	200.0000
70.4800	35.8930	200.0000
70.5000	35.8926	200.0000
70.5200	35.8921	200.0000
70.5400	35.8915	200.0000
70.5600	35.8907	200.0000
70.5800	35.8898	200.0000
70.6000	35.8889	200.0000
70.6200	35.8878	200.0000
70.6400	35.8867	200.0000
70.6600	35.8855	200.0000
70.6800	35.8843	200.0000
70.7000	35.8830	200.0000
70.7200	35.8815	200.0000
70.7370	35.8800	200.0000
70.7400	35.8799	200.0000
> 220 contour -Z220
68.7400	36.1824	220.0000
68.7425	36.1800	220.0000
68.7600	36.1644	220.0000
68.7646	36.1600	220.0000
68.7800	36.1459	220.0000
68.7859	36.1400	220.0000
68.8000	36.1269	220.0000
68.8067	36.1200	220.0000
68.8200	36.1073	220.0000
68.8268	36.1000	220.0000
68.8400	36.0871	220.0000
68.8465	36.0800	220.0000
68.8600	36.0665	220.0000
68.8658	36.0600	220.0000
68.8800	36.0454	220.0000
68.8847	36.0400	220.0000
68.9000	36.0240	220.0000
68.9034	36.0200	220.0000
68.9200	36.0023	220.0000
68.9219	36.0000	220.0000
68.9400	35.9805	220.0000
68.9404	35.9800	220.0000
68.9589	35.9600	220.0000
68.9600	35.9589	220.0000
68.9775	35.9400	220.0000
68.9800	35.9376	220.0000
68.9965	35.9200	220.0000
69.0000	35.9167	220.0000
69.0159	35.9000	220.0000
69.0200	35.8962	220.0000
69.0359	35.8800	220.0000
69.0400	35.8764	220.0000
69.0566	35.8600	220.0000
69.0600	35.8570	220.0000
69.0780	35.8400	220.0000
69.0800	35.8383	220.0000
69.1000	35.8202	220.0000
69.1002	35.8200	220.0000
69.1200	35.8028	220.0000
69.1230	35.8000	220.0000
69.1400	35.7858	220.0000
69.1466	35.7800	220.0000
69.1600	35.7693	220.0000
69.1713	35.7600	220.0000
69.1800	35.7533	220.0000
69.1971	35.7400	220.0000
69.2000	35.7378	220.0000
69.2200	35.7230	220.0000
69.2240	35.7200	220.0000
69.2400	35.7085	220.0000
69.2521	35.7000	220.0000
69.2600	35.6944	220.0000
69.2800	35.6810	220.0000
69.2815	35.6800	220.0000
69.3000	35.6679	220.0000
69.3126	35.6600	220.0000
69.3200	35.6552	220.0000
69.3400	35.6431	220.0000
69.3454	35.6400	220.0000
69.3600	35.6313	220.0000
69.3800	35.6201	220.0000
69.3801	35.6200	220.0000
69.4000	35.6093	220.0000
69.4179	35.6000	220.0000
69.4200	35.5988	220.0000
69.4400	35.5891	220.0000
69.4591	35.5800	220.0000
69.4600	35.5795	220.0000
69.4800	35.5708	220.0000
69.5000	35.5623	220.0000
69.5060	35.5600	220.0000
69.5200	35.5546	220.0000
69.5400	35.5475	220.0000
69.5600	35.5407	220.0000
69.5624	35.5400	220.0000
69.5800	35.5351	220.0000
69.6000	35.5301	220.0000
69.6200	35.5260	220.0000
69.6400	35.5226	220.0000
69.6600	35.5203	220.0000
69.6674	35.5200	220.0000
69.6800	35.5195	220.0000
69.7000	35.5200	220.0000
69.7004	35.5200	220.0000
69.7200	35.5225	220.0000
69.7400	35.5273	220.0000
69.7600	35.5345	220.0000
69.7713	35.5400	220.0000
69.7800	35.5456	220.0000
69.7985	35.5600	220.0000
69.8000	35.5615	220.0000
69.8165	35.5800	220.0000
69.8200	35.5847	220.0000
69.8305	35.6000	220.0000
69.8400	35.6160	220.0000
69.8423	35.6200	220.0000
69.8526	35.6400	220.0000
69.8600	35.6555	220.0000
69.8622	35.6600	220.0000
69.8712	35.6800	220.0000
69.8800	35.6999	220.0000
69.8801	35.7000	220.0000
69.8889	35.7200	220.0000
69.8979	35.7400	220.0000
69.9000	35.7447	220.0000
69.9073	35.7600	220.0000
69.9171	35.7800	220.0000
69.9200	35.7858	220.0000
69.9276	35.8000	220.0000
69.9390	35.8200	220.0000
69.9400	35.8218	220.0000
69.9514	35.8400	220.0000
69.9600	35.8529	220.0000
69.9652	35.8600	220.0000
69.9800	35.8792	220.0000
69.9807	35.8800	220.0000
69.9986	35.9000	220.0000
70.0000	35.9015	220.0000
70.0195	35.9200	220.0000
70.0200	35.9205	220.0000
70.0400	35.9365	220.0000
70.0451	35.9400	220.0000
70.0600	35.9499	220.0000
70.0781	35.9600	220.0000
70.0800	35.9610	220.0000
70.1000	35.9703	220.0000
70.1200	35.9778	220.0000
70.1274	35.9800	220.0000
70.1400	35.9837	220.0000
70.1600	35.9883	220.0000
70.1800	35.9915	220.0000
70.2000	35.9935	220.0000
70.2200	35.9944	220.0000
70.2400	35.9942	220.0000
70.2600	35.9930	220.0000
70.2800	35.9909	220.0000
70.3000	35.9880	220.0000
70.3200	35.9842	220.0000
70.3391	35.9800	220.0000
70.3400	35.9798	220.0000
70.3600	35.9754	220.0000
70.3800	35.9705	220.0000
70.4000	35.9655	220.0000
70.4200	35.9601	220.0000
70.4205	35.9600	220.0000
70.4400	35.9554	220.0000
70.4600	35.9506	220.0000
70.4800	35.9456	220.0000
70.5000	35.9404	220.0000
70.5016	35.9400	220.0000
70.5200	35.9360	220.0000
70.5400	35.9316	220.0000
70.5600	35.9269	220.0000
70.5800	35.9220	220.0000
70.5874	35.9200	220.0000
70.6000	35.9176	220.0000
70.6200	35.9137	220.0000
70.6400	35.9095	220.0000
70.6600	35.9050	220.0000
70.6798	35.9000	220.0000
70.6800	35.9000	220.0000
70.7000	35.8969	220.0000
70.7200	35.8939	220.0000
70.7400	35.8908	220.0000
70.7600	35.8874	220.0000
> 240 contour -Z240
70.5800	37.1965	240.0000
70.6000	37.1801	240.0000
70.6001	37.1800	240.0000
70.6200	37.1639	240.0000
70.6251	37.1600	240.0000
70.6400	37.1481	240.0000
70.6508	37.1400	240.0000
70.6600	37.1328	240.0000
70.6775	37.1200	240.0000
70.6800	37.1181	240.0000
70.7000	37.1038	240.0000
70.7056	37.1000	240.0000
70.7200	37.0900	240.0000
70.7354	37.0800	240.0000
70.7400	37.0769	240.0000
70.7600	37.0644	240.0000
70.7676	37.0600	240.0000
70.7800	37.0525	240.0000
70.8000	37.0414	240.0000
70.8026	37.0400	240.0000
70.8200	37.0307	240.0000
70.8400	37.0209	240.0000
70.8419	37.0200	240.0000
70.8600	37.0116	240.0000
70.8800	37.0030	240.0000
70.8878	37.0000	240.0000
70.9000	36.9951	240.0000
70.9200	36.9879	240.0000
70.9400	36.9814	240.0000
70.9449	36.9800	240.0000
70.9600	36.9756	240.0000
70.9800	36.9705	240.0000
71.0000	36.9662	240.0000
71.0200	36.9628	240.0000
71.0400	36.9602	240.0000
71.0428	36.9600	240.0000
71.0600	36.9586	240.0000
71.0800	36.9579	240.0000
71.1000	36.9583	240.0000
71.1200	36.9598	240.0000
71.1213	36.9600	240.0000
71.1400	36.9625	240.0000
71.1600	36.9665	240.0000
71.1800	36.9717	240.0000
71.2000	36.9784	240.0000
71.2039	36.9800	240.0000
71.2200	36.9864	240.0000
71.2400	36.9960	240.0000
71.2472	37.0000	240.0000
71.2600	37.0070	240.0000
71.2800	37.0196	240.0000
71.2806	37.0200	240.0000
71.3000	37.0336	240.0000
71.3081	37.0400	240.0000
71.3200	37.0491	240.0000
> 240 contour -Z240
68.7800	36.5158	240.0000
68.7830	36.5000	240.0000
68.7873	36.4800	240.0000
68.7919	36.4600	240.0000
68.7970	36.4400	240.0000
68.8000	36.4292	240.0000
68.8024	36.4200	240.0000
68.8080	36.4000	240.0000
68.8142	36.3800	240.0000
68.8200	36.3629	240.0000
68.8209	36.3600	240.0000
68.8278	36.3400	240.0000
68.8352	36.3200	240.0000
68.8400	36.3083	240.0000
68.8431	36.3000	240.0000
68.8512	36.2800	240.0000
68.8599	36.2600	240.0000
68.8600	36.2598	240.0000
68.8686	36.2400	240.0000
68.8777	36.2200	240.0000
68.8800	36.2154	240.0000
68.8868	36.2000	240.0000
68.8963	36.1800	240.0000
68.9000	36.1727	240.0000
68.9058	36.1600	240.0000
68.9155	36.1400	240.0000
68.9200	36.1315	240.0000
68.9255	36.1200	240.0000
68.9356	36.1000	240.0000
68.9400	36.0921	240.0000
68.9460	36.0800	240.0000
68.9568	36.0600	240.0000
68.9600	36.0547	240.0000
68.9679	36.0400	240.0000
68.9795	36.0200	240.0000
68.9800	36.0193	240.0000
68.9914	36.0000	240.0000
69.0000	35.9867	240.0000
69.0040	35.9800	240.0000
69.0171	35.9600	240.0000
69.0200	35.9561	240.0000
69.0309	35.9400	240.0000
69.0400	35.9278	240.0000
69.0454	35.9200	240.0000
69.0600	35.9011	240.0000
69.0608	35.9000	240.0000
69.0770	35.8800	240.0000
69.0800	35.8768	240.0000
69.0943	35.8600	240.0000
69.1000	35.8541	240.0000
69.1126	35.8400	240.0000
69.1200	35.8327	240.0000
69.1322	35.8200	240.0000
69.1400	35.8127	240.0000
69.1530	35.8000	240.0000
69.1600	35.7939	240.0000
69.1752	35.7800	240.0000
69.1800	35.7761	240.0000
69.1989	35.7600	240.0000
69.2000	35.7591	240.0000
69.2200	35.7437	240.0000
69.2248	35.7400	240.0000
69.2400	35.7291	240.0000
69.2524	35.7200	240.0000
69.2600	35.7148	240.0000
69.2800	35.7013	240.0000
69.2820	35.7000	240.0000
69.3000	35.6892	240.0000
69.3148	35.6800	240.0000
69.3200	35.6769	240.0000
69.3400	35.6659	240.0000
69.3508	35.6600	240.0000
69.3600	35.6552	240.0000
69.3800	35.6453	240.0000
69.3909	35.6400	240.0000
69.4000	35.6358	240.0000
69.4200	35.6271	240.0000
69.4366	35.6200	240.0000
69.4400	35.6186	240.0000
69.4600	35.6115	240.0000
69.4800	35.6045	240.0000
69.4939	35.6000	240.0000
69.5000	35.5981	240.0000
69.5200	35.5931	240.0000
69.5400	35.5887	240.0000
69.5600	35.5853	240.0000
69.5800	35.5830	240.0000
69.6000	35.5824	240.0000
69.6200	35.5838	240.0000
69.6400	35.5876	240.0000
69.6600	35.5944	240.0000
69.6718	35.6000	240.0000
69.6800	35.6055	240.0000
69.6974	35.6200	240.0000
69.7000	35.6230	240.0000
69.7132	35.6400	240.0000
69.7200	35.6515	240.0000
69.7247	35.6600	240.0000
69.7336	35.6800	240.0000
69.7400	35.6977	240.0000
69.7408	35.7000	240.0000
69.7470	35.7200	240.0000
69.7525	35.7400	240.0000
69.7576	35.7600	240.0000
69.7600	35.7705	240.0000
69.7623	35.7800	240.0000
69.7669	35.8000	240.0000
69.7714	35.8200	240.0000
69.7759	35.8400	240.0000
69.7800	35.8580	240.0000
69.7805	35.8600	240.0000
69.7853	35.8800	240.0000
69.7904	35.9000	240.0000
69.7957	35.9200	240.0000
69.8000	35.9357	240.0000
69.8013	35.9400	240.0000
69.8075	35.9600	240.0000
69.8141	35.9800	240.0000
69.8200	35.9969	240.0000
69.8212	36.0000	240.0000
69.8293	36.0200	240.0000
69.8379	36.0400	240.0000
69.8400	36.0446	240.0000
69.8478	36.0600	240.0000
69.8587	36.0800	240.0000
69.8600	36.0822	240.0000
69.8715	36.1000	240.0000
69.8800	36.1124	240.0000
69.8859	36.1200	240.0000
69.9000	36.1369	240.0000
69.9029	36.1400	240.0000
69.9200	36.1570	240.0000
69.9235	36.1600	240.0000
69.9400	36.1735	240.0000
69.9495	36.1800	240.0000
69.9600	36.1870	240.0000
69.9800	36.1981	240.0000
69.9841	36.2000	240.0000
70.0000	36.2071	240.0000
70.0200	36.2143	240.0000
70.0400	36.2197	240.0000
70.0413	36.2200	240.0000
70.0600	36.2238	240.0000
70.0800	36.2264	240.0000
70.1000	36.2278	240.0000
70.1200	36.2279	240.0000
70.1400	36.2268	240.0000
70.1600	36.2246	240.0000
70.1800	36.2211	240.0000
70.1845	36.2200	240.0000
70.2000	36.2165	240.0000
70.2200	36.2107	240.0000
70.2400	36.2035	240.0000
70.2482	36.2000	240.0000
70.2600	36.1952	240.0000
70.2800	36.1855	240.0000
70.2898	36.1800	240.0000
70.3000	36.1745	240.0000
70.3200	36.1623	240.0000
70.3234	36.1600	240.0000
70.3400	36.1492	240.0000
70.3529	36.1400	240.0000
70.3600	36.1352	240.0000
70.3800	36.1207	240.0000
70.3809	36.1200	240.0000
70.4000	36.1062	240.0000
70.4081	36.1000	240.0000
70.4200	36.0916	240.0000
70.4357	36.0800	240.0000
70.4400	36.0771	240.0000
70.4600	36.0629	240.0000
70.4639	36.0600	240.0000
70.4800	36.0493	240.0000
70.4932	36.0400	240.0000
70.5000	36.0358	240.0000
70.5200	36.0227	240.0000
70.5239	36.0200	240.0000
70.5400	36.0104	240.0000
70.5561	36.0000	240.0000
70.5600	35.9979	240.0000
70.5800	35.9864	240.0000
70.5901	35.9800	240.0000
70.6000	35.9750	240.0000
70.6200	35.9639	240.0000
70.6262	35.9600	240.0000
70.6400	35.9536	240.0000
70.6600	35.9428	240.0000
70.6645	35.9400	240.0000
70.6800	35.9335	240.0000
70.7000	35.9233	240.0000
70.7053	35.9200	240.0000
70.7200	35.9149	240.0000
70.7400	35.9057	240.0000
70.7485	35.9000	240.0000
70.7600	35.8976	240.0000
> 260 contour -Z260
69.0487	36.9000	260.0000
69.0438	36.8800	260.0000
69.0400	36.8642	260.0000
69.0390	36.8600	260.0000
69.0344	36.8400	260.0000
69.0299	36.8200	260.0000
69.0255	36.8000	260.0000
69.0212	36.7800	260.0000
69.0200	36.7743	260.0000
69.0171	36.7600	260.0000
69.0131	36.7400	260.0000
69.0092	36.7200	260.0000
69.0055	36.7000	260.0000
69.0020	36.6800	260.0000
69.0000	36.6683	260.0000
68.9986	36.6600	260.0000
68.9954	36.6400	260.0000
68.9924	36.6200	260.0000
68.9895	36.6000	260.0000
68.9869	36.5800	260.0000
68.9844	36.5600	260.0000
68.9822	36.5400	260.0000
68.9802	36.5200	260.0000
68.9800	36.5182	260.0000
68.9784	36.5000	260.0000
68.9768	36.4800	260.0000
68.9756	36.4600	260.0000
68.9746	36.4400	260.0000
68.9739	36.4200	260.0000
68.9735	36.4000	260.0000
68.9734	36.3800	260.0000
68.9737	36.3600	260.0000
68.9743	36.3400	260.0000
68.9753	36.3200	260.0000
68.9768	36.3000	260.0000
68.9786	36.2800	260.0000
68.9800	36.2674	260.0000
68.9808	36.2600	260.0000
68.9835	36.2400	260.0000
68.9865	36.2200	260.0000
68.9900	36.2000	260.0000
68.9938	36.1800	260.0000
68.9981	36.1600	260.0000
69.0000	36.1520	260.0000
69.0028	36.1400	260.0000
69.0080	36.1200	260.0000
69.0136	36.1000	260.0000
69.0196	36.0800	260.0000
69.0200	36.0788	260.0000
69.0263	36.0600	260.0000
69.0335	36.0400	260.0000
69.0400	36.0231	260.0000
69.0412	36.0200	260.0000
69.0498	36.0000	260.0000
69.0587	35.9800	260.0000
69.0600	35.9775	260.0000
69.0688	35.9600	260.0000
69.0793	35.9400	260.0000
69.0800	35.9389	260.0000
69.0913	35.9200	260.0000
69.1000	35.9061	260.0000
69.1038	35.9000	260.0000
69.1176	35.8800	260.0000
69.1200	35.8768	260.0000
69.1328	35.8600	260.0000
69.1400	35.8513	260.0000
69.1494	35.8400	260.0000
69.1600	35.8282	260.0000
69.1675	35.8200	260.0000
69.1800	35.8074	260.0000
69.1874	35.8000	260.0000
69.2000	35.7887	260.0000
69.2096	35.7800	260.0000
69.2200	35.7716	260.0000
69.2341	35.7600	260.0000
69.2400	35.7557	260.0000
69.2600	35.7409	260.0000
69.2613	35.7400	260.0000
69.2800	35.7286	260.0000
69.2936	35.7200	260.0000
69.3000	35.7164	260.0000
69.3200	35.7057	260.0000
69.3308	35.7000	260.0000
69.3400	35.6957	260.0000
69.3600	35.6870	260.0000
69.3763	35.6800	260.0000
69.3800	35.6786	260.0000
69.4000	35.6722	260.0000
69.4200	35.6661	260.0000
69.4400	35.6608	260.0000
69.4443	35.6600	260.0000
69.4600	35.6574	260.0000
69.4800	35.6553	260.0000
69.5000	35.6547	260.0000
69.5200	35.6561	260.0000
69.5400	35.6599	260.0000
69.5404	35.6600	260.0000
69.5600	35.6683	260.0000
69.5781	35.6800	260.0000
69.5800	35.6816	260.0000
69.5969	35.7000	260.0000
69.6000	35.7045	260.0000
69.6093	35.7200	260.0000
69.6186	35.7400	260.0000
69.6200	35.7436	260.0000
69.6258	35.7600	260.0000
69.6317	35.7800	260.0000
69.6367	35.8000	260.0000
69.6400	35.8152	260.0000
69.6410	35.8200	260.0000
69.6448	35.8400	260.0000
69.6483	35.8600	260.0000
69.6515	35.8800	260.0000
69.6545	35.9000	260.0000
69.6574	35.9200	260.0000
69.6600	35.9385	260.0000
69.6602	35.9400	260.0000
69.6630	35.9600	260.0000
69.6658	35.9800	260.0000
69.6687	36.0000	260.0000
69.6716	36.0200	260.0000
69.6746	36.0400	260.0000
69.6777	36.0600	260.0000
69.6800	36.0741	260.0000
69.6810	36.0800	260.0000
69.6846	36.1000	260.0000
69.6883	36.1200	260.0000
69.6923	36.1400	260.0000
69.6965	36.1600	260.0000
69.7000	36.1756	260.0000
69.7011	36.1800	260.0000
69.7061	36.2000	260.0000
69.7116	36.2200	260.0000
69.7174	36.2400	260.0000
69.7200	36.2485	260.0000
69.7239	36.2600	260.0000
69.7309	36.2800	260.0000
69.7385	36.3000	260.0000
69.7400	36.3040	260.0000
69.7469	36.3200	260.0000
69.7559	36.3400	260.0000
69.7600	36.3488	260.0000
69.7658	36.3600	260.0000
69.7766	36.3800	260.0000
69.7800	36.3862	260.0000
69.7885	36.4000	260.0000
69.8000	36.4181	260.0000
69.8013	36.4200	260.0000
69.8158	36.4400	260.0000
69.8200	36.4458	260.0000
69.8317	36.4600	260.0000
69.8400	36.4700	260.0000
69.8492	36.4800	260.0000
69.8600	36.4916	260.0000
69.8687	36.5000	260.0000
69.8800	36.5109	260.0000
69.8905	36.5200	260.0000
69.9000	36.5283	260.0000
69.9147	36.5400	260.0000
69.9200	36.5443	260.0000
69.9400	36.5589	260.0000
69.9416	36.5600	260.0000
69.9600	36.5726	260.0000
69.9718	36.5800	260.0000
69.9800	36.5853	260.0000
70.0000	36.5974	260.0000
70.0046	36.6000	260.0000
70.0200	36.6089	260.0000
70.0399	36.6200	260.0000
70.0400	36.6200	260.0000
70.0600	36.6310	260.0000
70.0770	36.6400	260.0000
70.0800	36.6417	260.0000
70.1000	36.6525	260.0000
70.1138	36.6600	260.0000
70.1200	36.6636	260.0000
70.1400	36.6751	260.0000
70.1484	36.6800	260.0000
70.1600	36.6873	260.0000
70.1791	36.7000	260.0000
70.1800	36.7006	260.0000
70.2000	36.7157	260.0000
70.2053	36.7200	260.0000
70.2200	36.7333	260.0000
70.2269	36.7400	260.0000
70.2400	36.7547	260.0000
70.2443	36.7600	260.0000
70.2584	36.7800	260.0000
70.2600	36.7827	260.0000
70.2697	36.8000	260.0000
70.2788	36.8200	260.0000
70.2800	36.8229	260.0000
70.2862	36.8400	260.0000
70.2922	36.8600	260.0000
70.2970	36.8800	260.0000
70.3000	36.8954	260.0000
70.3008	36.9000	260.0000
70.3039	36.9200	260.0000
70.3062	36.9400	260.0000
70.3078	36.9600	260.0000
70.3090	36.9800	260.0000
70.3096	37.0000	260.0000
70.3097	37.0200	260.0000
70.3095	37.0400	260.0000
70.3087	37.0600	260.0000
70.3076	37.0800	260.0000
70.3060	37.1000	260.0000
70.3039	37.1200	260.0000
> 260 contour -Z260
70.7815	35.9200	260.0000
70.7800	35.9244	260.0000
70.7720	35.9400	260.0000
70.7628	35.9600	260.0000
70.7600	35.9676	260.0000
70.7543	35.9800	260.0000
70.7463	36.0000	260.0000
70.7400	36.0172	260.0000
70.7388	36.0200	260.0000
70.7321	36.0400	260.0000
70.7260	36.0600	260.0000
70.7204	36.0800	260.0000
70.7200	36.0816	260.0000
70.7156	36.1000	260.0000
70.7115	36.1200	260.0000
70.7081	36.1400	260.0000
70.7055	36.1600	260.0000
70.7038	36.1800	260.0000
70.7033	36.2000	260.0000
70.7042	36.2200	260.0000
70.7070	36.2400	260.0000
70.7126	36.2600	260.0000
70.7200	36.2762	260.0000
70.7222	36.2800	260.0000
70.7392	36.3000	260.0000
70.7400	36.3008	260.0000
70.7600	36.3141	260.0000
70.7734	36.3200	260.0000
70.7800	36.3225	260.0000
70.8000	36.3274	260.0000
70.8200	36.3299	260.0000
70.8400	36.3304	260.0000
70.8600	36.3293	260.0000
70.8800	36.3265	260.0000
70.9000	36.3223	260.0000
70.9079	36.3200	260.0000
70.9200	36.3165	260.0000
70.9400	36.3090	260.0000
70.9598	36.3000	260.0000
70.9600	36.2999	260.0000
70.9800	36.2889	260.0000
70.9940	36.2800	260.0000
71.0000	36.2762	260.0000
71.0200	36.2619	260.0000
71.0224	36.2600	260.0000
71.0400	36.2465	260.0000
71.0480	36.2400	260.0000
71.0600	36.2307	260.0000
71.0737	36.2200	260.0000
71.0800	36.2154	260.0000
71.1000	36.2015	260.0000
71.1024	36.2000	260.0000
71.1200	36.1901	260.0000
71.1400	36.1806	260.0000
71.1416	36.1800	260.0000
71.1600	36.1743	260.0000
71.1800	36.1703	260.0000
71.2000	36.1685	260.0000
71.2200	36.1689	260.0000
71.2400	36.1713	260.0000
71.2600	36.1756	260.0000
71.2748	36.1800	260.0000
71.2800	36.1818	260.0000
71.3000	36.1905	260.0000
71.3193	36.2000	260.0000
71.3200	36.2004	260.0000
71.3400	36.2136	260.0000
71.3490	36.2200	260.0000
71.3600	36.2288	260.0000
71.3728	36.2400	260.0000
71.3800	36.2470	260.0000
71.3924	36.2600	260.0000
71.4000	36.2687	260.0000
71.4092	36.2800	260.0000
71.4200	36.2943	260.0000
71.4240	36.3000	260.0000
71.4372	36.3200	260.0000
71.4400	36.3246	260.0000
71.4488	36.3400	260.0000
71.4599	36.3600	260.0000
71.4600	36.3601	260.0000
71.4696	36.3800	260.0000
71.4790	36.4000	260.0000
71.4800	36.4023	260.0000
71.4873	36.4200	260.0000
71.4952	36.4400	260.0000
71.5000	36.4525	260.0000
71.5027	36.4600	260.0000
71.5095	36.4800	260.0000
71.5160	36.5000	260.0000
71.5200	36.5126	260.0000
71.5222	36.5200	260.0000
71.5278	36.5400	260.0000
71.5333	36.5600	260.0000
71.5386	36.5800	260.0000
71.5400	36.5853	260.0000
71.5435	36.6000	260.0000
71.5482	36.6200	260.0000
71.5528	36.6400	260.0000
71.5572	36.6600	260.0000
71.5600	36.6728	260.0000
71.5614	36.6800	260.0000
71.5654	36.7000	260.0000
71.5694	36.7200	260.0000
71.5732	36.7400	260.0000
71.5770	36.7600	260.0000
71.5800	36.7760	260.0000
71.5807	36.7800	260.0000
71.5842	36.8000	260.0000
71.5877	36.8200	260.0000
71.5911	36.8400	260.0000
> 280 contour -Z280
69.4028	36.9600	280.0000
69.4000	36.9555	280.0000
69.3910	36.9400	280.0000
69.3800	36.9219	280.0000
69.3789	36.9200	280.0000
69.3674	36.9000	280.0000
69.3600	36.8876	280.0000
69.3558	36.8800	280.0000
69.3443	36.8600	280.0000
69.3400	36.8526	280.0000
69.3331	36.8400	280.0000
69.3219	36.8200	280.0000
69.3200	36.8167	280.0000
69.3111	36.8000	280.0000
69.3001	36.7800	280.0000
69.3000	36.7798	280.0000
69.2898	36.7600	280.0000
69.2800	36.7415	280.0000
69.2793	36.7400	280.0000
69.2693	36.7200	280.0000
69.2600	36.7016	280.0000
69.2592	36.7000	280.0000
69.2498	36.6800	280.0000
69.2401	36.6600	280.0000
69.2400	36.6598	280.0000
69.2312	36.6400	280.0000
69.2221	36.6200	280.0000
69.2200	36.6155	280.0000
69.2135	36.6000	280.0000
69.2051	36.5800	280.0000
69.2000	36.5679	280.0000
69.1969	36.5600	280.0000
69.1892	36.5400	280.0000
69.1814	36.5200	280.0000
69.1800	36.5163	280.0000
69.1743	36.5000	280.0000
69.1673	36.4800	280.0000
69.1604	36.4600	280.0000
69.1600	36.4587	280.0000
69.1542	36.4400	280.0000
69.1482	36.4200	280.0000
69.1423	36.4000	280.0000
69.1400	36.3920	280.0000
69.1369	36.3800	280.0000
69.1319	36.3600	280.0000
69.1272	36.3400	280.0000
69.1227	36.3200	280.0000
69.1200	36.3072	280.0000
69.1187	36.3000	280.0000
69.1152	36.2800	280.0000
69.1122	36.2600	280.0000
69.1096	36.2400	280.0000
69.1075	36.2200	280.0000
69.1060	36.2000	280.0000
69.1050	36.1800	280.0000
69.1046	36.1600	280.0000
69.1048	36.1400	280.0000
69.1057	36.1200	280.0000
69.1072	36.1000	280.0000
69.1094	36.0800	280.0000
69.1122	36.0600	280.0000
69.1156	36.0400	280.0000
69.1196	36.0200	280.0000
69.1200	36.0185	280.0000
69.1251	36.0000	280.0000
69.1312	35.9800	280.0000
69.1379	35.9600	280.0000
69.1400	35.9546	280.0000
69.1462	35.9400	280.0000
69.1554	35.9200	280.0000
69.1600	35.9110	280.0000
69.1662	35.9000	280.0000
69.1781	35.8800	280.0000
69.1800	35.8772	280.0000
69.1927	35.8600	280.0000
69.2000	35.8507	280.0000
69.2093	35.8400	280.0000
69.2200	35.8285	280.0000
69.2287	35.8200	280.0000
69.2400	35.8100	280.0000
69.2523	35.8000	280.0000
69.2600	35.7944	280.0000
69.2800	35.7808	280.0000
69.2813	35.7800	280.0000
69.3000	35.7708	280.0000
69.3200	35.7616	280.0000
69.3249	35.7600	280.0000
69.3400	35.7555	280.0000
69.3600	35.7514	280.0000
69.3800	35.7493	280.0000
69.4000	35.7499	280.0000
69.4200	35.7535	280.0000
69.4383	35.7600	280.0000
69.4400	35.7608	280.0000
69.4600	35.7745	280.0000
69.4661	35.7800	280.0000
69.4800	35.7962	280.0000
69.4827	35.8000	280.0000
69.4942	35.8200	280.0000
69.5000	35.8325	280.0000
69.5030	35.8400	280.0000
69.5099	35.8600	280.0000
69.5156	35.8800	280.0000
69.5200	35.8982	280.0000
69.5204	35.9000	280.0000
69.5242	35.9200	280.0000
69.5276	35.9400	280.0000
69.5305	35.9600	280.0000
69.5331	35.9800	280.0000
69.5355	36.0000	280.0000
69.5376	36.0200	280.0000
69.5396	36.0400	280.0000
69.5400	36.0448	280.0000
69.5413	36.0600	280.0000
69.5428	36.0800	280.0000
69.5443	36.1000	280.0000
69.5456	36.1200	280.0000
69.5470	36.1400	280.0000
69.5483	36.1600	280.0000
69.5496	36.1800	280.0000
69.5508	36.2000	280.0000
69.5521	36.2200	280.0000
69.5535	36.2400	280.0000
69.5549	36.2600	280.0000
69.5564	36.2800	280.0000
69.5581	36.3000	280.0000
69.5599	36.3200	280.0000
69.5600	36.3209	280.0000
69.5617	36.3400	280.0000
69.5637	36.3600	280.0000
69.5659	36.3800	280.0000
69.5682	36.4000	280.0000
69.5708	36.4200	280.0000
69.5736	36.4400	280.0000
69.5766	36.4600	280.0000
69.5799	36.4800	280.0000
69.5800	36.4809	280.0000
69.5831	36.5000	280.0000
69.5866	36.5200	280.0000
69.5904	36.5400	280.0000
69.5946	36.5600	280.0000
69.5991	36.5800	280.0000
69.6000	36.5839	280.0000
69.6037	36.6000	280.0000
69.6087	36.6200	280.0000
69.6141	36.6400	280.0000
69.6200	36.6599	280.0000
69.6200	36.6600	280.0000
69.6261	36.6800	280.0000
69.6329	36.7000	280.0000
69.6400	36.7192	280.0000
69.6403	36.7200	280.0000
69.6481	36.7400	280.0000
69.6568	36.7600	280.0000
69.6600	36.7669	280.0000
69.6663	36.7800	280.0000
69.6767	36.8000	280.0000
69.6800	36.8060	280.0000
69.6881	36.8200	280.0000
69.7000	36.8388	280.0000
69.7008	36.8400	280.0000
69.7146	36.8600	280.0000
69.7200	36.8672	280.0000
69.7299	36.8800	280.0000
69.7400	36.8923	280.0000
69.7466	36.9000	280.0000
69.7600	36.9150	280.0000
69.7646	36.9200	280.0000
69.7800	36.9362	280.0000
69.7837	36.9400	280.0000
69.8000	36.9564	280.0000
69.8036	36.9600	280.0000
69.8200	36.9762	280.0000
69.8238	36.9800	280.0000
69.8400	36.9959	280.0000
69.8440	37.0000	280.0000
69.8600	37.0161	280.0000
69.8638	37.0200	280.0000
69.8800	37.0370	280.0000
69.8828	37.0400	280.0000
69.9000	37.0591	280.0000
69.9008	37.0600	280.0000
69.9175	37.0800	280.0000
69.9200	37.0831	280.0000
69.9328	37.1000	280.0000
69.9400	37.1100	280.0000
69.9468	37.1200	280.0000
> 280 contour -Z280
70.8523	35.9200	280.0000
70.8600	35.9271	280.0000
70.8800	35.9387	280.0000
70.8833	35.9400	280.0000
70.9000	35.9501	280.0000
70.9200	35.9580	280.0000
70.9266	35.9600	280.0000
70.9400	35.9655	280.0000
70.9600	35.9716	280.0000
70.9800	35.9760	280.0000
71.0000	35.9792	280.0000
71.0065	35.9800	280.0000
71.0200	35.9824	280.0000
71.0400	35.9855	280.0000
71.0600	35.9884	280.0000
71.0800	35.9913	280.0000
71.1000	35.9943	280.0000
71.1200	35.9975	280.0000
71.1346	36.0000	280.0000
71.1400	36.0012	280.0000
71.1600	36.0065	280.0000
71.1800	36.0118	280.0000
71.2000	36.0169	280.0000
71.2121	36.0200	280.0000
71.2200	36.0227	280.0000
71.2400	36.0298	280.0000
71.2600	36.0364	280.0000
71.2715	36.0400	280.0000
71.2800	36.0436	280.0000
71.3000	36.0519	280.0000
71.3200	36.0592	280.0000
71.3222	36.0600	280.0000
71.3400	36.0687	280.0000
71.3600	36.0774	280.0000
71.3663	36.0800	280.0000
71.3800	36.0873	280.0000
71.4000	36.0971	280.0000
71.4063	36.1000	280.0000
71.4200	36.1080	280.0000
71.4400	36.1185	280.0000
71.4429	36.1200	280.0000
71.4600	36.1309	280.0000
71.4762	36.1400	280.0000
71.4800	36.1426	280.0000
71.5000	36.1558	280.0000
71.5069	36.1600	280.0000
71.5200	36.1696	280.0000
71.5354	36.1800	280.0000
71.5400	36.1837	280.0000
71.5600	36.1987	280.0000
71.5619	36.2000	280.0000
71.5800	36.2152	280.0000
71.5862	36.2200	280.0000
71.6000	36.2325	280.0000
71.6088	36.2400	280.0000
71.6200	36.2510	280.0000
71.6297	36.2600	280.0000
71.6400	36.2710	280.0000
71.6489	36.2800	280.0000
71.6600	36.2928	280.0000
71.6665	36.3000	280.0000
71.6800	36.3167	280.0000
71.6827	36.3200	280.0000
71.6974	36.3400	280.0000
71.7000	36.3440	280.0000
71.7107	36.3600	280.0000
71.7200	36.3752	280.0000
71.7229	36.3800	280.0000
71.7340	36.4000	280.0000
71.7400	36.4120	280.0000
71.7440	36.4200	280.0000
71.7532	36.4400	280.0000
71.7600	36.4565	280.0000
71.7615	36.4600	280.0000
71.7690	36.4800	280.0000
71.7758	36.5000	280.0000
71.7800	36.5139	280.0000
71.7819	36.5200	280.0000
71.7874	36.5400	280.0000
71.7923	36.5600	280.0000
71.7967	36.5800	280.0000
71.8000	36.5969	280.0000
71.8006	36.6000	280.0000
71.8040	36.6200	280.0000
71.8070	36.6400	280.0000
71.8095	36.6600	280.0000
71.8116	36.6800	280.0000
> 300 contour -Z300
70.9329	35.9200	300.0000
70.9400	35.9225	300.0000
70.9600	35.9281	300.0000
70.9800	35.9326	300.0000
71.0000	35.9362	300.0000
71.0200	35.9393	300.0000
71.0242	35.9400	300.0000
71.0400	35.9438	300.0000
71.0600	35.9482	300.0000
71.0800	35.9524	300.0000
71.1000	35.9563	300.0000
71.1192	35.9600	300.0000
71.1200	35.9602	300.0000
71.1400	35.9662	300.0000
71.1600	35.9718	300.0000
71.1800	35.9770	300.0000
71.1917	35.9800	300.0000
71.2000	35.9829	300.0000
71.2200	35.9900	300.0000
71.2400	35.9962	300.0000
71.2527	36.0000	300.0000
71.2600	36.0030	300.0000
71.2800	36.0108	300.0000
71.3000	36.0177	300.0000
71.3068	36.0200	300.0000
71.3200	36.0259	300.0000
71.3400	36.0340	300.0000
71.3563	36.0400	300.0000
71.3600	36.0418	300.0000
71.3800	36.0510	300.0000
71.4000	36.0591	300.0000
71.4023	36.0600	300.0000
71.4200	36.0689	300.0000
71.4400	36.0777	300.0000
71.4453	36.0800	300.0000
71.4600	36.0878	300.0000
71.4800	36.0972	300.0000
71.4862	36.1000	300.0000
71.5000	36.1077	300.0000
71.5200	36.1176	300.0000
71.5251	36.1200	300.0000
71.5400	36.1286	300.0000
71.5600	36.1389	300.0000
71.5623	36.1400	300.0000
71.5800	36.1506	300.0000
71.5978	36.1600	300.0000
71.6000	36.1614	300.0000
71.6200	36.1735	300.0000
71.6320	36.1800	300.0000
71.6400	36.1853	300.0000
71.6600	36.1973	300.0000
71.6648	36.2000	300.0000
71.6800	36.2101	300.0000
71.6963	36.2200	300.0000
71.7000	36.2226	300.0000
71.7200	36.2360	300.0000
71.7265	36.2400	300.0000
71.7400	36.2498	300.0000
71.7553	36.2600	300.0000
71.7600	36.2637	300.0000
71.7800	36.2782	300.0000
71.7826	36.2800	300.0000
71.8000	36.2938	300.0000
71.8084	36.3000	300.0000
71.8200	36.3099	300.0000
71.8326	36.3200	300.0000
71.8400	36.3268	300.0000
71.8554	36.3400	300.0000
71.8600	36.3445	300.0000
71.8767	36.3600	300.0000
71.8800	36.3635	300.0000
71.8967	36.3800	300.0000
71.9000	36.3836	300.0000
71.9156	36.4000	300.0000
71.9200	36.4052	300.0000
71.9333	36.4200	300.0000
71.9400	36.4282	300.0000
71.9502	36.4400	300.0000
71.9600	36.4526	300.0000
71.9661	36.4600	300.0000
71.9800	36.4784	300.0000
71.9813	36.4800	300.0000
71.9959	36.5000	300.0000
72.0000	36.5061	300.0000
72.0098	36.5200	300.0000
72.0200	36.5353	300.0000
> 320 contour -Z320
71.1139	35.9400	320.0000
71.1200	35.9418	320.0000
71.1400	35.9474	320.0000
71.1600	35.9528	320.0000
71.1800	35.9581	320.0000
71.1868	35.9600	320.0000
71.2000	35.9645	320.0000
71.2200	35.9710	320.0000
71.2400	35.9771	320.0000
71.2489	35.9800	320.0000
71.2600	35.9842	320.0000
71.2800	35.9914	320.0000
71.3000	35.9982	320.0000
71.3050	36.0000	320.0000
71.3200	36.0062	320.0000
71.3400	36.0137	320.0000
71.3570	36.0200	320.0000
71.3600	36.0213	320.0000
71.3800	36.0297	320.0000
71.4000	36.0375	320.0000
71.4062	36.0400	320.0000
71.4200	36.0462	320.0000
71.4400	36.0545	320.0000
71.4535	36.0600	320.0000
71.4600	36.0631	320.0000
71.4800	36.0719	320.0000
71.4993	36.0800	320.0000
71.5000	36.0804	320.0000
71.5200	36.0897	320.0000
71.5400	36.0983	320.0000
71.5440	36.1000	320.0000
71.5600	36.1077	320.0000
71.5800	36.1166	320.0000
71.5879	36.1200	320.0000
71.6000	36.1260	320.0000
71.6200	36.1351	320.0000
71.6312	36.1400	320.0000
71.6400	36.1444	320.0000
71.6600	36.1538	320.0000
71.6740	36.1600	320.0000
71.6800	36.1630	320.0000
71.7000	36.1725	320.0000
71.7167	36.1800	320.0000
71.7200	36.1817	320.0000
71.7400	36.1914	320.0000
71.7591	36.2000	320.0000
71.7600	36.2005	320.0000
71.7800	36.2102	320.0000
71.8000	36.2194	320.0000
71.8013	36.2200	320.0000
71.8200	36.2292	320.0000
71.8400	36.2385	320.0000
71.8433	36.2400	320.0000
71.8600	36.2484	320.0000
71.8800	36.2579	320.0000
71.8846	36.2600	320.0000
71.9000	36.2679	320.0000
71.9200	36.2777	320.0000
71.9250	36.2800	320.0000
71.9400	36.2880	320.0000
71.9600	36.2981	320.0000
71.9639	36.3000	320.0000
71.9800	36.3089	320.0000
72.0000	36.3194	320.0000
72.0011	36.3200	320.0000
72.0200	36.3308	320.0000
72.0366	36.3400	320.0000
72.0400	36.3421	320.0000
72.0600	36.3541	320.0000
72.0701	36.3600	320.0000
72.0800	36.3664	320.0000
72.1000	36.3790	320.0000
72.1016	36.3800	320.0000
72.1200	36.3924	320.0000
72.1315	36.4000	320.0000
72.1400	36.4061	320.0000
72.1597	36.4200	320.0000
> 340 contour -Z340
71.5030	36.0600	340.0000
71.5200	36.0667	340.0000
71.5400	36.0744	340.0000
71.5541	36.0800	340.0000
71.5600	36.0824	340.0000
71.5800	36.0901	340.0000
71.6000	36.0978	340.0000
71.6058	36.1000	340.0000
71.6200	36.1055	340.0000
71.6400	36.1130	340.0000
71.6585	36.1200	340.0000
71.6600	36.1206	340.0000
71.6800	36.1280	340.0000
71.7000	36.1352	340.0000
71.7135	36.1400	340.0000
71.7200	36.1424	340.0000
71.7400	36.1495	340.0000
71.7600	36.1564	340.0000
71.7709	36.1600	340.0000
71.7800	36.1632	340.0000
71.8000	36.1699	340.0000
71.8200	36.1764	340.0000
71.8316	36.1800	340.0000
71.8400	36.1828	340.0000
71.8600	36.1891	340.0000
71.8800	36.1952	340.0000
71.8962	36.2000	340.0000
71.9000	36.2012	340.0000
71.9200	36.2071	340.0000
71.9400	36.2129	340.0000
71.9600	36.2186	340.0000
71.9651	36.2200	340.0000
71.9800	36.2243	340.0000
72.0000	36.2299	340.0000
72.0200	36.2354	340.0000
72.0371	36.2400	340.0000
72.0400	36.2409	340.0000
> 340 contour -Z340
71.4522	36.0400	340.0000
71.4600	36.0431	340.0000
71.4800	36.0508	340.0000
