> -320 contour -Z-320
69.9000	37.0737	-320.0000
69.9200	37.0709	-320.0000
69.9400	37.0683	-320.0000
69.9600	37.0658	-320.0000
69.9800	37.0636	-320.0000
70.0000	37.0616	-320.0000
70.0189	37.0600	-320.0000
70.0200	37.0599	-320.0000
70.0400	37.0584	-320.0000
70.0600	37.0572	-320.0000
70.0800	37.0563	-320.0000
70.1000	37.0556	-320.0000
70.1200	37.0552	-320.0000
70.1400	37.0551	-320.0000
70.1600	37.0553	-320.0000
70.1800	37.0557	-320.0000
70.2000	37.0565	-320.0000
70.2200	37.0576	-320.0000
70.2400	37.0590	-320.0000
70.2515	37.0600	-320.0000
70.2600	37.0608	-320.0000
70.2800	37.0629	-320.0000
70.3000	37.0654	-320.0000
70.3200	37.0682	-320.0000
70.3400	37.0715	-320.0000
70.3600	37.0751	-320.0000
70.3800	37.0790	-320.0000
70.3845	37.0800	-320.0000
70.4000	37.0835	-320.0000
70.4200	37.0883	-320.0000
70.4400	37.0935	-320.0000
70.4600	37.0990	-320.0000
70.4634	37.1000	-320.0000
70.4800	37.1051	-320.0000
70.5000	37.1115	-320.0000
70.5200	37.1182	-320.0000
70.5250	37.1200	-320.0000
70.5400	37.1255	-320.0000
70.5600	37.1331	-320.0000
70.5774	37.1400	-320.0000
70.5800	37.1411	-320.0000
70.6000	37.1496	-320.0000
70.6200	37.1584	-320.0000
70.6234	37.1600	-320.0000
70.6400	37.1678	-320.0000
70.6600	37.1775	-320.0000
70.6649	37.1800	-320.0000
70.6800	37.1878	-320.0000
70.7000	37.1984	-320.0000
70.7029	37.2000	-320.0000
70.7200	37.2096	-320.0000
70.7381	37.2200	-320.0000
70.7400	37.2211	-320.0000
70.7600	37.2333	-320.0000
70.7709	37.2400	-320.0000
70.7800	37.2459	-320.0000
70.8000	37.2589	-320.0000
70.8017	37.2600	-320.0000
70.8200	37.2725	-320.0000
70.8309	37.2800	-320.0000
70.8400	37.2865	-320.0000
70.8587	37.3000	-320.0000
70.8600	37.3010	-320.0000
70.8800	37.3160	-320.0000
70.8852	37.3200	-320.0000
70.9000	37.3316	-320.0000
70.9107	37.3400	-320.0000
> -300 contour -Z-300
69.7000	37.0290	-300.0000
69.7200	37.0253	-300.0000
69.7400	37.0217	-300.0000
69.7497	37.0200	-300.0000
69.7600	37.0182	-300.0000
69.7800	37.0148	-300.0000
69.8000	37.0115	-300.0000
69.8200	37.0084	-300.0000
69.8400	37.0054	-300.0000
69.8600	37.0026	-300.0000
69.8798	37.0000	-300.0000
69.8800	37.0000	-300.0000
69.9000	36.9976	-300.0000
69.9200	36.9953	-300.0000
69.9400	36.9933	-300.0000
69.9600	36.9915	-300.0000
69.9800	36.9899	-300.0000
70.0000	36.9886	-300.0000
70.0200	36.9874	-300.0000
70.0400	36.9865	-300.0000
70.0600	36.9858	-300.0000
70.0800	36.9854	-300.0000
70.1000	36.9852	-300.0000
70.1200	36.9853	-300.0000
70.1400	36.9856	-300.0000
70.1600	36.9862	-300.0000
70.1800	36.9870	-300.0000
70.2000	36.9881	-300.0000
70.2200	36.9894	-300.0000
70.2400	36.9911	-300.0000
70.2600	36.9930	-300.0000
70.2800	36.9952	-300.0000
70.3000	36.9977	-300.0000
70.3167	37.0000	-300.0000
70.3200	37.0005	-300.0000
70.3400	37.0036	-300.0000
70.3600	37.0071	-300.0000
70.3800	37.0109	-300.0000
70.4000	37.0150	-300.0000
70.4200	37.0194	-300.0000
70.4224	37.0200	-300.0000
70.4400	37.0242	-300.0000
70.4600	37.0294	-300.0000
70.4800	37.0348	-300.0000
70.4982	37.0400	-300.0000
70.5000	37.0405	-300.0000
70.5200	37.0467	-300.0000
70.5400	37.0531	-300.0000
70.5600	37.0598	-300.0000
70.5604	37.0600	-300.0000
70.5800	37.0670	-300.0000
70.6000	37.0745	-300.0000
70.6143	37.0800	-300.0000
70.6200	37.0823	-300.0000
70.6400	37.0905	-300.0000
70.6600	37.0989	-300.0000
70.6625	37.1000	-300.0000
70.6800	37.1078	-300.0000
70.7000	37.1170	-300.0000
70.7063	37.1200	-300.0000
70.7200	37.1267	-300.0000
70.7400	37.1366	-300.0000
70.7467	37.1400	-300.0000
70.7600	37.1470	-300.0000
70.7800	37.1576	-300.0000
70.7843	37.1600	-300.0000
70.8000	37.1688	-300.0000
70.8197	37.1800	-300.0000
70.8200	37.1802	-300.0000
70.8400	37.1921	-300.0000
70.8530	37.2000	-300.0000
70.8600	37.2044	-300.0000
70.8800	37.2170	-300.0000
70.8846	37.2200	-300.0000
70.9000	37.2302	-300.0000
70.9148	37.2400	-300.0000
70.9200	37.2436	-300.0000
70.9400	37.2575	-300.0000
70.9436	37.2600	-300.0000
70.9600	37.2719	-300.0000
70.9711	37.2800	-300.0000
70.9800	37.2867	-300.0000
> -280 contour -Z-280
69.5000	36.9884	-280.0000
69.5200	36.9849	-280.0000
69.5400	36.9812	-280.0000
69.5467	36.9800	-280.0000
69.5600	36.9775	-280.0000
69.5800	36.9738	-280.0000
69.6000	36.9700	-280.0000
69.6200	36.9663	-280.0000
69.6400	36.9625	-280.0000
69.6537	36.9600	-280.0000
69.6600	36.9588	-280.0000
69.6800	36.9553	-280.0000
69.7000	36.9518	-280.0000
69.7200	36.9484	-280.0000
69.7400	36.9451	-280.0000
69.7600	36.9420	-280.0000
69.7739	36.9400	-280.0000
69.7800	36.9391	-280.0000
69.8000	36.9364	-280.0000
69.8200	36.9338	-280.0000
69.8400	36.9314	-280.0000
69.8600	36.9292	-280.0000
69.8800	36.9272	-280.0000
69.9000	36.9255	-280.0000
69.9200	36.9239	-280.0000
69.9400	36.9225	-280.0000
69.9600	36.9213	-280.0000
69.9800	36.9204	-280.0000
69.9900	36.9200	-280.0000
70.0000	36.9196	-280.0000
70.0200	36.9191	-280.0000
70.0400	36.9188	-280.0000
70.0600	36.9187	-280.0000
70.0800	36.9188	-280.0000
70.1000	36.9191	-280.0000
70.1200	36.9197	-280.0000
70.1290	36.9200	-280.0000
70.1400	36.9204	-280.0000
70.1600	36.9214	-280.0000
70.1800	36.9226	-280.0000
70.2000	36.9240	-280.0000
70.2200	36.9257	-280.0000
70.2400	36.9276	-280.0000
70.2600	36.9297	-280.0000
70.2800	36.9321	-280.0000
70.3000	36.9347	-280.0000
70.3200	36.9375	-280.0000
70.3359	36.9400	-280.0000
70.3400	36.9407	-280.0000
70.3600	36.9441	-280.0000
70.3800	36.9478	-280.0000
70.4000	36.9517	-280.0000
70.4200	36.9559	-280.0000
70.4382	36.9600	-280.0000
70.4400	36.9604	-280.0000
70.4600	36.9652	-280.0000
70.4800	36.9703	-280.0000
70.5000	36.9756	-280.0000
70.5157	36.9800	-280.0000
70.5200	36.9812	-280.0000
70.5400	36.9871	-280.0000
70.5600	36.9933	-280.0000
70.5800	36.9998	-280.0000
70.5808	37.0000	-280.0000
70.6000	37.0065	-280.0000
70.6200	37.0136	-280.0000
70.6376	37.0200	-280.0000
70.6400	37.0209	-280.0000
70.6600	37.0286	-280.0000
70.6800	37.0365	-280.0000
70.6886	37.0400	-280.0000
70.7000	37.0447	-280.0000
70.7200	37.0533	-280.0000
70.7353	37.0600	-280.0000
70.7400	37.0621	-280.0000
70.7600	37.0713	-280.0000
70.7785	37.0800	-280.0000
70.7800	37.0807	-280.0000
70.8000	37.0905	-280.0000
70.8189	37.1000	-280.0000
70.8200	37.1006	-280.0000
70.8400	37.1110	-280.0000
70.8569	37.1200	-280.0000
70.8600	37.1217	-280.0000
70.8800	37.1328	-280.0000
70.8929	37.1400	-280.0000
70.9000	37.1441	-280.0000
70.9200	37.1558	-280.0000
70.9271	37.1600	-280.0000
70.9400	37.1678	-280.0000
70.9599	37.1800	-280.0000
70.9600	37.1801	-280.0000
70.9800	37.1928	-280.0000
70.9912	37.2000	-280.0000
71.0000	37.2058	-280.0000
71.0200	37.2191	-280.0000
71.0214	37.2200	-280.0000
71.0400	37.2328	-280.0000
71.0503	37.2400	-280.0000
> -260 contour -Z-260
69.3000	36.9411	-260.0000
69.3124	36.9400	-260.0000
69.3200	36.9393	-260.0000
69.3400	36.9372	-260.0000
69.3600	36.9348	-260.0000
69.3800	36.9321	-260.0000
69.4000	36.9293	-260.0000
69.4200	36.9262	-260.0000
69.4400	36.9229	-260.0000
69.4571	36.9200	-260.0000
69.4600	36.9195	-260.0000
69.4800	36.9159	-260.0000
69.5000	36.9123	-260.0000
69.5200	36.9085	-260.0000
69.5400	36.9047	-260.0000
69.5600	36.9009	-260.0000
69.5648	36.9000	-260.0000
69.5800	36.8971	-260.0000
69.6000	36.8933	-260.0000
69.6200	36.8897	-260.0000
69.6400	36.8861	-260.0000
69.6600	36.8826	-260.0000
69.6759	36.8800	-260.0000
69.6800	36.8793	-260.0000
69.7000	36.8762	-260.0000
69.7200	36.8732	-260.0000
69.7400	36.8705	-260.0000
69.7600	36.8679	-260.0000
69.7800	36.8655	-260.0000
69.8000	36.8634	-260.0000
69.8200	36.8614	-260.0000
69.8366	36.8600	-260.0000
69.8400	36.8597	-260.0000
69.8600	36.8582	-260.0000
69.8800	36.8569	-260.0000
69.9000	36.8558	-260.0000
69.9200	36.8549	-260.0000
69.9400	36.8542	-260.0000
69.9600	36.8537	-260.0000
69.9800	36.8534	-260.0000
70.0000	36.8533	-260.0000
70.0200	36.8534	-260.0000
70.0400	36.8537	-260.0000
70.0600	36.8542	-260.0000
70.0800	36.8549	-260.0000
70.1000	36.8557	-260.0000
70.1200	36.8568	-260.0000
70.1400	36.8580	-260.0000
70.1600	36.8594	-260.0000
70.1676	36.8600	-260.0000
70.1800	36.8610	-260.0000
70.2000	36.8628	-260.0000
70.2200	36.8648	-260.0000
70.2400	36.8669	-260.0000
70.2600	36.8693	-260.0000
70.2800	36.8718	-260.0000
70.3000	36.8746	-260.0000
70.3200	36.8776	-260.0000
70.3354	36.8800	-260.0000
70.3400	36.8807	-260.0000
70.3600	36.8842	-260.0000
70.3800	36.8878	-260.0000
70.4000	36.8916	-260.0000
70.4200	36.8957	-260.0000
70.4400	36.9000	-260.0000
70.4400	36.9000	-260.0000
70.4600	36.9046	-260.0000
70.4800	36.9094	-260.0000
70.5000	36.9144	-260.0000
70.5200	36.9196	-260.0000
70.5216	36.9200	-260.0000
70.5400	36.9251	-260.0000
70.5600	36.9308	-260.0000
70.5800	36.9367	-260.0000
70.5906	36.9400	-260.0000
70.6000	36.9429	-260.0000
70.6200	36.9494	-260.0000
70.6400	36.9561	-260.0000
70.6513	36.9600	-260.0000
70.6600	36.9631	-260.0000
70.6800	36.9703	-260.0000
70.7000	36.9777	-260.0000
70.7059	36.9800	-260.0000
70.7200	36.9855	-260.0000
70.7400	36.9935	-260.0000
70.7559	37.0000	-260.0000
70.7600	37.0017	-260.0000
70.7800	37.0103	-260.0000
70.8000	37.0190	-260.0000
70.8022	37.0200	-260.0000
70.8200	37.0281	-260.0000
70.8400	37.0374	-260.0000
70.8456	37.0400	-260.0000
70.8600	37.0470	-260.0000
70.8800	37.0568	-260.0000
70.8864	37.0600	-260.0000
70.9000	37.0669	-260.0000
70.9200	37.0773	-260.0000
70.9252	37.0800	-260.0000
70.9400	37.0879	-260.0000
70.9600	37.0987	-260.0000
70.9623	37.1000	-260.0000
70.9800	37.1099	-260.0000
70.9978	37.1200	-260.0000
71.0000	37.1213	-260.0000
71.0200	37.1330	-260.0000
71.0320	37.1400	-260.0000
71.0400	37.1449	-260.0000
71.0600	37.1570	-260.0000
71.0649	37.1600	-260.0000
71.0800	37.1695	-260.0000
71.0968	37.1800	-260.0000
71.1000	37.1821	-260.0000
71.1200	37.1951	-260.0000
> -240 contour -Z-240
68.8200	36.8067	-240.0000
68.8400	36.8146	-240.0000
68.8547	36.8200	-240.0000
68.8600	36.8220	-240.0000
68.8800	36.8289	-240.0000
68.9000	36.8355	-240.0000
68.9150	36.8400	-240.0000
68.9200	36.8415	-240.0000
68.9400	36.8471	-240.0000
68.9600	36.8522	-240.0000
68.9800	36.8567	-240.0000
68.9961	36.8600	-240.0000
69.0000	36.8608	-240.0000
69.0200	36.8643	-240.0000
69.0400	36.8674	-240.0000
69.0600	36.8700	-240.0000
69.0800	36.8722	-240.0000
69.1000	36.8738	-240.0000
69.1200	36.8751	-240.0000
69.1400	36.8759	-240.0000
69.1600	36.8763	-240.0000
69.1800	36.8764	-240.0000
69.2000	36.8760	-240.0000
69.2200	36.8753	-240.0000
69.2400	36.8742	-240.0000
69.2600	36.8727	-240.0000
69.2800	36.8710	-240.0000
69.3000	36.8689	-240.0000
69.3200	36.8666	-240.0000
69.3400	36.8640	-240.0000
69.3600	36.8611	-240.0000
69.3670	36.8600	-240.0000
69.3800	36.8580	-240.0000
69.4000	36.8547	-240.0000
69.4200	36.8512	-240.0000
69.4400	36.8476	-240.0000
69.4600	36.8438	-240.0000
69.4800	36.8400	-240.0000
69.4800	36.8400	-240.0000
69.5000	36.8361	-240.0000
69.5200	36.8322	-240.0000
69.5400	36.8283	-240.0000
69.5600	36.8244	-240.0000
69.5800	36.8207	-240.0000
69.5835	36.8200	-240.0000
69.6000	36.8170	-240.0000
69.6200	36.8135	-240.0000
69.6400	36.8101	-240.0000
69.6600	36.8070	-240.0000
69.6800	36.8041	-240.0000
69.7000	36.8014	-240.0000
69.7110	36.8000	-240.0000
69.7200	36.7989	-240.0000
69.7400	36.7967	-240.0000
69.7600	36.7947	-240.0000
69.7800	36.7930	-240.0000
69.8000	36.7915	-240.0000
69.8200	36.7902	-240.0000
69.8400	36.7892	-240.0000
69.8600	36.7884	-240.0000
69.8800	36.7878	-240.0000
69.9000	36.7874	-240.0000
69.9200	36.7872	-240.0000
69.9400	36.7873	-240.0000
69.9600	36.7875	-240.0000
69.9800	36.7879	-240.0000
70.0000	36.7885	-240.0000
70.0200	36.7892	-240.0000
70.0400	36.7901	-240.0000
70.0600	36.7912	-240.0000
70.0800	36.7925	-240.0000
70.1000	36.7939	-240.0000
70.1200	36.7954	-240.0000
70.1400	36.7972	-240.0000
70.1600	36.7990	-240.0000
70.1698	36.8000	-240.0000
70.1800	36.8010	-240.0000
70.2000	36.8032	-240.0000
70.2200	36.8055	-240.0000
70.2400	36.8080	-240.0000
70.2600	36.8106	-240.0000
70.2800	36.8134	-240.0000
70.3000	36.8163	-240.0000
70.3200	36.8194	-240.0000
70.3237	36.8200	-240.0000
70.3400	36.8227	-240.0000
70.3600	36.8261	-240.0000
70.3800	36.8298	-240.0000
70.4000	36.8336	-240.0000
70.4200	36.8375	-240.0000
70.4318	36.8400	-240.0000
70.4400	36.8417	-240.0000
70.4600	36.8461	-240.0000
70.4800	36.8506	-240.0000
70.5000	36.8554	-240.0000
70.5188	36.8600	-240.0000
70.5200	36.8603	-240.0000
70.5400	36.8655	-240.0000
70.5600	36.8708	-240.0000
70.5800	36.8763	-240.0000
70.5928	36.8800	-240.0000
70.6000	36.8821	-240.0000
70.6200	36.8881	-240.0000
70.6400	36.8942	-240.0000
70.6581	36.9000	-240.0000
70.6600	36.9006	-240.0000
70.6800	36.9072	-240.0000
70.7000	36.9141	-240.0000
70.7169	36.9200	-240.0000
70.7200	36.9211	-240.0000
70.7400	36.9284	-240.0000
70.7600	36.9359	-240.0000
70.7707	36.9400	-240.0000
70.7800	36.9436	-240.0000
70.8000	36.9516	-240.0000
70.8200	36.9598	-240.0000
70.8205	36.9600	-240.0000
70.8400	36.9682	-240.0000
70.8600	36.9769	-240.0000
70.8671	36.9800	-240.0000
70.8800	36.9858	-240.0000
70.9000	36.9949	-240.0000
70.9111	37.0000	-240.0000
70.9200	37.0042	-240.0000
70.9400	37.0137	-240.0000
70.9529	37.0200	-240.0000
70.9600	37.0235	-240.0000
70.9800	37.0335	-240.0000
70.9929	37.0400	-240.0000
71.0000	37.0437	-240.0000
71.0200	37.0540	-240.0000
71.0314	37.0600	-240.0000
71.0400	37.0646	-240.0000
71.0600	37.0754	-240.0000
71.0685	37.0800	-240.0000
71.0800	37.0864	-240.0000
71.1000	37.0975	-240.0000
71.1046	37.1000	-240.0000
71.1200	37.1088	-240.0000
71.1396	37.1200	-240.0000
71.1400	37.1202	-240.0000
71.1600	37.1319	-240.0000
71.1739	37.1400	-240.0000
71.1800	37.1437	-240.0000
> -220 contour -Z-220
68.8200	36.7424	-220.0000
68.8400	36.7502	-220.0000
68.8600	36.7575	-220.0000
68.8674	36.7600	-220.0000
68.8800	36.7643	-220.0000
68.9000	36.7706	-220.0000
68.9200	36.7764	-220.0000
68.9334	36.7800	-220.0000
68.9400	36.7818	-220.0000
68.9600	36.7865	-220.0000
68.9800	36.7908	-220.0000
69.0000	36.7945	-220.0000
69.0200	36.7978	-220.0000
69.0366	36.8000	-220.0000
69.0400	36.8005	-220.0000
69.0600	36.8026	-220.0000
69.0800	36.8044	-220.0000
69.1000	36.8056	-220.0000
69.1200	36.8064	-220.0000
69.1400	36.8067	-220.0000
69.1600	36.8067	-220.0000
69.1800	36.8062	-220.0000
69.2000	36.8053	-220.0000
69.2200	36.8040	-220.0000
69.2400	36.8024	-220.0000
69.2600	36.8005	-220.0000
69.2643	36.8000	-220.0000
69.2800	36.7982	-220.0000
69.3000	36.7956	-220.0000
69.3200	36.7928	-220.0000
69.3400	36.7897	-220.0000
69.3600	36.7863	-220.0000
69.3800	36.7828	-220.0000
69.3951	36.7800	-220.0000
69.4000	36.7791	-220.0000
69.4200	36.7752	-220.0000
69.4400	36.7713	-220.0000
69.4600	36.7673	-220.0000
69.4800	36.7632	-220.0000
69.4958	36.7600	-220.0000
69.5000	36.7591	-220.0000
69.5200	36.7551	-220.0000
69.5400	36.7511	-220.0000
69.5600	36.7473	-220.0000
69.5800	36.7436	-220.0000
69.6000	36.7401	-220.0000
69.6008	36.7400	-220.0000
69.6200	36.7369	-220.0000
69.6400	36.7338	-220.0000
69.6600	36.7311	-220.0000
69.6800	36.7286	-220.0000
69.7000	36.7264	-220.0000
69.7200	36.7245	-220.0000
69.7400	36.7229	-220.0000
69.7600	36.7216	-220.0000
69.7800	36.7205	-220.0000
69.7931	36.7200	-220.0000
69.8000	36.7197	-220.0000
69.8200	36.7192	-220.0000
69.8400	36.7189	-220.0000
69.8600	36.7189	-220.0000
69.8800	36.7190	-220.0000
69.9000	36.7194	-220.0000
69.9197	36.7200	-220.0000
69.9200	36.7200	-220.0000
69.9400	36.7208	-220.0000
69.9600	36.7217	-220.0000
69.9800	36.7229	-220.0000
70.0000	36.7241	-220.0000
70.0200	36.7256	-220.0000
70.0400	36.7271	-220.0000
70.0600	36.7289	-220.0000
70.0800	36.7307	-220.0000
70.1000	36.7327	-220.0000
70.1200	36.7348	-220.0000
70.1400	36.7370	-220.0000
70.1600	36.7394	-220.0000
70.1651	36.7400	-220.0000
70.1800	36.7418	-220.0000
70.2000	36.7444	-220.0000
70.2200	36.7471	-220.0000
70.2400	36.7499	-220.0000
70.2600	36.7528	-220.0000
70.2800	36.7558	-220.0000
70.3000	36.7590	-220.0000
70.3064	36.7600	-220.0000
70.3200	36.7622	-220.0000
70.3400	36.7656	-220.0000
70.3600	36.7691	-220.0000
70.3800	36.7728	-220.0000
70.4000	36.7766	-220.0000
70.4174	36.7800	-220.0000
70.4200	36.7805	-220.0000
70.4400	36.7846	-220.0000
70.4600	36.7888	-220.0000
70.4800	36.7932	-220.0000
70.5000	36.7977	-220.0000
70.5097	36.8000	-220.0000
70.5200	36.8024	-220.0000
70.5400	36.8073	-220.0000
70.5600	36.8123	-220.0000
70.5800	36.8175	-220.0000
70.5895	36.8200	-220.0000
70.6000	36.8228	-220.0000
70.6200	36.8284	-220.0000
70.6400	36.8341	-220.0000
70.6600	36.8400	-220.0000
70.6601	36.8400	-220.0000
70.6800	36.8461	-220.0000
70.7000	36.8523	-220.0000
70.7200	36.8588	-220.0000
70.7237	36.8600	-220.0000
70.7400	36.8655	-220.0000
70.7600	36.8723	-220.0000
70.7800	36.8794	-220.0000
70.7817	36.8800	-220.0000
70.8000	36.8866	-220.0000
70.8200	36.8941	-220.0000
70.8355	36.9000	-220.0000
70.8400	36.9018	-220.0000
70.8600	36.9096	-220.0000
70.8800	36.9177	-220.0000
70.8857	36.9200	-220.0000
70.9000	36.9259	-220.0000
70.9200	36.9344	-220.0000
70.9331	36.9400	-220.0000
70.9400	36.9430	-220.0000
70.9600	36.9519	-220.0000
70.9781	36.9600	-220.0000
70.9800	36.9609	-220.0000
71.0000	36.9701	-220.0000
71.0200	36.9794	-220.0000
71.0213	36.9800	-220.0000
71.0400	36.9889	-220.0000
71.0600	36.9986	-220.0000
71.0629	37.0000	-220.0000
71.0800	37.0084	-220.0000
71.1000	37.0184	-220.0000
71.1033	37.0200	-220.0000
71.1200	37.0285	-220.0000
71.1400	37.0386	-220.0000
71.1427	37.0400	-220.0000
71.1600	37.0490	-220.0000
71.1800	37.0593	-220.0000
71.1813	37.0600	-220.0000
71.2000	37.0698	-220.0000
71.2195	37.0800	-220.0000
71.2200	37.0803	-220.0000
71.2400	37.0909	-220.0000
71.2574	37.1000	-220.0000
> -200 contour -Z-200
68.8000	36.6683	-200.0000
68.8200	36.6764	-200.0000
68.8293	36.6800	-200.0000
68.8400	36.6841	-200.0000
68.8600	36.6913	-200.0000
68.8800	36.6980	-200.0000
68.8865	36.7000	-200.0000
68.9000	36.7041	-200.0000
68.9200	36.7098	-200.0000
68.9400	36.7148	-200.0000
68.9600	36.7194	-200.0000
68.9632	36.7200	-200.0000
68.9800	36.7233	-200.0000
69.0000	36.7267	-200.0000
69.0200	36.7295	-200.0000
69.0400	36.7318	-200.0000
69.0600	36.7336	-200.0000
69.0800	36.7349	-200.0000
69.1000	36.7357	-200.0000
69.1200	36.7360	-200.0000
69.1400	36.7359	-200.0000
69.1600	36.7353	-200.0000
69.1800	36.7343	-200.0000
69.2000	36.7328	-200.0000
69.2200	36.7310	-200.0000
69.2400	36.7289	-200.0000
69.2600	36.7264	-200.0000
69.2800	36.7236	-200.0000
69.3000	36.7205	-200.0000
69.3031	36.7200	-200.0000
69.3200	36.7172	-200.0000
69.3400	36.7136	-200.0000
69.3600	36.7098	-200.0000
69.3800	36.7058	-200.0000
69.4000	36.7017	-200.0000
69.4083	36.7000	-200.0000
69.4200	36.6975	-200.0000
69.4400	36.6933	-200.0000
69.4600	36.6890	-200.0000
69.4800	36.6847	-200.0000
69.5000	36.6806	-200.0000
69.5027	36.6800	-200.0000
69.5200	36.6765	-200.0000
69.5400	36.6725	-200.0000
69.5600	36.6687	-200.0000
69.5800	36.6652	-200.0000
69.6000	36.6619	-200.0000
69.6130	36.6600	-200.0000
69.6200	36.6590	-200.0000
69.6400	36.6563	-200.0000
69.6600	36.6540	-200.0000
69.6800	36.6520	-200.0000
69.7000	36.6504	-200.0000
69.7200	36.6491	-200.0000
69.7400	36.6481	-200.0000
69.7600	36.6475	-200.0000
69.7800	36.6472	-200.0000
69.8000	36.6472	-200.0000
69.8200	36.6475	-200.0000
69.8400	36.6480	-200.0000
69.8600	36.6487	-200.0000
69.8800	36.6497	-200.0000
69.9000	36.6509	-200.0000
69.9200	36.6523	-200.0000
69.9400	36.6539	-200.0000
69.9600	36.6556	-200.0000
69.9800	36.6575	-200.0000
70.0000	36.6595	-200.0000
70.0046	36.6600	-200.0000
70.0200	36.6617	-200.0000
70.0400	36.6639	-200.0000
70.0600	36.6663	-200.0000
70.0800	36.6688	-200.0000
70.1000	36.6714	-200.0000
70.1200	36.6741	-200.0000
70.1400	36.6769	-200.0000
70.1600	36.6797	-200.0000
70.1619	36.6800	-200.0000
70.1800	36.6826	-200.0000
70.2000	36.6856	-200.0000
70.2200	36.6887	-200.0000
70.2400	36.6919	-200.0000
70.2600	36.6951	-200.0000
70.2800	36.6984	-200.0000
70.2893	36.7000	-200.0000
70.3000	36.7018	-200.0000
70.3200	36.7053	-200.0000
70.3400	36.7088	-200.0000
70.3600	36.7124	-200.0000
70.3800	36.7162	-200.0000
70.4000	36.7200	-200.0000
70.4002	36.7200	-200.0000
70.4200	36.7239	-200.0000
70.4400	36.7279	-200.0000
70.4600	36.7320	-200.0000
70.4800	36.7363	-200.0000
70.4972	36.7400	-200.0000
70.5000	36.7406	-200.0000
70.5200	36.7451	-200.0000
70.5400	36.7497	-200.0000
70.5600	36.7544	-200.0000
70.5800	36.7593	-200.0000
70.5828	36.7600	-200.0000
70.6000	36.7643	-200.0000
70.6200	36.7695	-200.0000
70.6400	36.7748	-200.0000
70.6592	36.7800	-200.0000
70.6600	36.7802	-200.0000
70.6800	36.7858	-200.0000
70.7000	36.7916	-200.0000
70.7200	36.7976	-200.0000
70.7280	36.8000	-200.0000
70.7400	36.8037	-200.0000
70.7600	36.8099	-200.0000
70.7800	36.8164	-200.0000
70.7910	36.8200	-200.0000
70.8000	36.8230	-200.0000
70.8200	36.8298	-200.0000
70.8400	36.8368	-200.0000
70.8491	36.8400	-200.0000
70.8600	36.8439	-200.0000
70.8800	36.8513	-200.0000
70.9000	36.8588	-200.0000
70.9033	36.8600	-200.0000
70.9200	36.8664	-200.0000
70.9400	36.8743	-200.0000
70.9543	36.8800	-200.0000
70.9600	36.8823	-200.0000
70.9800	36.8905	-200.0000
71.0000	36.8988	-200.0000
71.0029	36.9000	-200.0000
71.0200	36.9073	-200.0000
71.0400	36.9159	-200.0000
71.0495	36.9200	-200.0000
71.0600	36.9246	-200.0000
71.0800	36.9335	-200.0000
71.0945	36.9400	-200.0000
71.1000	36.9425	-200.0000
71.1200	36.9516	-200.0000
71.1384	36.9600	-200.0000
71.1400	36.9607	-200.0000
71.1600	36.9700	-200.0000
71.1800	36.9793	-200.0000
71.1816	36.9800	-200.0000
71.2000	36.9886	-200.0000
71.2200	36.9980	-200.0000
71.2244	37.0000	-200.0000
71.2400	37.0073	-200.0000
71.2600	37.0167	-200.0000
71.2672	37.0200	-200.0000
71.2800	37.0260	-200.0000
71.3000	37.0353	-200.0000
71.3103	37.0400	-200.0000
71.3200	37.0445	-200.0000
> -180 contour -Z-180
68.8000	36.5996	-180.0000
68.8010	36.6000	-180.0000
68.8200	36.6077	-180.0000
68.8400	36.6154	-180.0000
68.8528	36.6200	-180.0000
68.8600	36.6226	-180.0000
68.8800	36.6291	-180.0000
68.9000	36.6352	-180.0000
68.9176	36.6400	-180.0000
68.9200	36.6406	-180.0000
68.9400	36.6455	-180.0000
68.9600	36.6497	-180.0000
68.9800	36.6534	-180.0000
69.0000	36.6564	-180.0000
69.0200	36.6589	-180.0000
69.0311	36.6600	-180.0000
69.0400	36.6608	-180.0000
69.0600	36.6622	-180.0000
69.0800	36.6630	-180.0000
69.1000	36.6633	-180.0000
69.1200	36.6631	-180.0000
69.1400	36.6624	-180.0000
69.1600	36.6613	-180.0000
69.1771	36.6600	-180.0000
69.1800	36.6598	-180.0000
69.2000	36.6578	-180.0000
69.2200	36.6554	-180.0000
69.2400	36.6527	-180.0000
69.2600	36.6497	-180.0000
69.2800	36.6463	-180.0000
69.3000	36.6427	-180.0000
69.3140	36.6400	-180.0000
69.3200	36.6388	-180.0000
69.3400	36.6347	-180.0000
69.3600	36.6305	-180.0000
69.3800	36.6261	-180.0000
69.4000	36.6217	-180.0000
69.4074	36.6200	-180.0000
69.4200	36.6171	-180.0000
69.4400	36.6126	-180.0000
69.4600	36.6081	-180.0000
69.4800	36.6037	-180.0000
69.4972	36.6000	-180.0000
69.5000	36.5994	-180.0000
69.5200	36.5953	-180.0000
69.5400	36.5913	-180.0000
69.5600	36.5877	-180.0000
69.5800	36.5844	-180.0000
69.6000	36.5814	-180.0000
69.6104	36.5800	-180.0000
69.6200	36.5787	-180.0000
69.6400	36.5765	-180.0000
69.6600	36.5747	-180.0000
69.6800	36.5732	-180.0000
69.7000	36.5722	-180.0000
69.7200	36.5716	-180.0000
69.7400	36.5714	-180.0000
69.7600	36.5716	-180.0000
69.7800	36.5721	-180.0000
69.8000	36.5729	-180.0000
69.8200	36.5740	-180.0000
69.8400	36.5754	-180.0000
69.8600	36.5770	-180.0000
69.8800	36.5789	-180.0000
69.8909	36.5800	-180.0000
69.9000	36.5809	-180.0000
69.9200	36.5832	-180.0000
69.9400	36.5856	-180.0000
69.9600	36.5881	-180.0000
69.9800	36.5908	-180.0000
70.0000	36.5937	-180.0000
70.0200	36.5966	-180.0000
70.0400	36.5996	-180.0000
70.0424	36.6000	-180.0000
70.0600	36.6027	-180.0000
70.0800	36.6059	-180.0000
70.1000	36.6092	-180.0000
70.1200	36.6125	-180.0000
70.1400	36.6158	-180.0000
70.1600	36.6193	-180.0000
70.1643	36.6200	-180.0000
70.1800	36.6227	-180.0000
70.2000	36.6262	-180.0000
70.2200	36.6297	-180.0000
70.2400	36.6333	-180.0000
70.2600	36.6369	-180.0000
70.2773	36.6400	-180.0000
70.2800	36.6405	-180.0000
70.3000	36.6441	-180.0000
70.3200	36.6478	-180.0000
70.3400	36.6516	-180.0000
70.3600	36.6553	-180.0000
70.3800	36.6591	-180.0000
70.3844	36.6600	-180.0000
70.4000	36.6630	-180.0000
70.4200	36.6669	-180.0000
70.4400	36.6709	-180.0000
70.4600	36.6750	-180.0000
70.4800	36.6791	-180.0000
70.4842	36.6800	-180.0000
70.5000	36.6833	-180.0000
70.5200	36.6876	-180.0000
70.5400	36.6920	-180.0000
70.5600	36.6965	-180.0000
70.5753	36.7000	-180.0000
70.5800	36.7011	-180.0000
70.6000	36.7058	-180.0000
70.6200	36.7106	-180.0000
70.6400	36.7155	-180.0000
70.6577	36.7200	-180.0000
70.6600	36.7206	-180.0000
70.6800	36.7258	-180.0000
70.7000	36.7311	-180.0000
70.7200	36.7365	-180.0000
70.7324	36.7400	-180.0000
70.7400	36.7421	-180.0000
70.7600	36.7479	-180.0000
70.7800	36.7537	-180.0000
70.8000	36.7598	-180.0000
70.8007	36.7600	-180.0000
70.8200	36.7660	-180.0000
70.8400	36.7723	-180.0000
70.8600	36.7788	-180.0000
70.8636	36.7800	-180.0000
70.8800	36.7855	-180.0000
70.9000	36.7923	-180.0000
70.9200	36.7992	-180.0000
70.9222	36.8000	-180.0000
70.9400	36.8063	-180.0000
70.9600	36.8136	-180.0000
70.9773	36.8200	-180.0000
70.9800	36.8210	-180.0000
71.0000	36.8286	-180.0000
71.0200	36.8363	-180.0000
71.0296	36.8400	-180.0000
71.0400	36.8441	-180.0000
71.0600	36.8520	-180.0000
71.0799	36.8600	-180.0000
71.0800	36.8600	-180.0000
71.1000	36.8682	-180.0000
71.1200	36.8764	-180.0000
71.1287	36.8800	-180.0000
71.1400	36.8847	-180.0000
71.1600	36.8931	-180.0000
71.1766	36.9000	-180.0000
71.1800	36.9015	-180.0000
71.2000	36.9099	-180.0000
71.2200	36.9183	-180.0000
71.2241	36.9200	-180.0000
71.2400	36.9267	-180.0000
71.2600	36.9351	-180.0000
71.2718	36.9400	-180.0000
71.2800	36.9435	-180.0000
71.3000	36.9517	-180.0000
71.3200	36.9599	-180.0000
71.3202	36.9600	-180.0000
71.3400	36.9680	-180.0000
71.3600	36.9759	-180.0000
71.3706	36.9800	-180.0000
71.3800	36.9837	-180.0000
71.4000	36.9913	-180.0000
> -160 contour -Z-160
68.7800	36.5177	-160.0000
68.7851	36.5200	-160.0000
68.8000	36.5267	-160.0000
68.8200	36.5350	-160.0000
68.8326	36.5400	-160.0000
68.8400	36.5428	-160.0000
68.8600	36.5500	-160.0000
68.8800	36.5566	-160.0000
68.8914	36.5600	-160.0000
68.9000	36.5625	-160.0000
68.9200	36.5678	-160.0000
68.9400	36.5725	-160.0000
68.9600	36.5765	-160.0000
68.9800	36.5799	-160.0000
68.9806	36.5800	-160.0000
69.0000	36.5826	-160.0000
69.0200	36.5847	-160.0000
69.0400	36.5862	-160.0000
69.0600	36.5871	-160.0000
69.0800	36.5875	-160.0000
69.1000	36.5873	-160.0000
69.1200	36.5866	-160.0000
69.1400	36.5853	-160.0000
69.1600	36.5837	-160.0000
69.1800	36.5815	-160.0000
69.1921	36.5800	-160.0000
69.2000	36.5790	-160.0000
69.2200	36.5760	-160.0000
69.2400	36.5727	-160.0000
69.2600	36.5691	-160.0000
69.2800	36.5652	-160.0000
69.3000	36.5610	-160.0000
69.3046	36.5600	-160.0000
69.3200	36.5566	-160.0000
69.3400	36.5520	-160.0000
69.3600	36.5473	-160.0000
69.3800	36.5425	-160.0000
69.3903	36.5400	-160.0000
69.4000	36.5376	-160.0000
69.4200	36.5327	-160.0000
69.4400	36.5279	-160.0000
69.4600	36.5232	-160.0000
69.4743	36.5200	-160.0000
69.4800	36.5187	-160.0000
69.5000	36.5143	-160.0000
69.5200	36.5102	-160.0000
69.5400	36.5064	-160.0000
69.5600	36.5029	-160.0000
69.5786	36.5000	-160.0000
69.5800	36.4998	-160.0000
69.6000	36.4971	-160.0000
69.6200	36.4948	-160.0000
69.6400	36.4931	-160.0000
69.6600	36.4918	-160.0000
69.6800	36.4910	-160.0000
69.7000	36.4907	-160.0000
69.7200	36.4908	-160.0000
69.7400	36.4914	-160.0000
69.7600	36.4924	-160.0000
69.7800	36.4938	-160.0000
69.8000	36.4955	-160.0000
69.8200	36.4976	-160.0000
69.8400	36.4999	-160.0000
69.8408	36.5000	-160.0000
69.8600	36.5025	-160.0000
69.8800	36.5052	-160.0000
69.9000	36.5082	-160.0000
69.9200	36.5114	-160.0000
69.9400	36.5148	-160.0000
69.9600	36.5183	-160.0000
69.9694	36.5200	-160.0000
69.9800	36.5219	-160.0000
70.0000	36.5256	-160.0000
70.0200	36.5293	-160.0000
70.0400	36.5332	-160.0000
70.0600	36.5371	-160.0000
70.0745	36.5400	-160.0000
70.0800	36.5411	-160.0000
70.1000	36.5450	-160.0000
70.1200	36.5490	-160.0000
70.1400	36.5531	-160.0000
70.1600	36.5571	-160.0000
70.1742	36.5600	-160.0000
70.1800	36.5612	-160.0000
70.2000	36.5652	-160.0000
70.2200	36.5692	-160.0000
70.2400	36.5732	-160.0000
70.2600	36.5772	-160.0000
70.2738	36.5800	-160.0000
70.2800	36.5812	-160.0000
70.3000	36.5852	-160.0000
70.3200	36.5891	-160.0000
70.3400	36.5931	-160.0000
70.3600	36.5971	-160.0000
70.3748	36.6000	-160.0000
70.3800	36.6010	-160.0000
70.4000	36.6050	-160.0000
70.4200	36.6089	-160.0000
70.4400	36.6129	-160.0000
70.4600	36.6169	-160.0000
70.4750	36.6200	-160.0000
70.4800	36.6210	-160.0000
70.5000	36.6251	-160.0000
70.5200	36.6292	-160.0000
70.5400	36.6334	-160.0000
70.5600	36.6377	-160.0000
70.5704	36.6400	-160.0000
70.5800	36.6421	-160.0000
70.6000	36.6465	-160.0000
70.6200	36.6510	-160.0000
70.6400	36.6556	-160.0000
70.6589	36.6600	-160.0000
70.6600	36.6603	-160.0000
70.6800	36.6650	-160.0000
70.7000	36.6699	-160.0000
70.7200	36.6749	-160.0000
70.7399	36.6800	-160.0000
70.7400	36.6800	-160.0000
70.7600	36.6852	-160.0000
70.7800	36.6906	-160.0000
70.8000	36.6961	-160.0000
70.8140	36.7000	-160.0000
70.8200	36.7017	-160.0000
70.8400	36.7074	-160.0000
70.8600	36.7133	-160.0000
70.8800	36.7193	-160.0000
70.8823	36.7200	-160.0000
70.9000	36.7254	-160.0000
70.9200	36.7317	-160.0000
70.9400	36.7382	-160.0000
70.9456	36.7400	-160.0000
70.9600	36.7447	-160.0000
70.9800	36.7514	-160.0000
71.0000	36.7583	-160.0000
71.0050	36.7600	-160.0000
71.0200	36.7652	-160.0000
71.0400	36.7723	-160.0000
71.0600	36.7795	-160.0000
71.0614	36.7800	-160.0000
71.0800	36.7868	-160.0000
71.1000	36.7942	-160.0000
71.1157	36.8000	-160.0000
71.1200	36.8016	-160.0000
71.1400	36.8092	-160.0000
71.1600	36.8167	-160.0000
71.1686	36.8200	-160.0000
71.1800	36.8243	-160.0000
71.2000	36.8320	-160.0000
71.2200	36.8396	-160.0000
71.2210	36.8400	-160.0000
71.2400	36.8472	-160.0000
71.2600	36.8548	-160.0000
71.2738	36.8600	-160.0000
71.2800	36.8624	-160.0000
71.3000	36.8698	-160.0000
71.3200	36.8772	-160.0000
71.3278	36.8800	-160.0000
71.3400	36.8844	-160.0000
71.3600	36.8915	-160.0000
71.3800	36.8985	-160.0000
71.3845	36.9000	-160.0000
71.4000	36.9053	-160.0000
71.4200	36.9118	-160.0000
71.4400	36.9181	-160.0000
71.4463	36.9200	-160.0000
71.4600	36.9241	-160.0000
71.4800	36.9299	-160.0000
> -140 contour -Z-140
68.7600	36.4277	-140.0000
68.7800	36.4379	-140.0000
68.7843	36.4400	-140.0000
68.8000	36.4474	-140.0000
68.8200	36.4562	-140.0000
68.8293	36.4600	-140.0000
68.8400	36.4643	-140.0000
68.8600	36.4716	-140.0000
68.8800	36.4784	-140.0000
68.8854	36.4800	-140.0000
68.9000	36.4843	-140.0000
68.9200	36.4896	-140.0000
68.9400	36.4941	-140.0000
68.9600	36.4980	-140.0000
68.9727	36.5000	-140.0000
68.9800	36.5011	-140.0000
69.0000	36.5035	-140.0000
69.0200	36.5053	-140.0000
69.0400	36.5064	-140.0000
69.0600	36.5068	-140.0000
69.0800	36.5067	-140.0000
69.1000	36.5060	-140.0000
69.1200	36.5047	-140.0000
69.1400	36.5029	-140.0000
69.1600	36.5006	-140.0000
69.1646	36.5000	-140.0000
69.1800	36.4978	-140.0000
69.2000	36.4946	-140.0000
69.2200	36.4910	-140.0000
69.2400	36.4871	-140.0000
69.2600	36.4829	-140.0000
69.2728	36.4800	-140.0000
69.2800	36.4783	-140.0000
69.3000	36.4735	-140.0000
69.3200	36.4686	-140.0000
69.3400	36.4635	-140.0000
69.3534	36.4600	-140.0000
69.3600	36.4583	-140.0000
69.3800	36.4530	-140.0000
69.4000	36.4477	-140.0000
69.4200	36.4425	-140.0000
69.4301	36.4400	-140.0000
69.4400	36.4375	-140.0000
69.4600	36.4325	-140.0000
69.4800	36.4278	-140.0000
69.5000	36.4234	-140.0000
69.5167	36.4200	-140.0000
69.5200	36.4193	-140.0000
69.5400	36.4156	-140.0000
69.5600	36.4122	-140.0000
69.5800	36.4094	-140.0000
69.6000	36.4071	-140.0000
69.6200	36.4053	-140.0000
69.6400	36.4041	-140.0000
69.6600	36.4034	-140.0000
69.6800	36.4033	-140.0000
69.7000	36.4038	-140.0000
69.7200	36.4047	-140.0000
69.7400	36.4062	-140.0000
69.7600	36.4081	-140.0000
69.7800	36.4105	-140.0000
69.8000	36.4132	-140.0000
69.8200	36.4163	-140.0000
69.8400	36.4197	-140.0000
69.8417	36.4200	-140.0000
69.8600	36.4233	-140.0000
69.8800	36.4272	-140.0000
69.9000	36.4312	-140.0000
69.9200	36.4355	-140.0000
69.9400	36.4400	-140.0000
69.9402	36.4400	-140.0000
69.9600	36.4445	-140.0000
69.9800	36.4491	-140.0000
70.0000	36.4538	-140.0000
70.0200	36.4586	-140.0000
70.0259	36.4600	-140.0000
70.0400	36.4633	-140.0000
70.0600	36.4681	-140.0000
70.0800	36.4730	-140.0000
70.1000	36.4778	-140.0000
70.1089	36.4800	-140.0000
70.1200	36.4826	-140.0000
70.1400	36.4874	-140.0000
70.1600	36.4921	-140.0000
70.1800	36.4969	-140.0000
70.1933	36.5000	-140.0000
70.2000	36.5015	-140.0000
70.2200	36.5061	-140.0000
70.2400	36.5107	-140.0000
70.2600	36.5152	-140.0000
70.2800	36.5196	-140.0000
70.2816	36.5200	-140.0000
70.3000	36.5240	-140.0000
70.3200	36.5283	-140.0000
70.3400	36.5325	-140.0000
70.3600	36.5367	-140.0000
70.3757	36.5400	-140.0000
70.3800	36.5409	-140.0000
70.4000	36.5449	-140.0000
70.4200	36.5490	-140.0000
70.4400	36.5530	-140.0000
70.4600	36.5571	-140.0000
70.4745	36.5600	-140.0000
70.4800	36.5611	-140.0000
70.5000	36.5651	-140.0000
70.5200	36.5691	-140.0000
70.5400	36.5732	-140.0000
70.5600	36.5773	-140.0000
70.5732	36.5800	-140.0000
70.5800	36.5814	-140.0000
70.6000	36.5855	-140.0000
70.6200	36.5897	-140.0000
70.6400	36.5940	-140.0000
70.6600	36.5984	-140.0000
70.6675	36.6000	-140.0000
70.6800	36.6027	-140.0000
70.7000	36.6072	-140.0000
70.7200	36.6118	-140.0000
70.7400	36.6164	-140.0000
70.7551	36.6200	-140.0000
70.7600	36.6212	-140.0000
70.7800	36.6260	-140.0000
70.8000	36.6309	-140.0000
70.8200	36.6360	-140.0000
70.8356	36.6400	-140.0000
70.8400	36.6411	-140.0000
70.8600	36.6464	-140.0000
70.8800	36.6518	-140.0000
70.9000	36.6573	-140.0000
70.9095	36.6600	-140.0000
70.9200	36.6630	-140.0000
70.9400	36.6687	-140.0000
70.9600	36.6746	-140.0000
70.9778	36.6800	-140.0000
70.9800	36.6807	-140.0000
71.0000	36.6868	-140.0000
71.0200	36.6930	-140.0000
71.0400	36.6994	-140.0000
71.0417	36.7000	-140.0000
71.0600	36.7059	-140.0000
71.0800	36.7125	-140.0000
71.1000	36.7192	-140.0000
71.1024	36.7200	-140.0000
71.1200	36.7259	-140.0000
71.1400	36.7328	-140.0000
71.1600	36.7397	-140.0000
71.1610	36.7400	-140.0000
71.1800	36.7466	-140.0000
71.2000	36.7535	-140.0000
71.2188	36.7600	-140.0000
71.2200	36.7604	-140.0000
71.2400	36.7673	-140.0000
71.2600	36.7742	-140.0000
71.2769	36.7800	-140.0000
71.2800	36.7811	-140.0000
71.3000	36.7878	-140.0000
71.3200	36.7945	-140.0000
71.3368	36.8000	-140.0000
71.3400	36.8011	-140.0000
71.3600	36.8075	-140.0000
71.3800	36.8138	-140.0000
71.4000	36.8199	-140.0000
71.4005	36.8200	-140.0000
71.4200	36.8258	-140.0000
71.4400	36.8314	-140.0000
71.4600	36.8368	-140.0000
71.4723	36.8400	-140.0000
71.4800	36.8420	-140.0000
71.5000	36.8468	-140.0000
71.5200	36.8513	-140.0000
71.5400	36.8555	-140.0000
71.5600	36.8593	-140.0000
71.5644	36.8600	-140.0000
> -120 contour -Z-120
68.7600	36.3353	-120.0000
68.7679	36.3400	-120.0000
68.7800	36.3469	-120.0000
68.8000	36.3575	-120.0000
68.8050	36.3600	-120.0000
68.8200	36.3672	-120.0000
68.8400	36.3760	-120.0000
68.8499	36.3800	-120.0000
68.8600	36.3839	-120.0000
68.8800	36.3910	-120.0000
68.9000	36.3973	-120.0000
68.9098	36.4000	-120.0000
68.9200	36.4027	-120.0000
68.9400	36.4073	-120.0000
68.9600	36.4111	-120.0000
68.9800	36.4141	-120.0000
69.0000	36.4163	-120.0000
69.0200	36.4177	-120.0000
69.0400	36.4185	-120.0000
69.0600	36.4185	-120.0000
69.0800	36.4178	-120.0000
69.1000	36.4165	-120.0000
69.1200	36.4146	-120.0000
69.1400	36.4122	-120.0000
69.1600	36.4092	-120.0000
69.1800	36.4058	-120.0000
69.2000	36.4019	-120.0000
69.2092	36.4000	-120.0000
69.2200	36.3977	-120.0000
69.2400	36.3930	-120.0000
69.2600	36.3880	-120.0000
69.2800	36.3828	-120.0000
69.2904	36.3800	-120.0000
69.3000	36.3774	-120.0000
69.3200	36.3717	-120.0000
69.3400	36.3660	-120.0000
69.3600	36.3603	-120.0000
69.3610	36.3600	-120.0000
69.3800	36.3545	-120.0000
69.4000	36.3488	-120.0000
69.4200	36.3432	-120.0000
69.4321	36.3400	-120.0000
69.4400	36.3379	-120.0000
69.4600	36.3327	-120.0000
69.4800	36.3278	-120.0000
69.5000	36.3234	-120.0000
69.5166	36.3200	-120.0000
69.5200	36.3193	-120.0000
69.5400	36.3156	-120.0000
69.5600	36.3125	-120.0000
69.5800	36.3100	-120.0000
69.6000	36.3080	-120.0000
69.6200	36.3067	-120.0000
69.6400	36.3061	-120.0000
69.6600	36.3061	-120.0000
69.6800	36.3068	-120.0000
69.7000	36.3081	-120.0000
69.7200	36.3100	-120.0000
69.7400	36.3125	-120.0000
69.7600	36.3155	-120.0000
69.7800	36.3190	-120.0000
69.7848	36.3200	-120.0000
69.8000	36.3229	-120.0000
69.8200	36.3272	-120.0000
69.8400	36.3318	-120.0000
69.8600	36.3367	-120.0000
69.8726	36.3400	-120.0000
69.8800	36.3419	-120.0000
69.9000	36.3472	-120.0000
69.9200	36.3527	-120.0000
69.9400	36.3585	-120.0000
69.9452	36.3600	-120.0000
69.9600	36.3642	-120.0000
69.9800	36.3700	-120.0000
70.0000	36.3760	-120.0000
70.0133	36.3800	-120.0000
70.0200	36.3820	-120.0000
70.0400	36.3879	-120.0000
70.0600	36.3938	-120.0000
70.0800	36.3998	-120.0000
70.0808	36.4000	-120.0000
70.1000	36.4056	-120.0000
70.1200	36.4113	-120.0000
70.1400	36.4171	-120.0000
70.1502	36.4200	-120.0000
70.1600	36.4227	-120.0000
70.1800	36.4282	-120.0000
70.2000	36.4337	-120.0000
70.2200	36.4390	-120.0000
70.2236	36.4400	-120.0000
70.2400	36.4442	-120.0000
70.2600	36.4493	-120.0000
70.2800	36.4543	-120.0000
70.3000	36.4592	-120.0000
70.3033	36.4600	-120.0000
70.3200	36.4639	-120.0000
70.3400	36.4685	-120.0000
70.3600	36.4730	-120.0000
70.3800	36.4775	-120.0000
70.3917	36.4800	-120.0000
70.4000	36.4818	-120.0000
70.4200	36.4860	-120.0000
70.4400	36.4901	-120.0000
70.4600	36.4942	-120.0000
70.4800	36.4982	-120.0000
70.4888	36.5000	-120.0000
70.5000	36.5022	-120.0000
70.5200	36.5061	-120.0000
70.5400	36.5101	-120.0000
70.5600	36.5140	-120.0000
70.5800	36.5179	-120.0000
70.5904	36.5200	-120.0000
70.6000	36.5219	-120.0000
70.6200	36.5258	-120.0000
70.6400	36.5297	-120.0000
70.6600	36.5337	-120.0000
70.6800	36.5378	-120.0000
70.6907	36.5400	-120.0000
70.7000	36.5419	-120.0000
70.7200	36.5460	-120.0000
70.7400	36.5502	-120.0000
70.7600	36.5544	-120.0000
70.7800	36.5588	-120.0000
70.7855	36.5600	-120.0000
70.8000	36.5632	-120.0000
70.8200	36.5677	-120.0000
70.8400	36.5723	-120.0000
70.8600	36.5770	-120.0000
70.8727	36.5800	-120.0000
70.8800	36.5818	-120.0000
70.9000	36.5866	-120.0000
70.9200	36.5916	-120.0000
70.9400	36.5968	-120.0000
70.9524	36.6000	-120.0000
70.9600	36.6020	-120.0000
70.9800	36.6073	-120.0000
71.0000	36.6128	-120.0000
71.0200	36.6184	-120.0000
71.0256	36.6200	-120.0000
71.0400	36.6241	-120.0000
71.0600	36.6299	-120.0000
71.0800	36.6358	-120.0000
71.0939	36.6400	-120.0000
71.1000	36.6418	-120.0000
71.1200	36.6479	-120.0000
71.1400	36.6541	-120.0000
71.1590	36.6600	-120.0000
71.1600	36.6603	-120.0000
71.1800	36.6665	-120.0000
71.2000	36.6728	-120.0000
71.2200	36.6791	-120.0000
71.2228	36.6800	-120.0000
71.2400	36.6854	-120.0000
71.2600	36.6916	-120.0000
71.2800	36.6978	-120.0000
71.2870	36.7000	-120.0000
71.3000	36.7040	-120.0000
71.3200	36.7100	-120.0000
71.3400	36.7160	-120.0000
71.3537	36.7200	-120.0000
71.3600	36.7218	-120.0000
71.3800	36.7275	-120.0000
71.4000	36.7331	-120.0000
71.4200	36.7384	-120.0000
71.4262	36.7400	-120.0000
71.4400	36.7435	-120.0000
71.4600	36.7484	-120.0000
71.4800	36.7531	-120.0000
71.5000	36.7574	-120.0000
71.5127	36.7600	-120.0000
71.5200	36.7615	-120.0000
71.5400	36.7652	-120.0000
71.5600	36.7686	-120.0000
71.5800	36.7716	-120.0000
71.6000	36.7742	-120.0000
71.6200	36.7764	-120.0000
71.6400	36.7781	-120.0000
71.6600	36.7794	-120.0000
71.6739	36.7800	-120.0000
> -100 contour -Z-100
68.7400	36.2007	-100.0000
68.7600	36.2177	-100.0000
68.7629	36.2200	-100.0000
68.7800	36.2328	-100.0000
68.7904	36.2400	-100.0000
68.8000	36.2463	-100.0000
68.8200	36.2585	-100.0000
68.8227	36.2600	-100.0000
68.8400	36.2692	-100.0000
68.8600	36.2788	-100.0000
68.8629	36.2800	-100.0000
68.8800	36.2870	-100.0000
68.9000	36.2942	-100.0000
68.9184	36.3000	-100.0000
68.9200	36.3005	-100.0000
68.9400	36.3055	-100.0000
68.9600	36.3095	-100.0000
68.9800	36.3127	-100.0000
69.0000	36.3149	-100.0000
69.0200	36.3162	-100.0000
69.0400	36.3166	-100.0000
69.0600	36.3162	-100.0000
69.0800	36.3151	-100.0000
69.1000	36.3132	-100.0000
69.1200	36.3107	-100.0000
69.1400	36.3076	-100.0000
69.1600	36.3039	-100.0000
69.1789	36.3000	-100.0000
69.1800	36.2998	-100.0000
69.2000	36.2950	-100.0000
69.2200	36.2898	-100.0000
69.2400	36.2844	-100.0000
69.2553	36.2800	-100.0000
69.2600	36.2786	-100.0000
69.2800	36.2725	-100.0000
69.3000	36.2663	-100.0000
69.3200	36.2600	-100.0000
69.3200	36.2600	-100.0000
69.3400	36.2535	-100.0000
69.3600	36.2471	-100.0000
69.3800	36.2408	-100.0000
69.3825	36.2400	-100.0000
69.4000	36.2345	-100.0000
69.4200	36.2285	-100.0000
69.4400	36.2228	-100.0000
69.4503	36.2200	-100.0000
69.4600	36.2173	-100.0000
69.4800	36.2123	-100.0000
69.5000	36.2077	-100.0000
69.5200	36.2037	-100.0000
69.5400	36.2002	-100.0000
69.5415	36.2000	-100.0000
69.5600	36.1973	-100.0000
69.5800	36.1951	-100.0000
69.6000	36.1935	-100.0000
69.6200	36.1928	-100.0000
69.6400	36.1928	-100.0000
69.6600	36.1936	-100.0000
69.6800	36.1951	-100.0000
69.7000	36.1974	-100.0000
69.7167	36.2000	-100.0000
69.7200	36.2005	-100.0000
69.7400	36.2041	-100.0000
69.7600	36.2083	-100.0000
69.7800	36.2132	-100.0000
69.8000	36.2186	-100.0000
69.8049	36.2200	-100.0000
69.8200	36.2243	-100.0000
69.8400	36.2304	-100.0000
69.8600	36.2370	-100.0000
69.8686	36.2400	-100.0000
69.8800	36.2438	-100.0000
69.9000	36.2508	-100.0000
69.9200	36.2580	-100.0000
69.9252	36.2600	-100.0000
69.9400	36.2654	-100.0000
69.9600	36.2728	-100.0000
69.9789	36.2800	-100.0000
69.9800	36.2804	-100.0000
70.0000	36.2879	-100.0000
70.0200	36.2954	-100.0000
70.0320	36.3000	-100.0000
70.0400	36.3029	-100.0000
70.0600	36.3103	-100.0000
70.0800	36.3177	-100.0000
70.0862	36.3200	-100.0000
70.1000	36.3249	-100.0000
70.1200	36.3320	-100.0000
70.1400	36.3390	-100.0000
70.1428	36.3400	-100.0000
70.1600	36.3458	-100.0000
70.1800	36.3524	-100.0000
70.2000	36.3590	-100.0000
70.2031	36.3600	-100.0000
70.2200	36.3652	-100.0000
70.2400	36.3713	-100.0000
70.2600	36.3773	-100.0000
70.2692	36.3800	-100.0000
70.2800	36.3831	-100.0000
70.3000	36.3886	-100.0000
70.3200	36.3939	-100.0000
70.3400	36.3991	-100.0000
70.3435	36.4000	-100.0000
70.3600	36.4040	-100.0000
70.3800	36.4088	-100.0000
70.4000	36.4134	-100.0000
70.4200	36.4180	-100.0000
70.4293	36.4200	-100.0000
70.4400	36.4223	-100.0000
70.4600	36.4265	-100.0000
70.4800	36.4306	-100.0000
70.5000	36.4346	-100.0000
70.5200	36.4386	-100.0000
70.5272	36.4400	-100.0000
70.5400	36.4425	-100.0000
70.5600	36.4462	-100.0000
70.5800	36.4500	-100.0000
70.6000	36.4537	-100.0000
70.6200	36.4575	-100.0000
70.6336	36.4600	-100.0000
70.6400	36.4612	-100.0000
70.6600	36.4648	-100.0000
70.6800	36.4685	-100.0000
70.7000	36.4722	-100.0000
70.7200	36.4759	-100.0000
70.7400	36.4797	-100.0000
70.7415	36.4800	-100.0000
70.7600	36.4835	-100.0000
70.7800	36.4873	-100.0000
70.8000	36.4912	-100.0000
70.8200	36.4951	-100.0000
70.8400	36.4992	-100.0000
70.8441	36.5000	-100.0000
70.8600	36.5032	-100.0000
70.8800	36.5074	-100.0000
70.9000	36.5116	-100.0000
70.9200	36.5160	-100.0000
70.9378	36.5200	-100.0000
70.9400	36.5205	-100.0000
70.9600	36.5250	-100.0000
70.9800	36.5297	-100.0000
71.0000	36.5345	-100.0000
71.0200	36.5394	-100.0000
71.0222	36.5400	-100.0000
71.0400	36.5444	-100.0000
71.0600	36.5496	-100.0000
71.0800	36.5548	-100.0000
71.0992	36.5600	-100.0000
71.1000	36.5602	-100.0000
71.1200	36.5656	-100.0000
71.1400	36.5711	-100.0000
71.1600	36.5767	-100.0000
71.1717	36.5800	-100.0000
71.1800	36.5823	-100.0000
71.2000	36.5879	-100.0000
71.2200	36.5936	-100.0000
71.2400	36.5993	-100.0000
71.2424	36.6000	-100.0000
71.2600	36.6049	-100.0000
71.2800	36.6105	-100.0000
71.3000	36.6161	-100.0000
71.3140	36.6200	-100.0000
71.3200	36.6216	-100.0000
71.3400	36.6270	-100.0000
71.3600	36.6323	-100.0000
71.3800	36.6375	-100.0000
71.3900	36.6400	-100.0000
71.4000	36.6425	-100.0000
71.4200	36.6473	-100.0000
71.4400	36.6520	-100.0000
71.4600	36.6564	-100.0000
71.4771	36.6600	-100.0000
71.4800	36.6606	-100.0000
71.5000	36.6645	-100.0000
71.5200	36.6681	-100.0000
71.5400	36.6715	-100.0000
71.5600	36.6745	-100.0000
71.5800	36.6771	-100.0000
71.6000	36.6794	-100.0000
71.6058	36.6800	-100.0000
71.6200	36.6813	-100.0000
71.6400	36.6828	-100.0000
71.6600	36.6839	-100.0000
71.6800	36.6845	-100.0000
71.7000	36.6846	-100.0000
71.7200	36.6842	-100.0000
71.7400	36.6834	-100.0000
71.7600	36.6821	-100.0000
71.7800	36.6803	-100.0000
71.7826	36.6800	-100.0000
71.8000	36.6780	-100.0000
71.8200	36.6752	-100.0000
> -80 contour -Z-80
68.7406	35.7400	-80.0000
68.7400	35.7428	-80.0000
68.7362	35.7600	-80.0000
68.7325	35.7800	-80.0000
68.7297	35.8000	-80.0000
68.7277	35.8200	-80.0000
68.7267	35.8400	-80.0000
68.7266	35.8600	-80.0000
68.7275	35.8800	-80.0000
68.7295	35.9000	-80.0000
68.7324	35.9200	-80.0000
68.7365	35.9400	-80.0000
68.7400	35.9535	-80.0000
68.7418	35.9600	-80.0000
68.7485	35.9800	-80.0000
68.7565	36.0000	-80.0000
68.7600	36.0076	-80.0000
68.7661	36.0200	-80.0000
68.7774	36.0400	-80.0000
68.7800	36.0440	-80.0000
68.7910	36.0600	-80.0000
68.8000	36.0718	-80.0000
68.8068	36.0800	-80.0000
68.8200	36.0944	-80.0000
68.8256	36.1000	-80.0000
68.8400	36.1130	-80.0000
68.8485	36.1200	-80.0000
68.8600	36.1287	-80.0000
68.8768	36.1400	-80.0000
68.8800	36.1420	-80.0000
68.9000	36.1529	-80.0000
68.9152	36.1600	-80.0000
68.9200	36.1621	-80.0000
68.9400	36.1694	-80.0000
68.9600	36.1753	-80.0000
68.9800	36.1798	-80.0000
68.9815	36.1800	-80.0000
69.0000	36.1828	-80.0000
69.0200	36.1845	-80.0000
69.0400	36.1852	-80.0000
69.0600	36.1849	-80.0000
69.0800	36.1835	-80.0000
69.1000	36.1813	-80.0000
69.1090	36.1800	-80.0000
69.1200	36.1783	-80.0000
69.1400	36.1744	-80.0000
69.1600	36.1699	-80.0000
69.1800	36.1648	-80.0000
69.1976	36.1600	-80.0000
69.2000	36.1593	-80.0000
69.2200	36.1531	-80.0000
69.2400	36.1467	-80.0000
69.2600	36.1401	-80.0000
69.2602	36.1400	-80.0000
69.2800	36.1330	-80.0000
69.3000	36.1259	-80.0000
69.3167	36.1200	-80.0000
69.3200	36.1188	-80.0000
69.3400	36.1115	-80.0000
69.3600	36.1045	-80.0000
69.3732	36.1000	-80.0000
69.3800	36.0976	-80.0000
69.4000	36.0909	-80.0000
69.4200	36.0845	-80.0000
69.4354	36.0800	-80.0000
69.4400	36.0786	-80.0000
69.4600	36.0729	-80.0000
69.4800	36.0679	-80.0000
69.5000	36.0634	-80.0000
69.5176	36.0600	-80.0000
69.5200	36.0595	-80.0000
69.5400	36.0562	-80.0000
69.5600	36.0537	-80.0000
69.5800	36.0519	-80.0000
69.6000	36.0509	-80.0000
69.6200	36.0508	-80.0000
69.6400	36.0516	-80.0000
69.6600	36.0533	-80.0000
69.6800	36.0559	-80.0000
69.7000	36.0593	-80.0000
69.7031	36.0600	-80.0000
69.7200	36.0635	-80.0000
69.7400	36.0685	-80.0000
69.7600	36.0743	-80.0000
69.7774	36.0800	-80.0000
69.7800	36.0808	-80.0000
69.8000	36.0878	-80.0000
69.8200	36.0955	-80.0000
69.8308	36.1000	-80.0000
69.8400	36.1037	-80.0000
69.8600	36.1123	-80.0000
69.8769	36.1200	-80.0000
69.8800	36.1213	-80.0000
69.9000	36.1306	-80.0000
69.9194	36.1400	-80.0000
69.9200	36.1403	-80.0000
69.9400	36.1499	-80.0000
69.9600	36.1599	-80.0000
69.9601	36.1600	-80.0000
69.9800	36.1698	-80.0000
70.0000	36.1799	-80.0000
70.0002	36.1800	-80.0000
70.0200	36.1897	-80.0000
70.0400	36.1997	-80.0000
70.0405	36.2000	-80.0000
70.0600	36.2094	-80.0000
70.0800	36.2191	-80.0000
70.0819	36.2200	-80.0000
70.1000	36.2284	-80.0000
70.1200	36.2376	-80.0000
70.1251	36.2400	-80.0000
70.1400	36.2465	-80.0000
70.1600	36.2552	-80.0000
70.1711	36.2600	-80.0000
70.1800	36.2637	-80.0000
70.2000	36.2717	-80.0000
70.2200	36.2797	-80.0000
70.2208	36.2800	-80.0000
70.2400	36.2871	-80.0000
70.2600	36.2944	-80.0000
70.2760	36.3000	-80.0000
70.2800	36.3013	-80.0000
70.3000	36.3079	-80.0000
70.3200	36.3142	-80.0000
70.3390	36.3200	-80.0000
70.3400	36.3203	-80.0000
70.3600	36.3259	-80.0000
70.3800	36.3313	-80.0000
70.4000	36.3366	-80.0000
70.4136	36.3400	-80.0000
70.4200	36.3416	-80.0000
70.4400	36.3462	-80.0000
70.4600	36.3507	-80.0000
70.4800	36.3551	-80.0000
70.5000	36.3594	-80.0000
70.5031	36.3600	-80.0000
70.5200	36.3633	-80.0000
70.5400	36.3672	-80.0000
70.5600	36.3710	-80.0000
70.5800	36.3747	-80.0000
70.6000	36.3784	-80.0000
70.6091	36.3800	-80.0000
70.6200	36.3819	-80.0000
70.6400	36.3853	-80.0000
70.6600	36.3887	-80.0000
70.6800	36.3921	-80.0000
70.7000	36.3954	-80.0000
70.7200	36.3988	-80.0000
70.7271	36.4000	-80.0000
70.7400	36.4021	-80.0000
70.7600	36.4054	-80.0000
70.7800	36.4087	-80.0000
70.8000	36.4120	-80.0000
70.8200	36.4154	-80.0000
70.8400	36.4189	-80.0000
70.8463	36.4200	-80.0000
70.8600	36.4224	-80.0000
70.8800	36.4259	-80.0000
70.9000	36.4294	-80.0000
70.9200	36.4331	-80.0000
70.9400	36.4369	-80.0000
70.9556	36.4400	-80.0000
70.9600	36.4408	-80.0000
70.9800	36.4448	-80.0000
71.0000	36.4488	-80.0000
71.0200	36.4531	-80.0000
71.0400	36.4574	-80.0000
71.0515	36.4600	-80.0000
71.0600	36.4619	-80.0000
71.0800	36.4664	-80.0000
71.1000	36.4711	-80.0000
71.1200	36.4759	-80.0000
71.1369	36.4800	-80.0000
71.1400	36.4808	-80.0000
71.1600	36.4856	-80.0000
71.1800	36.4906	-80.0000
71.2000	36.4957	-80.0000
71.2170	36.5000	-80.0000
71.2200	36.5007	-80.0000
71.2400	36.5058	-80.0000
71.2600	36.5108	-80.0000
71.2800	36.5159	-80.0000
71.2963	36.5200	-80.0000
71.3000	36.5209	-80.0000
71.3200	36.5258	-80.0000
71.3400	36.5307	-80.0000
71.3600	36.5355	-80.0000
71.3794	36.5400	-80.0000
71.3800	36.5401	-80.0000
71.4000	36.5446	-80.0000
71.4200	36.5489	-80.0000
71.4400	36.5531	-80.0000
71.4600	36.5571	-80.0000
71.4754	36.5600	-80.0000
71.4800	36.5608	-80.0000
71.5000	36.5643	-80.0000
71.5200	36.5675	-80.0000
71.5400	36.5704	-80.0000
71.5600	36.5730	-80.0000
71.5800	36.5753	-80.0000
71.6000	36.5773	-80.0000
71.6200	36.5788	-80.0000
71.6400	36.5800	-80.0000
71.6408	36.5800	-80.0000
71.6600	36.5807	-80.0000
71.6800	36.5809	-80.0000
71.7000	36.5808	-80.0000
71.7200	36.5801	-80.0000
71.7218	36.5800	-80.0000
71.7400	36.5789	-80.0000
71.7600	36.5773	-80.0000
71.7800	36.5751	-80.0000
71.8000	36.5724	-80.0000
71.8200	36.5691	-80.0000
71.8400	36.5654	-80.0000
71.8600	36.5611	-80.0000
71.8647	36.5600	-80.0000
71.8800	36.5562	-80.0000
71.9000	36.5508	-80.0000
71.9200	36.5448	-80.0000
71.9345	36.5400	-80.0000
71.9400	36.5381	-80.0000
71.9600	36.5308	-80.0000
71.9800	36.5229	-80.0000
71.9867	36.5200	-80.0000
72.0000	36.5141	-80.0000
72.0200	36.5046	-80.0000
72.0291	36.5000	-80.0000
72.0400	36.4942	-80.0000
72.0600	36.4829	-80.0000
72.0648	36.4800	-80.0000
72.0800	36.4704	-80.0000
72.0955	36.4600	-80.0000
72.1000	36.4568	-80.0000
72.1200	36.4417	-80.0000
72.1221	36.4400	-80.0000
72.1400	36.4247	-80.0000
72.1453	36.4200	-80.0000
72.1600	36.4057	-80.0000
72.1656	36.4000	-80.0000
72.1800	36.3840	-80.0000
> -60 contour -Z-60
69.0189	35.6400	-60.0000
69.0072	35.6600	-60.0000
69.0000	35.6732	-60.0000
68.9965	35.6800	-60.0000
68.9869	35.7000	-60.0000
68.9800	35.7162	-60.0000
68.9784	35.7200	-60.0000
68.9716	35.7400	-60.0000
68.9659	35.7600	-60.0000
68.9616	35.7800	-60.0000
68.9600	35.7928	-60.0000
68.9591	35.8000	-60.0000
68.9586	35.8200	-60.0000
68.9599	35.8400	-60.0000
68.9600	35.8403	-60.0000
68.9640	35.8600	-60.0000
68.9711	35.8800	-60.0000
68.9800	35.8973	-60.0000
68.9817	35.9000	-60.0000
68.9986	35.9200	-60.0000
69.0000	35.9213	-60.0000
69.0200	35.9358	-60.0000
69.0281	35.9400	-60.0000
69.0400	35.9452	-60.0000
69.0600	35.9509	-60.0000
69.0800	35.9541	-60.0000
69.1000	35.9551	-60.0000
69.1200	35.9543	-60.0000
69.1400	35.9520	-60.0000
69.1600	35.9487	-60.0000
69.1800	35.9444	-60.0000
69.1976	35.9400	-60.0000
69.2000	35.9394	-60.0000
69.2200	35.9334	-60.0000
69.2400	35.9272	-60.0000
69.2600	35.9208	-60.0000
69.2623	35.9200	-60.0000
69.2800	35.9138	-60.0000
69.3000	35.9069	-60.0000
69.3200	35.9002	-60.0000
69.3207	35.9000	-60.0000
69.3400	35.8933	-60.0000
69.3600	35.8867	-60.0000
69.3800	35.8806	-60.0000
69.3819	35.8800	-60.0000
69.4000	35.8745	-60.0000
69.4200	35.8689	-60.0000
69.4400	35.8638	-60.0000
69.4572	35.8600	-60.0000
69.4600	35.8593	-60.0000
69.4800	35.8552	-60.0000
69.5000	35.8517	-60.0000
69.5200	35.8490	-60.0000
69.5400	35.8469	-60.0000
69.5600	35.8456	-60.0000
69.5800	35.8451	-60.0000
69.6000	35.8453	-60.0000
69.6200	35.8465	-60.0000
69.6400	35.8486	-60.0000
69.6600	35.8516	-60.0000
69.6800	35.8556	-60.0000
69.6974	35.8600	-60.0000
69.7000	35.8606	-60.0000
69.7200	35.8664	-60.0000
69.7400	35.8732	-60.0000
69.7574	35.8800	-60.0000
69.7600	35.8810	-60.0000
69.7800	35.8894	-60.0000
69.8000	35.8990	-60.0000
69.8019	35.9000	-60.0000
69.8200	35.9091	-60.0000
69.8396	35.9200	-60.0000
69.8400	35.9202	-60.0000
69.8600	35.9317	-60.0000
69.8732	35.9400	-60.0000
69.8800	35.9441	-60.0000
69.9000	35.9569	-60.0000
69.9044	35.9600	-60.0000
69.9200	35.9702	-60.0000
69.9340	35.9800	-60.0000
69.9400	35.9840	-60.0000
69.9600	35.9980	-60.0000
69.9627	36.0000	-60.0000
69.9800	36.0121	-60.0000
69.9907	36.0200	-60.0000
70.0000	36.0264	-60.0000
70.0187	36.0400	-60.0000
70.0200	36.0409	-60.0000
70.0400	36.0550	-60.0000
70.0469	36.0600	-60.0000
70.0600	36.0690	-60.0000
70.0757	36.0800	-60.0000
70.0800	36.0829	-60.0000
70.1000	36.0963	-60.0000
70.1054	36.1000	-60.0000
70.1200	36.1094	-60.0000
70.1363	36.1200	-60.0000
70.1400	36.1222	-60.0000
70.1600	36.1344	-60.0000
70.1691	36.1400	-60.0000
70.1800	36.1462	-60.0000
70.2000	36.1576	-60.0000
70.2042	36.1600	-60.0000
70.2200	36.1684	-60.0000
70.2400	36.1788	-60.0000
70.2424	36.1800	-60.0000
70.2600	36.1884	-60.0000
70.2800	36.1978	-60.0000
70.2849	36.2000	-60.0000
70.3000	36.2064	-60.0000
70.3200	36.2146	-60.0000
70.3335	36.2200	-60.0000
70.3400	36.2224	-60.0000
70.3600	36.2296	-60.0000
70.3800	36.2364	-60.0000
70.3910	36.2400	-60.0000
70.4000	36.2428	-60.0000
70.4200	36.2487	-60.0000
70.4400	36.2543	-60.0000
70.4600	36.2597	-60.0000
70.4613	36.2600	-60.0000
70.4800	36.2645	-60.0000
70.5000	36.2692	-60.0000
70.5200	36.2736	-60.0000
70.5400	36.2779	-60.0000
70.5502	36.2800	-60.0000
70.5600	36.2819	-60.0000
70.5800	36.2857	-60.0000
70.6000	36.2893	-60.0000
70.6200	36.2928	-60.0000
70.6400	36.2962	-60.0000
70.6600	36.2995	-60.0000
70.6631	36.3000	-60.0000
70.6800	36.3026	-60.0000
70.7000	36.3056	-60.0000
70.7200	36.3085	-60.0000
70.7400	36.3114	-60.0000
70.7600	36.3143	-60.0000
70.7800	36.3172	-60.0000
70.7997	36.3200	-60.0000
70.8000	36.3200	-60.0000
70.8200	36.3228	-60.0000
70.8400	36.3255	-60.0000
70.8600	36.3283	-60.0000
70.8800	36.3312	-60.0000
70.9000	36.3341	-60.0000
70.9200	36.3371	-60.0000
70.9387	36.3400	-60.0000
70.9400	36.3402	-60.0000
70.9600	36.3432	-60.0000
70.9800	36.3464	-60.0000
71.0000	36.3497	-60.0000
71.0200	36.3532	-60.0000
71.0400	36.3568	-60.0000
71.0570	36.3600	-60.0000
71.0600	36.3605	-60.0000
71.0800	36.3643	-60.0000
71.1000	36.3682	-60.0000
71.1200	36.3723	-60.0000
71.1400	36.3765	-60.0000
71.1564	36.3800	-60.0000
71.1600	36.3808	-60.0000
71.1800	36.3850	-60.0000
71.2000	36.3893	-60.0000
71.2200	36.3938	-60.0000
71.2400	36.3983	-60.0000
71.2477	36.4000	-60.0000
71.2600	36.4027	-60.0000
71.2800	36.4071	-60.0000
71.3000	36.4115	-60.0000
71.3200	36.4159	-60.0000
71.3390	36.4200	-60.0000
71.3400	36.4202	-60.0000
71.3600	36.4243	-60.0000
71.3800	36.4284	-60.0000
71.4000	36.4324	-60.0000
71.4200	36.4362	-60.0000
71.4400	36.4399	-60.0000
71.4407	36.4400	-60.0000
71.4600	36.4433	-60.0000
71.4800	36.4464	-60.0000
71.5000	36.4494	-60.0000
71.5200	36.4520	-60.0000
71.5400	36.4545	-60.0000
71.5600	36.4565	-60.0000
71.5800	36.4583	-60.0000
71.6000	36.4597	-60.0000
71.6068	36.4600	-60.0000
71.6200	36.4606	-60.0000
71.6400	36.4611	-60.0000
71.6600	36.4612	-60.0000
71.6800	36.4608	-60.0000
71.6991	36.4600	-60.0000
71.7000	36.4600	-60.0000
71.7200	36.4585	-60.0000
71.7400	36.4565	-60.0000
71.7600	36.4539	-60.0000
71.7800	36.4507	-60.0000
71.8000	36.4469	-60.0000
71.8200	36.4425	-60.0000
71.8298	36.4400	-60.0000
71.8400	36.4373	-60.0000
71.8600	36.4312	-60.0000
71.8800	36.4245	-60.0000
71.8921	36.4200	-60.0000
71.9000	36.4169	-60.0000
71.9200	36.4081	-60.0000
71.9371	36.4000	-60.0000
71.9400	36.3985	-60.0000
71.9600	36.3874	-60.0000
71.9723	36.3800	-60.0000
71.9800	36.3750	-60.0000
72.0000	36.3609	-60.0000
72.0012	36.3600	-60.0000
72.0200	36.3443	-60.0000
72.0249	36.3400	-60.0000
72.0400	36.3249	-60.0000
72.0447	36.3200	-60.0000
72.0600	36.3015	-60.0000
72.0611	36.3000	-60.0000
72.0746	36.2800	-60.0000
> -40 contour -Z-40
70.5000	35.4265	-40.0000
70.4800	35.4304	-40.0000
70.4600	35.4344	-40.0000
70.4400	35.4385	-40.0000
70.4328	35.4400	-40.0000
70.4200	35.4426	-40.0000
70.4000	35.4468	-40.0000
70.3800	35.4511	-40.0000
70.3600	35.4554	-40.0000
70.3400	35.4599	-40.0000
70.3396	35.4600	-40.0000
70.3200	35.4644	-40.0000
70.3000	35.4692	-40.0000
70.2800	35.4741	-40.0000
70.2600	35.4794	-40.0000
70.2578	35.4800	-40.0000
70.2400	35.4850	-40.0000
70.2200	35.4912	-40.0000
70.2000	35.4981	-40.0000
70.1948	35.5000	-40.0000
70.1800	35.5059	-40.0000
70.1600	35.5150	-40.0000
70.1502	35.5200	-40.0000
70.1400	35.5259	-40.0000
70.1200	35.5394	-40.0000
70.1192	35.5400	-40.0000
70.1000	35.5577	-40.0000
70.0978	35.5600	-40.0000
70.0832	35.5800	-40.0000
70.0800	35.5861	-40.0000
70.0736	35.6000	-40.0000
70.0677	35.6200	-40.0000
70.0648	35.6400	-40.0000
70.0643	35.6600	-40.0000
70.0656	35.6800	-40.0000
70.0687	35.7000	-40.0000
70.0731	35.7200	-40.0000
70.0787	35.7400	-40.0000
70.0800	35.7437	-40.0000
70.0854	35.7600	-40.0000
70.0932	35.7800	-40.0000
70.1000	35.7955	-40.0000
70.1019	35.8000	-40.0000
70.1116	35.8200	-40.0000
70.1200	35.8358	-40.0000
70.1221	35.8400	-40.0000
70.1337	35.8600	-40.0000
70.1400	35.8700	-40.0000
70.1461	35.8800	-40.0000
70.1596	35.9000	-40.0000
70.1600	35.9005	-40.0000
70.1742	35.9200	-40.0000
70.1800	35.9272	-40.0000
70.1900	35.9400	-40.0000
70.2000	35.9516	-40.0000
70.2071	35.9600	-40.0000
70.2200	35.9738	-40.0000
70.2258	35.9800	-40.0000
70.2400	35.9940	-40.0000
70.2461	36.0000	-40.0000
70.2600	36.0124	-40.0000
70.2685	36.0200	-40.0000
70.2800	36.0293	-40.0000
70.2934	36.0400	-40.0000
70.3000	36.0448	-40.0000
70.3200	36.0591	-40.0000
70.3214	36.0600	-40.0000
70.3400	36.0717	-40.0000
70.3536	36.0800	-40.0000
70.3600	36.0836	-40.0000
70.3800	36.0943	-40.0000
70.3911	36.1000	-40.0000
70.4000	36.1042	-40.0000
70.4200	36.1131	-40.0000
70.4363	36.1200	-40.0000
70.4400	36.1215	-40.0000
70.4600	36.1288	-40.0000
70.4800	36.1359	-40.0000
70.4925	36.1400	-40.0000
70.5000	36.1423	-40.0000
70.5200	36.1480	-40.0000
70.5400	36.1535	-40.0000
70.5600	36.1586	-40.0000
70.5658	36.1600	-40.0000
70.5800	36.1632	-40.0000
70.6000	36.1674	-40.0000
70.6200	36.1713	-40.0000
70.6400	36.1750	-40.0000
70.6600	36.1785	-40.0000
70.6688	36.1800	-40.0000
70.6800	36.1817	-40.0000
70.7000	36.1846	-40.0000
70.7200	36.1874	-40.0000
70.7400	36.1900	-40.0000
70.7600	36.1924	-40.0000
70.7800	36.1948	-40.0000
70.8000	36.1971	-40.0000
70.8200	36.1994	-40.0000
70.8257	36.2000	-40.0000
70.8400	36.2014	-40.0000
70.8600	36.2034	-40.0000
70.8800	36.2054	-40.0000
70.9000	36.2074	-40.0000
70.9200	36.2095	-40.0000
70.9400	36.2116	-40.0000
70.9600	36.2137	-40.0000
70.9800	36.2160	-40.0000
71.0000	36.2184	-40.0000
71.0123	36.2200	-40.0000
71.0200	36.2209	-40.0000
71.0400	36.2234	-40.0000
71.0600	36.2261	-40.0000
71.0800	36.2290	-40.0000
71.1000	36.2320	-40.0000
71.1200	36.2352	-40.0000
71.1400	36.2386	-40.0000
71.1481	36.2400	-40.0000
71.1600	36.2419	-40.0000
71.1800	36.2453	-40.0000
71.2000	36.2488	-40.0000
71.2200	36.2524	-40.0000
71.2400	36.2561	-40.0000
71.2600	36.2599	-40.0000
71.2608	36.2600	-40.0000
71.2800	36.2634	-40.0000
71.3000	36.2669	-40.0000
71.3200	36.2704	-40.0000
71.3400	36.2739	-40.0000
71.3600	36.2774	-40.0000
71.3759	36.2800	-40.0000
71.3800	36.2806	-40.0000
71.4000	36.2836	-40.0000
71.4200	36.2865	-40.0000
71.4400	36.2891	-40.0000
71.4600	36.2915	-40.0000
71.4800	36.2937	-40.0000
71.5000	36.2955	-40.0000
71.5200	36.2970	-40.0000
71.5400	36.2981	-40.0000
71.5600	36.2988	-40.0000
71.5800	36.2989	-40.0000
71.6000	36.2985	-40.0000
71.6200	36.2975	-40.0000
71.6400	36.2958	-40.0000
71.6600	36.2933	-40.0000
71.6800	36.2901	-40.0000
71.7000	36.2859	-40.0000
71.7200	36.2808	-40.0000
71.7227	36.2800	-40.0000
71.7400	36.2740	-40.0000
71.7600	36.2659	-40.0000
71.7724	36.2600	-40.0000
71.7800	36.2557	-40.0000
71.8000	36.2429	-40.0000
71.8040	36.2400	-40.0000
71.8200	36.2257	-40.0000
71.8257	36.2200	-40.0000
71.8400	36.2012	-40.0000
71.8408	36.2000	-40.0000
71.8507	36.1800	-40.0000
71.8568	36.1600	-40.0000
