> 20 contour -Z20
140.7805	35.0000	20.0000
140.7672	35.0500	20.0000
140.7503	35.1000	20.0000
140.7500	35.1008	20.0000
140.7269	35.1500	20.0000
140.7000	35.1961	20.0000
140.6971	35.2000	20.0000
140.6543	35.2500	20.0000
140.6500	35.2545	20.0000
140.6000	35.2933	20.0000
140.5880	35.3000	20.0000
140.5500	35.3209	20.0000
140.5000	35.3411	20.0000
140.4728	35.3500	20.0000
140.4500	35.3581	20.0000
140.4000	35.3748	20.0000
140.3500	35.3927	20.0000
140.3327	35.4000	20.0000
140.3000	35.4163	20.0000
140.2500	35.4471	20.0000
140.2462	35.4500	20.0000
140.2000	35.4944	20.0000
140.1952	35.5000	20.0000
140.1641	35.5500	20.0000
140.1500	35.5889	20.0000
140.1465	35.6000	20.0000
140.1420	35.6500	20.0000
140.1480	35.7000	20.0000
140.1500	35.7065	20.0000
140.1644	35.7500	20.0000
140.1877	35.8000	20.0000
140.2000	35.8224	20.0000
140.2161	35.8500	20.0000
140.2464	35.9000	20.0000
140.2500	35.9059	20.0000
140.2776	35.9500	20.0000
140.3000	35.9889	20.0000
140.3066	36.0000	20.0000
140.3337	36.0500	20.0000
140.3500	36.0844	20.0000
140.3577	36.1000	20.0000
140.3794	36.1500	20.0000
140.3981	36.2000	20.0000
140.4000	36.2058	20.0000
140.4152	36.2500	20.0000
140.4303	36.3000	20.0000
140.4438	36.3500	20.0000
140.4500	36.3752	20.0000
140.4563	36.4000	20.0000
140.4682	36.4500	20.0000
140.4794	36.5000	20.0000
140.4903	36.5500	20.0000
140.5000	36.5941	20.0000
140.5013	36.6000	20.0000
140.5129	36.6500	20.0000
140.5248	36.7000	20.0000
140.5374	36.7500	20.0000
140.5500	36.7973	20.0000
140.5507	36.8000	20.0000
140.5651	36.8500	20.0000
140.5803	36.9000	20.0000
140.5964	36.9500	20.0000
140.6000	36.9608	20.0000
140.6135	37.0000	20.0000
140.6314	37.0500	20.0000
140.6500	37.1000	20.0000
140.6500	37.1001	20.0000
140.6696	37.1500	20.0000
140.6898	37.2000	20.0000
140.7000	37.2247	20.0000
140.7107	37.2500	20.0000
140.7322	37.3000	20.0000
140.7500	37.3403	20.0000
140.7543	37.3500	20.0000
140.7770	37.4000	20.0000
140.8000	37.4498	20.0000
140.8001	37.4500	20.0000
140.8237	37.5000	20.0000
140.8476	37.5500	20.0000
140.8500	37.5549	20.0000
140.8720	37.6000	20.0000
140.8966	37.6500	20.0000
140.9000	37.6569	20.0000
140.9215	37.7000	20.0000
140.9466	37.7500	20.0000
140.9500	37.7568	20.0000
140.9719	37.8000	20.0000
140.9973	37.8500	20.0000
141.0000	37.8553	20.0000
141.0229	37.9000	20.0000
141.0484	37.9500	20.0000
141.0500	37.9531	20.0000
141.0741	38.0000	20.0000
141.0998	38.0500	20.0000
141.1000	38.0505	20.0000
141.1255	38.1000	20.0000
141.1500	38.1479	20.0000
141.1511	38.1500	20.0000
141.1767	38.2000	20.0000
141.2000	38.2458	20.0000
141.2022	38.2500	20.0000
141.2276	38.3000	20.0000
141.2500	38.3444	20.0000
141.2528	38.3500	20.0000
141.2780	38.4000	20.0000
141.3000	38.4443	20.0000
141.3029	38.4500	20.0000
141.3276	38.5000	20.0000
141.3500	38.5460	20.0000
141.3520	38.5500	20.0000
141.3761	38.6000	20.0000
141.3999	38.6500	20.0000
141.4000	38.6503	20.0000
141.4233	38.7000	20.0000
141.4462	38.7500	20.0000
141.4500	38.7584	20.0000
141.4687	38.8000	20.0000
141.4907	38.8500	20.0000
141.5000	38.8719	20.0000
141.5120	38.9000	20.0000
141.5328	38.9500	20.0000
141.5500	38.9930	20.0000
141.5528	39.0000	20.0000
141.5721	39.0500	20.0000
141.5906	39.1000	20.0000
141.6000	39.1265	20.0000
141.6083	39.1500	20.0000
141.6251	39.2000	20.0000
141.6410	39.2500	20.0000
141.6500	39.2800	20.0000
141.6560	39.3000	20.0000
141.6700	39.3500	20.0000
141.6829	39.4000	20.0000
141.6949	39.4500	20.0000
141.7000	39.4734	20.0000
141.7058	39.5000	20.0000
141.7156	39.5500	20.0000
141.7243	39.6000	20.0000
141.7320	39.6500	20.0000
141.7385	39.7000	20.0000
141.7440	39.7500	20.0000
141.7483	39.8000	20.0000
141.7500	39.8256	20.0000
141.7516	39.8500	20.0000
141.7537	39.9000	20.0000
141.7548	39.9500	20.0000
141.7549	40.0000	20.0000
141.7539	40.0500	20.0000
141.7519	40.1000	20.0000
141.7500	40.1329	20.0000
141.7490	40.1500	20.0000
141.7452	40.2000	20.0000
141.7406	40.2500	20.0000
141.7353	40.3000	20.0000
141.7293	40.3500	20.0000
141.7227	40.4000	20.0000
141.7157	40.4500	20.0000
141.7082	40.5000	20.0000
141.7005	40.5500	20.0000
141.7000	40.5535	20.0000
141.6929	40.6000	20.0000
141.6852	40.6500	20.0000
141.6777	40.7000	20.0000
141.6705	40.7500	20.0000
141.6637	40.8000	20.0000
141.6575	40.8500	20.0000
141.6520	40.9000	20.0000
141.6500	40.9220	20.0000
141.6475	40.9500	20.0000
141.6442	41.0000	20.0000
141.6421	41.0500	20.0000
141.6415	41.1000	20.0000
141.6426	41.1500	20.0000
141.6457	41.2000	20.0000
141.6500	41.2408	20.0000
141.6510	41.2500	20.0000
141.6591	41.3000	20.0000
141.6701	41.3500	20.0000
141.6844	41.4000	20.0000
141.7000	41.4431	20.0000
141.7026	41.4500	20.0000
141.7258	41.5000	20.0000
141.7500	41.5433	20.0000
141.7540	41.5500	20.0000
141.7888	41.6000	20.0000
141.8000	41.6138	20.0000
141.8311	41.6500	20.0000
141.8500	41.6692	20.0000
141.8823	41.7000	20.0000
141.9000	41.7150	20.0000
141.9441	41.7500	20.0000
141.9500	41.7542	20.0000
142.0000	41.7878	20.0000
142.0193	41.8000	20.0000
142.0500	41.8176	20.0000
142.1000	41.8447	20.0000
142.1104	41.8500	20.0000
142.1500	41.8686	20.0000
142.2000	41.8908	20.0000
142.2217	41.9000	20.0000
142.2500	41.9110	20.0000
142.3000	41.9296	20.0000
142.3500	41.9471	20.0000
142.3587	41.9500	20.0000
142.4000	41.9629	20.0000
142.4500	41.9778	20.0000
142.5000	41.9919	20.0000
142.5304	42.0000	20.0000
142.5500	42.0049	20.0000
142.6000	42.0170	20.0000
142.6500	42.0284	20.0000
142.7000	42.0392	20.0000
142.7500	42.0493	20.0000
142.7535	42.0500	20.0000
142.8000	42.0584	20.0000
142.8500	42.0666	20.0000
142.9000	42.0738	20.0000
142.9500	42.0800	20.0000
143.0000	42.0848	20.0000
143.0500	42.0878	20.0000
143.1000	42.0888	20.0000
143.1500	42.0874	20.0000
143.2000	42.0830	20.0000
143.2500	42.0753	20.0000
143.3000	42.0639	20.0000
143.3453	42.0500	20.0000
143.3500	42.0485	20.0000
143.4000	42.0289	20.0000
143.4500	42.0056	20.0000
143.4606	42.0000	20.0000
143.5000	41.9792	20.0000
143.5500	41.9512	20.0000
143.5521	41.9500	20.0000
143.6000	41.9232	20.0000
143.6445	41.9000	20.0000
143.6500	41.8972	20.0000
143.7000	41.8753	20.0000
143.7500	41.8592	20.0000
143.8000	41.8504	20.0000
143.8391	41.8500	20.0000
143.8500	41.8499	20.0000
143.8507	41.8500	20.0000
143.9000	41.8583	20.0000
143.9500	41.8757	20.0000
143.9961	41.9000	20.0000
144.0000	41.9020	20.0000
144.0500	41.9360	20.0000
144.0670	41.9500	20.0000
144.1000	41.9762	20.0000
144.1262	42.0000	20.0000
144.1500	42.0207	20.0000
144.1809	42.0500	20.0000
144.2000	42.0673	20.0000
144.2343	42.1000	20.0000
144.2500	42.1143	20.0000
144.2884	42.1500	20.0000
144.3000	42.1604	20.0000
144.3446	42.2000	20.0000
144.3500	42.2047	20.0000
144.4000	42.2469	20.0000
144.4038	42.2500	20.0000
144.4500	42.2872	20.0000
144.4668	42.3000	20.0000
144.5000	42.3255	20.0000
144.5337	42.3500	20.0000
144.5500	42.3621	20.0000
144.6000	42.3972	20.0000
144.6042	42.4000	20.0000
144.6500	42.4317	20.0000
144.6777	42.4500	20.0000
144.7000	42.4652	20.0000
144.7500	42.4981	20.0000
144.7530	42.5000	20.0000
144.8000	42.5309	20.0000
144.8299	42.5500	20.0000
144.8500	42.5631	20.0000
144.9000	42.5950	20.0000
144.9080	42.6000	20.0000
144.9500	42.6265	20.0000
144.9883	42.6500	20.0000
145.0000	42.6572	20.0000
145.0500	42.6871	20.0000
145.0722	42.7000	20.0000
145.1000	42.7159	20.0000
145.1500	42.7436	20.0000
145.1619	42.7500	20.0000
145.2000	42.7700	20.0000
145.2500	42.7951	20.0000
145.2601	42.8000	20.0000
145.3000	42.8188	20.0000
145.3500	42.8413	20.0000
145.3702	42.8500	20.0000
145.4000	42.8625	20.0000
145.4500	42.8825	20.0000
145.4954	42.9000	20.0000
145.5000	42.9017	20.0000
145.5500	42.9196	20.0000
145.6000	42.9367	20.0000
145.6404	42.9500	20.0000
145.6500	42.9531	20.0000
145.7000	42.9683	20.0000
145.7500	42.9830	20.0000
145.8000	42.9969	20.0000
145.8117	43.0000	20.0000
145.8500	43.0099	20.0000
145.9000	43.0221	20.0000
145.9500	43.0338	20.0000
146.0000	43.0449	20.0000
146.0243	43.0500	20.0000
146.0500	43.0553	20.0000
146.1000	43.0653	20.0000
146.1500	43.0749	20.0000
146.2000	43.0843	20.0000
146.2500	43.0936	20.0000
146.2843	43.1000	20.0000
146.3000	43.1029	20.0000
146.3500	43.1122	20.0000
146.4000	43.1219	20.0000
146.4500	43.1319	20.0000
146.5000	43.1424	20.0000
146.5336	43.1500	20.0000
146.5500	43.1536	20.0000
146.6000	43.1657	20.0000
146.6500	43.1788	20.0000
146.7000	43.1931	20.0000
146.7217	43.2000	20.0000
146.7500	43.2088	20.0000
146.8000	43.2260	20.0000
146.8500	43.2449	20.0000
146.8625	43.2500	20.0000
146.9000	43.2654	20.0000
146.9500	43.2876	20.0000
146.9759	43.3000	20.0000
147.0000	43.3115	20.0000
147.0500	43.3370	20.0000
147.0741	43.3500	20.0000
147.1000	43.3639	20.0000
147.1500	43.3920	20.0000
147.1636	43.4000	20.0000
147.2000	43.4212	20.0000
147.2480	43.4500	20.0000
147.2500	43.4512	20.0000
147.3000	43.4818	20.0000
147.3294	43.5000	20.0000
147.3500	43.5127	20.0000
147.4000	43.5439	20.0000
147.4097	43.5500	20.0000
147.4500	43.5752	20.0000
147.4896	43.6000	20.0000
147.5000	43.6064	20.0000
147.5500	43.6376	20.0000
147.5698	43.6500	20.0000
147.6000	43.6687	20.0000
147.6500	43.6997	20.0000
147.6505	43.7000	20.0000
147.7000	43.7305	20.0000
147.7315	43.7500	20.0000
147.7500	43.7613	20.0000
147.8000	43.7920	20.0000
147.8130	43.8000	20.0000
147.8500	43.8226	20.0000
147.8945	43.8500	20.0000
147.9000	43.8533	20.0000
147.9500	43.8839	20.0000
147.9759	43.9000	20.0000
148.0000	43.9146	20.0000
148.0500	43.9454	20.0000
148.0574	43.9500	20.0000
148.1000	43.9760	20.0000
148.1389	44.0000	20.0000
148.1500	44.0067	20.0000
148.2000	44.0371	20.0000
148.2210	44.0500	20.0000
148.2500	44.0673	20.0000
148.3000	44.0973	20.0000
148.3044	44.1000	20.0000
148.3500	44.1266	20.0000
148.3900	44.1500	20.0000
148.4000	44.1557	20.0000
148.4500	44.1840	20.0000
148.4784	44.2000	20.0000
148.5000	44.2118	20.0000
148.5500	44.2390	20.0000
148.5704	44.2500	20.0000
148.6000	44.2656	20.0000
148.6500	44.2916	20.0000
148.6662	44.3000	20.0000
148.7000	44.3170	20.0000
148.7500	44.3420	20.0000
148.7661	44.3500	20.0000
148.8000	44.3664	20.0000
148.8500	44.3905	20.0000
148.8700	44.4000	20.0000
148.9000	44.4140	20.0000
148.9500	44.4372	20.0000
148.9776	44.4500	20.0000
149.0000	44.4601	20.0000
149.0500	44.4826	20.0000
149.0885	44.5000	20.0000
149.1000	44.5051	20.0000
149.1500	44.5270	20.0000
149.2000	44.5491	20.0000
149.2020	44.5500	20.0000
149.2500	44.5707	20.0000
149.3000	44.5925	20.0000
149.3170	44.6000	20.0000
149.3500	44.6142	20.0000
149.4000	44.6358	20.0000
149.4322	44.6500	20.0000
149.4500	44.6577	20.0000
149.5000	44.6794	20.0000
149.5462	44.7000	20.0000
149.5500	44.7016	20.0000
149.6000	44.7236	20.0000
149.6500	44.7461	20.0000
149.6585	44.7500	20.0000
149.7000	44.7685	20.0000
149.7500	44.7914	20.0000
149.7686	44.8000	20.0000
149.8000	44.8143	20.0000
149.8500	44.8375	20.0000
149.8766	44.8500	20.0000
149.9000	44.8609	20.0000
149.9500	44.8844	20.0000
149.9826	44.9000	20.0000
150.0000	44.9082	20.0000
150.0500	44.9320	20.0000
150.0869	44.9500	20.0000
150.1000	44.9563	20.0000
150.1500	44.9805	20.0000
150.1895	45.0000	20.0000
150.2000	45.0051	20.0000
150.2500	45.0298	20.0000
150.2901	45.0500	20.0000
150.3000	45.0549	20.0000
150.3500	45.0801	20.0000
150.3884	45.1000	20.0000
150.4000	45.1060	20.0000
150.4500	45.1319	20.0000
150.4838	45.1500	20.0000
150.5000	45.1586	20.0000
150.5500	45.1855	20.0000
150.5763	45.2000	20.0000
150.6000	45.2130	20.0000
150.6500	45.2411	20.0000
150.6656	45.2500	20.0000
150.7000	45.2696	20.0000
150.7500	45.2988	20.0000
150.7521	45.3000	20.0000
150.8000	45.3281	20.0000
150.8365	45.3500	20.0000
150.8500	45.3581	20.0000
150.9000	45.3883	20.0000
150.9193	45.4000	20.0000
150.9500	45.4187	20.0000
151.0000	45.4494	20.0000
151.0010	45.4500	20.0000
151.0500	45.4799	20.0000
151.0828	45.5000	20.0000
151.1000	45.5105	20.0000
151.1500	45.5409	20.0000
151.1650	45.5500	20.0000
151.2000	45.5711	20.0000
151.2480	45.6000	20.0000
151.2500	45.6012	20.0000
151.3000	45.6308	20.0000
151.3325	45.6500	20.0000
151.3500	45.6604	20.0000
151.4000	45.6896	20.0000
151.4178	45.7000	20.0000
151.4500	45.7188	20.0000
151.5000	45.7478	20.0000
151.5038	45.7500	20.0000
151.5500	45.7768	20.0000
151.5898	45.8000	20.0000
151.6000	45.8059	20.0000
151.6500	45.8351	20.0000
151.6753	45.8500	20.0000
151.7000	45.8646	20.0000
151.7500	45.8943	20.0000
151.7596	45.9000	20.0000
151.8000	45.9243	20.0000
151.8424	45.9500	20.0000
151.8500	45.9546	20.0000
151.9000	45.9853	20.0000
151.9235	46.0000	20.0000
151.9500	46.0165	20.0000
152.0000	46.0481	20.0000
152.0029	46.0500	20.0000
152.0500	46.0802	20.0000
152.0803	46.1000	20.0000
152.1000	46.1129	20.0000
152.1500	46.1461	20.0000
152.1558	46.1500	20.0000
152.2000	46.1799	20.0000
152.2291	46.2000	20.0000
152.2500	46.2145	20.0000
152.3000	46.2499	20.0000
152.3001	46.2500	20.0000
152.3500	46.2860	20.0000
152.3689	46.3000	20.0000
152.4000	46.3231	20.0000
152.4353	46.3500	20.0000
152.4500	46.3612	20.0000
152.4998	46.4000	20.0000
152.5000	46.4002	20.0000
152.5500	46.4399	20.0000
152.5624	46.4500	20.0000
152.6000	46.4804	20.0000
152.6237	46.5000	20.0000
152.6500	46.5215	20.0000
152.6843	46.5500	20.0000
152.7000	46.5629	20.0000
152.7449	46.6000	20.0000
152.7500	46.6042	20.0000
152.8000	46.6450	20.0000
152.8062	46.6500	20.0000
152.8500	46.6849	20.0000
152.8692	46.7000	20.0000
152.9000	46.7238	20.0000
152.9344	46.7500	20.0000
152.9500	46.7616	20.0000
153.0000	46.7982	20.0000
153.0025	46.8000	20.0000
153.0500	46.8332	20.0000
153.0744	46.8500	20.0000
153.1000	46.8673	20.0000
153.1491	46.9000	20.0000
153.1500	46.9006	20.0000
153.2000	46.9328	20.0000
153.2268	46.9500	20.0000
153.2500	46.9647	20.0000
153.3000	46.9965	20.0000
153.3055	47.0000	20.0000
153.3500	47.0281	20.0000
153.3841	47.0500	20.0000
153.4000	47.0601	20.0000
153.4500	47.0926	20.0000
153.4611	47.1000	20.0000
153.5000	47.1258	20.0000
153.5353	47.1500	20.0000
153.5500	47.1601	20.0000
153.6000	47.1955	20.0000
153.6062	47.2000	20.0000
153.6500	47.2321	20.0000
153.6736	47.2500	20.0000
153.7000	47.2702	20.0000
153.7378	47.3000	20.0000
153.7500	47.3097	20.0000
153.7990	47.3500	20.0000
153.8000	47.3508	20.0000
153.8500	47.3932	20.0000
153.8578	47.4000	20.0000
153.9000	47.4370	20.0000
153.9145	47.4500	20.0000
153.9500	47.4820	20.0000
153.9697	47.5000	20.0000
154.0000	47.5280	20.0000
154.0236	47.5500	20.0000
154.0500	47.5747	20.0000
154.0767	47.6000	20.0000
154.1000	47.6221	20.0000
154.1293	47.6500	20.0000
154.1500	47.6698	20.0000
154.1815	47.7000	20.0000
154.2000	47.7177	20.0000
154.2336	47.7500	20.0000
154.2500	47.7657	20.0000
154.2859	47.8000	20.0000
154.3000	47.8135	20.0000
154.3384	47.8500	20.0000
154.3500	47.8610	20.0000
154.3914	47.9000	20.0000
154.4000	47.9081	20.0000
154.4449	47.9500	20.0000
154.4500	47.9547	20.0000
154.4992	48.0000	20.0000
154.5000	48.0007	20.0000
154.5500	48.0460	20.0000
154.5545	48.0500	20.0000
154.6000	48.0906	20.0000
154.6107	48.1000	20.0000
154.6500	48.1344	20.0000
154.6680	48.1500	20.0000
154.7000	48.1776	20.0000
154.7263	48.2000	20.0000
154.7500	48.2202	20.0000
154.7856	48.2500	20.0000
154.8000	48.2621	20.0000
154.8457	48.3000	20.0000
154.8500	48.3035	20.0000
154.9000	48.3444	20.0000
154.9069	48.3500	20.0000
154.9500	48.3848	20.0000
154.9689	48.4000	20.0000
155.0000	48.4249	20.0000
155.0318	48.4500	20.0000
155.0500	48.4644	20.0000
155.0955	48.5000	20.0000
155.1000	48.5035	20.0000
155.1500	48.5421	20.0000
155.1603	48.5500	20.0000
155.2000	48.5802	20.0000
155.2262	48.6000	20.0000
155.2500	48.6178	20.0000
155.2932	48.6500	20.0000
155.3000	48.6550	20.0000
155.3500	48.6918	20.0000
155.3613	48.7000	20.0000
155.4000	48.7282	20.0000
155.4300	48.7500	20.0000
155.4500	48.7645	20.0000
155.4989	48.8000	20.0000
155.5000	48.8008	20.0000
155.5500	48.8371	20.0000
155.5677	48.8500	20.0000
155.6000	48.8736	20.0000
155.6357	48.9000	20.0000
155.6500	48.9106	20.0000
155.7000	48.9479	20.0000
155.7028	48.9500	20.0000
155.7500	48.9858	20.0000
155.7686	49.0000	20.0000
155.8000	49.0243	20.0000
155.8331	49.0500	20.0000
155.8500	49.0633	20.0000
155.8963	49.1000	20.0000
155.9000	49.1030	20.0000
155.9500	49.1433	20.0000
155.9583	49.1500	20.0000
156.0000	49.1841	20.0000
156.0193	49.2000	20.0000
156.0500	49.2256	20.0000
156.0794	49.2500	20.0000
156.1000	49.2675	20.0000
156.1385	49.3000	20.0000
156.1500	49.3099	20.0000
156.1968	49.3500	20.0000
156.2000	49.3528	20.0000
156.2500	49.3963	20.0000
156.2543	49.4000	20.0000
156.3000	49.4402	20.0000
156.3112	49.4500	20.0000
156.3500	49.4846	20.0000
156.3675	49.5000	20.0000
156.4000	49.5292	20.0000
156.4234	49.5500	20.0000
156.4500	49.5741	20.0000
156.4791	49.6000	20.0000
156.5000	49.6190	20.0000
156.5349	49.6500	20.0000
156.5500	49.6637	20.0000
156.5910	49.7000	20.0000
156.6000	49.7080	20.0000
156.6479	49.7500	20.0000
156.6500	49.7518	20.0000
156.7000	49.7951	20.0000
156.7058	49.8000	20.0000
156.7500	49.8378	20.0000
156.7646	49.8500	20.0000
156.8000	49.8798	20.0000
156.8244	49.9000	20.0000
156.8500	49.9213	20.0000
156.8850	49.9500	20.0000
156.9000	49.9623	20.0000
156.9461	50.0000	20.0000
156.9500	50.0032	20.0000
157.0000	50.0441	20.0000
157.0072	50.0500	20.0000
157.0500	50.0852	20.0000
157.0679	50.1000	20.0000
157.1000	50.1266	20.0000
157.1279	50.1500	20.0000
157.1500	50.1685	20.0000
157.1871	50.2000	20.0000
157.2000	50.2110	20.0000
157.2453	50.2500	20.0000
157.2500	50.2541	20.0000
157.3000	50.2979	20.0000
157.3023	50.3000	20.0000
157.3500	50.3425	20.0000
157.3583	50.3500	20.0000
157.4000	50.3877	20.0000
157.4135	50.4000	20.0000
157.4500	50.4333	20.0000
157.4682	50.4500	20.0000
157.5000	50.4793	20.0000
157.5224	50.5000	20.0000
157.5500	50.5255	20.0000
157.5765	50.5500	20.0000
157.6000	50.5717	20.0000
157.6308	50.6000	20.0000
157.6500	50.6177	20.0000
157.6856	50.6500	20.0000
157.7000	50.6632	20.0000
157.7411	50.7000	20.0000
157.7500	50.7080	20.0000
157.7977	50.7500	20.0000
157.8000	50.7520	20.0000
157.8500	50.7950	20.0000
157.8559	50.8000	20.0000
157.9000	50.8369	20.0000
157.9162	50.8500	20.0000
157.9500	50.8774	20.0000
157.9789	50.9000	20.0000
158.0000	50.9165	20.0000
158.0446	50.9500	20.0000
158.0500	50.9540	20.0000
158.1000	50.9901	20.0000
158.1143	51.0000	20.0000
158.1500	51.0247	20.0000
158.1884	51.0500	20.0000
158.2000	51.0577	20.0000
158.2500	51.0894	20.0000
158.2674	51.1000	20.0000
158.3000	51.1199	20.0000
158.3500	51.1492	20.0000
158.3513	51.1500	20.0000
158.4000	51.1780	20.0000
158.4393	51.2000	20.0000
158.4500	51.2060	20.0000
158.5000	51.2338	20.0000
158.5291	51.2500	20.0000
158.5500	51.2616	20.0000
158.6000	51.2895	20.0000
158.6183	51.3000	20.0000
158.6500	51.3180	20.0000
158.7000	51.3471	20.0000
158.7048	51.3500	20.0000
158.7500	51.3772	20.0000
158.7868	51.4000	20.0000
158.8000	51.4082	20.0000
158.8500	51.4405	20.0000
158.8641	51.4500	20.0000
158.9000	51.4743	20.0000
158.9366	51.5000	20.0000
158.9500	51.5095	20.0000
159.0000	51.5463	20.0000
159.0049	51.5500	20.0000
159.0500	51.5850	20.0000
159.0687	51.6000	20.0000
159.1000	51.6255	20.0000
159.1291	51.6500	20.0000
159.1500	51.6679	20.0000
159.1864	51.7000	20.0000
159.2000	51.7123	20.0000
159.2409	51.7500	20.0000
159.2500	51.7586	20.0000
159.2930	51.8000	20.0000
159.3000	51.8069	20.0000
159.3431	51.8500	20.0000
159.3500	51.8570	20.0000
159.3917	51.9000	20.0000
159.4000	51.9088	20.0000
159.4391	51.9500	20.0000
159.4500	51.9618	20.0000
159.4855	52.0000	20.0000
159.5000	52.0159	20.0000
159.5314	52.0500	20.0000
159.5500	52.0706	20.0000
159.5770	52.1000	20.0000
159.6000	52.1255	20.0000
159.6225	52.1500	20.0000
159.6500	52.1804	20.0000
159.6681	52.2000	20.0000
159.7000	52.2349	20.0000
159.7140	52.2500	20.0000
159.7500	52.2889	20.0000
159.7604	52.3000	20.0000
159.8000	52.3422	20.0000
159.8074	52.3500	20.0000
159.8500	52.3948	20.0000
159.8550	52.4000	20.0000
159.9000	52.4466	20.0000
159.9034	52.4500	20.0000
159.9500	52.4976	20.0000
159.9524	52.5000	20.0000
160.0000	52.5481	20.0000
160.0019	52.5500	20.0000
160.0500	52.5982	20.0000
160.0518	52.6000	20.0000
160.1000	52.6481	20.0000
160.1019	52.6500	20.0000
160.1500	52.6981	20.0000
160.1519	52.7000	20.0000
160.2000	52.7482	20.0000
160.2018	52.7500	20.0000
160.2500	52.7987	20.0000
160.2513	52.8000	20.0000
160.3000	52.8495	20.0000
160.3004	52.8500	20.0000
160.3493	52.9000	20.0000
160.3500	52.9007	20.0000
160.3981	52.9500	20.0000
160.4000	52.9520	20.0000
160.4469	53.0000	20.0000
160.4500	53.0032	20.0000
160.4960	53.0500	20.0000
160.5000	53.0540	20.0000
160.5456	53.1000	20.0000
160.5500	53.1044	20.0000
160.5957	53.1500	20.0000
160.6000	53.1542	20.0000
160.6465	53.2000	20.0000
160.6500	53.2034	20.0000
160.6977	53.2500	20.0000
160.7000	53.2522	20.0000
160.7493	53.3000	20.0000
160.7500	53.3006	20.0000
160.8000	53.3490	20.0000
160.8010	53.3500	20.0000
160.8500	53.3976	20.0000
160.8525	53.4000	20.0000
160.9000	53.4465	20.0000
160.9036	53.4500	20.0000
160.9500	53.4958	20.0000
160.9542	53.5000	20.0000
161.0000	53.5458	20.0000
161.0042	53.5500	20.0000
161.0500	53.5963	20.0000
161.0536	53.6000	20.0000
161.1000	53.6474	20.0000
161.1025	53.6500	20.0000
161.1500	53.6989	20.0000
161.1511	53.7000	20.0000
161.1993	53.7500	20.0000
161.2000	53.7507	20.0000
161.2473	53.8000	20.0000
161.2500	53.8027	20.0000
161.2952	53.8500	20.0000
161.3000	53.8550	20.0000
161.3429	53.9000	20.0000
161.3500	53.9073	20.0000
161.3904	53.9500	20.0000
161.4000	53.9600	20.0000
161.4376	54.0000	20.0000
161.4500	54.0130	20.0000
161.4845	54.0500	20.0000
161.5000	54.0664	20.0000
161.5310	54.1000	20.0000
161.5500	54.1204	20.0000
161.5770	54.1500	20.0000
161.6000	54.1749	20.0000
161.6225	54.2000	20.0000
161.6500	54.2301	20.0000
161.6677	54.2500	20.0000
161.7000	54.2857	20.0000
161.7126	54.3000	20.0000
161.7500	54.3417	20.0000
161.7573	54.3500	20.0000
161.8000	54.3978	20.0000
161.8019	54.4000	20.0000
161.8466	54.4500	20.0000
161.8500	54.4538	20.0000
161.8915	54.5000	20.0000
161.9000	54.5093	20.0000
161.9366	54.5500	20.0000
161.9500	54.5645	20.0000
161.9822	54.6000	20.0000
162.0000	54.6193	20.0000
162.0280	54.6500	20.0000
162.0500	54.6737	20.0000
162.0741	54.7000	20.0000
162.1000	54.7279	20.0000
162.1202	54.7500	20.0000
162.1500	54.7821	20.0000
162.1664	54.8000	20.0000
162.2000	54.8365	20.0000
162.2122	54.8500	20.0000
162.2500	54.8914	20.0000
162.2577	54.9000	20.0000
162.3000	54.9471	20.0000
162.3026	54.9500	20.0000
162.3469	55.0000	20.0000
162.3500	55.0035	20.0000
162.3907	55.0500	20.0000
162.4000	55.0606	20.0000
162.4341	55.1000	20.0000
162.4500	55.1184	20.0000
162.4773	55.1500	20.0000
162.5000	55.1763	20.0000
162.5208	55.2000	20.0000
162.5500	55.2335	20.0000
162.5649	55.2500	20.0000
162.6000	55.2889	20.0000
162.6104	55.3000	20.0000
162.6500	55.3417	20.0000
162.6584	55.3500	20.0000
162.7000	55.3907	20.0000
162.7102	55.4000	20.0000
162.7500	55.4357	20.0000
162.7674	55.4500	20.0000
162.8000	55.4765	20.0000
162.8319	55.5000	20.0000
162.8500	55.5132	20.0000
162.9000	55.5462	20.0000
162.9065	55.5500	20.0000
162.9500	55.5758	20.0000
162.9951	55.6000	20.0000
163.0000	55.6027	20.0000
163.0500	55.6272	20.0000
163.1000	55.6497	20.0000
163.1006	55.6500	20.0000
163.1500	55.6709	20.0000
163.2000	55.6910	20.0000
163.2232	55.7000	20.0000
163.2500	55.7105	20.0000
163.3000	55.7297	20.0000
> 20 contour -Z20
161.7500	56.4663	20.0000
161.8000	56.4783	20.0000
161.8500	56.4654	20.0000
161.8643	56.4500	20.0000
161.8686	56.4000	20.0000
161.8504	56.3500	20.0000
161.8500	56.3494	20.0000
161.8104	56.3000	20.0000
161.8000	56.2900	20.0000
161.7500	56.2538	20.0000
161.7373	56.2500	20.0000
161.7000	56.2411	20.0000
161.6722	56.2500	20.0000
161.6500	56.2684	20.0000
161.6391	56.3000	20.0000
161.6430	56.3500	20.0000
161.6500	56.3674	20.0000
161.6689	56.4000	20.0000
161.7000	56.4349	20.0000
161.7207	56.4500	20.0000
161.7500	56.4663	20.0000
> 20 contour -Z20
130.1840	37.4000	20.0000
130.1816	37.4500	20.0000
130.1808	37.5000	20.0000
130.1819	37.5500	20.0000
130.1848	37.6000	20.0000
130.1897	37.6500	20.0000
130.1968	37.7000	20.0000
130.2000	37.7174	20.0000
130.2063	37.7500	20.0000
130.2186	37.8000	20.0000
130.2333	37.8500	20.0000
130.2500	37.8982	20.0000
130.2507	37.9000	20.0000
130.2719	37.9500	20.0000
130.2960	38.0000	20.0000
130.3000	38.0074	20.0000
130.3245	38.0500	20.0000
130.3500	38.0903	20.0000
130.3566	38.1000	20.0000
130.3936	38.1500	20.0000
130.4000	38.1580	20.0000
130.4361	38.2000	20.0000
130.4500	38.2151	20.0000
130.4846	38.2500	20.0000
130.5000	38.2647	20.0000
130.5400	38.3000	20.0000
130.5500	38.3084	20.0000
130.6000	38.3469	20.0000
130.6045	38.3500	20.0000
130.6500	38.3805	20.0000
130.6822	38.4000	20.0000
130.7000	38.4104	20.0000
130.7500	38.4363	20.0000
130.7806	38.4500	20.0000
130.8000	38.4585	20.0000
130.8500	38.4768	20.0000
130.9000	38.4913	20.0000
130.9411	38.5000	20.0000
130.9500	38.5019	20.0000
131.0000	38.5080	20.0000
131.0500	38.5098	20.0000
131.1000	38.5070	20.0000
131.1456	38.5000	20.0000
131.1500	38.4993	20.0000
131.2000	38.4863	20.0000
131.2500	38.4682	20.0000
131.2891	38.4500	20.0000
131.3000	38.4447	20.0000
131.3500	38.4155	20.0000
131.3729	38.4000	20.0000
131.4000	38.3807	20.0000
131.4384	38.3500	20.0000
131.4500	38.3403	20.0000
131.4936	38.3000	20.0000
131.5000	38.2938	20.0000
131.5417	38.2500	20.0000
131.5500	38.2408	20.0000
131.5846	38.2000	20.0000
131.6000	38.1807	20.0000
131.6233	38.1500	20.0000
131.6500	38.1125	20.0000
131.6585	38.1000	20.0000
131.6903	38.0500	20.0000
131.7000	38.0336	20.0000
131.7191	38.0000	20.0000
131.7453	37.9500	20.0000
131.7500	37.9401	20.0000
131.7685	37.9000	20.0000
131.7893	37.8500	20.0000
131.8000	37.8213	20.0000
131.8077	37.8000	20.0000
131.8235	37.7500	20.0000
131.8372	37.7000	20.0000
131.8488	37.6500	20.0000
131.8500	37.6437	20.0000
131.8581	37.6000	20.0000
131.8653	37.5500	20.0000
131.8706	37.5000	20.0000
131.8741	37.4500	20.0000
131.8757	37.4000	20.0000
131.8756	37.3500	20.0000
131.8739	37.3000	20.0000
131.8705	37.2500	20.0000
131.8656	37.2000	20.0000
131.8592	37.1500	20.0000
131.8513	37.1000	20.0000
131.8500	37.0927	20.0000
131.8418	37.0500	20.0000
131.8307	37.0000	20.0000
131.8183	36.9500	20.0000
131.8047	36.9000	20.0000
131.8000	36.8841	20.0000
131.7893	36.8500	20.0000
131.7724	36.8000	20.0000
131.7545	36.7500	20.0000
131.7500	36.7381	20.0000
131.7346	36.7000	20.0000
131.7136	36.6500	20.0000
131.7000	36.6186	20.0000
131.6912	36.6000	20.0000
131.6672	36.5500	20.0000
131.6500	36.5145	20.0000
131.6423	36.5000	20.0000
> 40 contour -Z40
137.7827	35.0000	40.0000
137.7836	35.0500	40.0000
137.7806	35.1000	40.0000
137.7748	35.1500	40.0000
137.7673	35.2000	40.0000
137.7591	35.2500	40.0000
137.7511	35.3000	40.0000
137.7500	35.3077	40.0000
137.7445	35.3500	40.0000
137.7398	35.4000	40.0000
137.7375	35.4500	40.0000
137.7384	35.5000	40.0000
137.7429	35.5500	40.0000
137.7500	35.5906	40.0000
137.7519	35.6000	40.0000
137.7671	35.6500	40.0000
137.7883	35.7000	40.0000
137.8000	35.7216	40.0000
137.8188	35.7500	40.0000
137.8500	35.7886	40.0000
137.8620	35.8000	40.0000
137.9000	35.8311	40.0000
137.9338	35.8500	40.0000
137.9500	35.8582	40.0000
138.0000	35.8727	40.0000
138.0500	35.8767	40.0000
138.1000	35.8709	40.0000
138.1500	35.8559	40.0000
138.1628	35.8500	40.0000
138.2000	35.8320	40.0000
138.2500	35.8005	40.0000
138.2507	35.8000	40.0000
138.3000	35.7626	40.0000
138.3153	35.7500	40.0000
138.3500	35.7208	40.0000
138.3744	35.7000	40.0000
138.4000	35.6780	40.0000
138.4335	35.6500	40.0000
138.4500	35.6363	40.0000
138.4963	35.6000	40.0000
138.5000	35.5972	40.0000
138.5500	35.5612	40.0000
138.5668	35.5500	40.0000
138.6000	35.5278	40.0000
138.6437	35.5000	40.0000
138.6500	35.4959	40.0000
138.7000	35.4643	40.0000
138.7221	35.4500	40.0000
138.7500	35.4310	40.0000
138.7922	35.4000	40.0000
138.8000	35.3938	40.0000
138.8500	35.3502	40.0000
138.8502	35.3500	40.0000
138.8972	35.3000	40.0000
138.9000	35.2967	40.0000
138.9358	35.2500	40.0000
138.9500	35.2295	40.0000
138.9685	35.2000	40.0000
138.9967	35.1500	40.0000
139.0000	35.1438	40.0000
139.0211	35.1000	40.0000
139.0430	35.0500	40.0000
139.0500	35.0328	40.0000
139.0626	35.0000	40.0000
> 40 contour -Z40
142.5788	49.1500	40.0000
142.5756	49.1000	40.0000
142.5705	49.0500	40.0000
142.5635	49.0000	40.0000
142.5543	48.9500	40.0000
142.5500	48.9314	40.0000
142.5429	48.9000	40.0000
142.5291	48.8500	40.0000
142.5128	48.8000	40.0000
142.5000	48.7667	40.0000
142.4936	48.7500	40.0000
142.4717	48.7000	40.0000
142.4500	48.6571	40.0000
142.4464	48.6500	40.0000
142.4177	48.6000	40.0000
142.4000	48.5726	40.0000
142.3851	48.5500	40.0000
142.3500	48.5026	40.0000
142.3480	48.5000	40.0000
142.3062	48.4500	40.0000
142.3000	48.4433	40.0000
142.2589	48.4000	40.0000
142.2500	48.3914	40.0000
142.2057	48.3500	40.0000
142.2000	48.3451	40.0000
142.1500	48.3028	40.0000
142.1466	48.3000	40.0000
142.1000	48.2635	40.0000
142.0825	48.2500	40.0000
142.0500	48.2262	40.0000
142.0142	48.2000	40.0000
142.0000	48.1901	40.0000
141.9500	48.1547	40.0000
141.9435	48.1500	40.0000
141.9000	48.1194	40.0000
141.8730	48.1000	40.0000
141.8500	48.0839	40.0000
141.8029	48.0500	40.0000
141.8000	48.0479	40.0000
141.7500	48.0112	40.0000
141.7353	48.0000	40.0000
141.7000	47.9736	40.0000
141.6695	47.9500	40.0000
141.6500	47.9352	40.0000
141.6051	47.9000	40.0000
141.6000	47.8961	40.0000
141.5500	47.8562	40.0000
141.5424	47.8500	40.0000
141.5000	47.8157	40.0000
141.4808	47.8000	40.0000
141.4500	47.7750	40.0000
141.4193	47.7500	40.0000
141.4000	47.7343	40.0000
141.3576	47.7000	40.0000
141.3500	47.6938	40.0000
141.3000	47.6537	40.0000
141.2954	47.6500	40.0000
141.2500	47.6140	40.0000
141.2320	47.6000	40.0000
141.2000	47.5751	40.0000
141.1668	47.5500	40.0000
141.1500	47.5372	40.0000
141.1000	47.5003	40.0000
141.0995	47.5000	40.0000
141.0500	47.4640	40.0000
141.0299	47.4500	40.0000
141.0000	47.4287	40.0000
140.9579	47.4000	40.0000
140.9500	47.3944	40.0000
140.9000	47.3605	40.0000
140.8839	47.3500	40.0000
140.8500	47.3270	40.0000
140.8085	47.3000	40.0000
140.8000	47.2942	40.0000
140.7500	47.2610	40.0000
140.7330	47.2500	40.0000
140.7000	47.2275	40.0000
140.6588	47.2000	40.0000
140.6500	47.1937	40.0000
140.6000	47.1588	40.0000
140.5873	47.1500	40.0000
140.5500	47.1223	40.0000
140.5196	47.1000	40.0000
140.5000	47.0845	40.0000
140.4561	47.0500	40.0000
140.4500	47.0448	40.0000
140.4000	47.0024	40.0000
140.3971	47.0000	40.0000
140.3500	46.9568	40.0000
140.3425	46.9500	40.0000
140.3000	46.9078	40.0000
140.2920	46.9000	40.0000
140.2500	46.8549	40.0000
140.2453	46.8500	40.0000
140.2022	46.8000	40.0000
140.2000	46.7972	40.0000
140.1624	46.7500	40.0000
140.1500	46.7324	40.0000
140.1260	46.7000	40.0000
140.1000	46.6600	40.0000
140.0930	46.6500	40.0000
140.0638	46.6000	40.0000
140.0500	46.5711	40.0000
140.0390	46.5500	40.0000
140.0194	46.5000	40.0000
140.0068	46.4500	40.0000
140.0035	46.4000	40.0000
140.0131	46.3500	40.0000
140.0419	46.3000	40.0000
140.0500	46.2921	40.0000
140.0998	46.2500	40.0000
140.1000	46.2499	40.0000
140.1500	46.2237	40.0000
140.2000	46.2022	40.0000
140.2056	46.2000	40.0000
140.2500	46.1865	40.0000
140.3000	46.1734	40.0000
140.3500	46.1623	40.0000
140.4000	46.1531	40.0000
140.4197	46.1500	40.0000
140.4500	46.1459	40.0000
140.5000	46.1404	40.0000
140.5500	46.1360	40.0000
140.6000	46.1329	40.0000
140.6500	46.1308	40.0000
140.7000	46.1299	40.0000
140.7500	46.1299	40.0000
140.8000	46.1310	40.0000
140.8500	46.1330	40.0000
140.9000	46.1359	40.0000
140.9500	46.1398	40.0000
141.0000	46.1446	40.0000
141.0480	46.1500	40.0000
141.0500	46.1502	40.0000
141.1000	46.1571	40.0000
141.1500	46.1648	40.0000
141.2000	46.1733	40.0000
141.2500	46.1827	40.0000
141.3000	46.1929	40.0000
141.3320	46.2000	40.0000
141.3500	46.2041	40.0000
141.4000	46.2165	40.0000
141.4500	46.2296	40.0000
141.5000	46.2436	40.0000
141.5214	46.2500	40.0000
141.5500	46.2588	40.0000
141.6000	46.2750	40.0000
141.6500	46.2921	40.0000
141.6720	46.3000	40.0000
141.7000	46.3103	40.0000
141.7500	46.3297	40.0000
141.8000	46.3500	40.0000
141.8001	46.3500	40.0000
141.8500	46.3717	40.0000
141.9000	46.3943	40.0000
141.9121	46.4000	40.0000
141.9500	46.4183	40.0000
142.0000	46.4432	40.0000
142.0132	46.4500	40.0000
142.0500	46.4695	40.0000
142.1000	46.4966	40.0000
142.1062	46.5000	40.0000
142.1500	46.5250	40.0000
142.1931	46.5500	40.0000
142.2000	46.5541	40.0000
142.2500	46.5843	40.0000
142.2759	46.6000	40.0000
142.3000	46.6151	40.0000
142.3500	46.6463	40.0000
142.3561	46.6500	40.0000
142.4000	46.6780	40.0000
142.4353	46.7000	40.0000
142.4500	46.7095	40.0000
142.5000	46.7408	40.0000
142.5154	46.7500	40.0000
142.5500	46.7715	40.0000
142.5985	46.8000	40.0000
142.6000	46.8009	40.0000
142.6500	46.8294	40.0000
142.6890	46.8500	40.0000
142.7000	46.8560	40.0000
142.7500	46.8808	40.0000
142.7929	46.9000	40.0000
142.8000	46.9033	40.0000
142.8500	46.9237	40.0000
142.9000	46.9415	40.0000
142.9280	46.9500	40.0000
142.9500	46.9569	40.0000
143.0000	46.9700	40.0000
143.0500	46.9807	40.0000
143.1000	46.9890	40.0000
143.1500	46.9952	40.0000
143.2000	46.9993	40.0000
143.2164	47.0000	40.0000
143.2500	47.0014	40.0000
143.3000	47.0016	40.0000
143.3442	47.0000	40.0000
143.3500	46.9998	40.0000
143.4000	46.9961	40.0000
143.4500	46.9906	40.0000
143.5000	46.9831	40.0000
143.5500	46.9737	40.0000
143.6000	46.9624	40.0000
143.6468	46.9500	40.0000
143.6500	46.9492	40.0000
143.7000	46.9345	40.0000
143.7500	46.9181	40.0000
143.7999	46.9000	40.0000
143.8000	46.9000	40.0000
143.8500	46.8803	40.0000
143.9000	46.8588	40.0000
143.9188	46.8500	40.0000
143.9500	46.8351	40.0000
144.0000	46.8089	40.0000
144.0157	46.8000	40.0000
144.0500	46.7792	40.0000
144.0933	46.7500	40.0000
144.1000	46.7450	40.0000
144.1500	46.7040	40.0000
144.1544	46.7000	40.0000
144.2000	46.6529	40.0000
144.2025	46.6500	40.0000
144.2408	46.6000	40.0000
144.2500	46.5860	40.0000
144.2724	46.5500	40.0000
144.3000	46.5003	40.0000
144.3001	46.5000	40.0000
144.3267	46.4500	40.0000
144.3500	46.4083	40.0000
144.3548	46.4000	40.0000
144.3889	46.3500	40.0000
144.4000	46.3367	40.0000
144.4352	46.3000	40.0000
144.4500	46.2880	40.0000
144.5000	46.2558	40.0000
144.5122	46.2500	40.0000
144.5500	46.2361	40.0000
144.6000	46.2247	40.0000
144.6500	46.2196	40.0000
144.7000	46.2198	40.0000
144.7500	46.2241	40.0000
144.8000	46.2315	40.0000
144.8500	46.2413	40.0000
144.8882	46.2500	40.0000
144.9000	46.2529	40.0000
144.9500	46.2662	40.0000
145.0000	46.2796	40.0000
145.0500	46.2924	40.0000
145.0822	46.3000	40.0000
145.1000	46.3045	40.0000
145.1500	46.3154	40.0000
145.2000	46.3242	40.0000
145.2500	46.3303	40.0000
145.3000	46.3334	40.0000
145.3500	46.3331	40.0000
145.4000	46.3289	40.0000
145.4500	46.3202	40.0000
145.5000	46.3067	40.0000
145.5183	46.3000	40.0000
145.5500	46.2883	40.0000
145.6000	46.2645	40.0000
145.6254	46.2500	40.0000
145.6500	46.2355	40.0000
145.7000	46.2019	40.0000
145.7026	46.2000	40.0000
145.7500	46.1647	40.0000
145.7694	46.1500	40.0000
145.8000	46.1259	40.0000
145.8347	46.1000	40.0000
145.8500	46.0882	40.0000
145.9000	46.0546	40.0000
145.9083	46.0500	40.0000
145.9500	46.0273	40.0000
146.0000	46.0078	40.0000
146.0328	46.0000	40.0000
146.0500	45.9961	40.0000
146.1000	45.9914	40.0000
146.1500	45.9926	40.0000
146.2000	45.9984	40.0000
146.2086	46.0000	40.0000
146.2500	46.0075	40.0000
146.3000	46.0188	40.0000
146.3500	46.0314	40.0000
146.4000	46.0447	40.0000
146.4196	46.0500	40.0000
146.4500	46.0580	40.0000
146.5000	46.0712	40.0000
146.5500	46.0839	40.0000
146.6000	46.0960	40.0000
146.6169	46.1000	40.0000
146.6500	46.1075	40.0000
146.7000	46.1184	40.0000
146.7500	46.1287	40.0000
146.8000	46.1387	40.0000
146.8500	46.1485	40.0000
146.8578	46.1500	40.0000
146.9000	46.1579	40.0000
146.9500	46.1675	40.0000
147.0000	46.1775	40.0000
147.0500	46.1882	40.0000
147.1000	46.1999	40.0000
147.1005	46.2000	40.0000
147.1500	46.2122	40.0000
147.2000	46.2261	40.0000
147.2500	46.2416	40.0000
147.2739	46.2500	40.0000
147.3000	46.2587	40.0000
147.3500	46.2772	40.0000
147.4000	46.2979	40.0000
147.4047	46.3000	40.0000
147.4500	46.3196	40.0000
147.5000	46.3432	40.0000
147.5134	46.3500	40.0000
147.5500	46.3679	40.0000
147.6000	46.3942	40.0000
147.6105	46.4000	40.0000
147.6500	46.4212	40.0000
147.7000	46.4496	40.0000
147.7007	46.4500	40.0000
147.7500	46.4781	40.0000
147.7871	46.5000	40.0000
147.8000	46.5075	40.0000
147.8500	46.5367	40.0000
147.8726	46.5500	40.0000
147.9000	46.5658	40.0000
147.9500	46.5943	40.0000
147.9603	46.6000	40.0000
148.0000	46.6217	40.0000
148.0500	46.6483	40.0000
148.0535	46.6500	40.0000
148.1000	46.6732	40.0000
148.1500	46.6975	40.0000
148.1555	46.7000	40.0000
148.2000	46.7204	40.0000
148.2500	46.7427	40.0000
148.2670	46.7500	40.0000
148.3000	46.7644	40.0000
148.3500	46.7859	40.0000
148.3832	46.8000	40.0000
148.4000	46.8074	40.0000
148.4500	46.8289	40.0000
148.4974	46.8500	40.0000
148.5000	46.8512	40.0000
148.5500	46.8736	40.0000
148.6000	46.8969	40.0000
148.6069	46.9000	40.0000
148.6500	46.9208	40.0000
148.7000	46.9459	40.0000
148.7086	46.9500	40.0000
148.7500	46.9725	40.0000
148.7970	47.0000	40.0000
148.8000	47.0021	40.0000
148.8500	47.0373	40.0000
148.8666	47.0500	40.0000
148.9000	47.0868	40.0000
148.9109	47.1000	40.0000
148.9372	47.1500	40.0000
148.9500	47.1928	40.0000
148.9520	47.2000	40.0000
148.9617	47.2500	40.0000
148.9675	47.3000	40.0000
148.9711	47.3500	40.0000
148.9733	47.4000	40.0000
148.9745	47.4500	40.0000
148.9752	47.5000	40.0000
148.9755	47.5500	40.0000
148.9758	47.6000	40.0000
148.9767	47.6500	40.0000
148.9789	47.7000	40.0000
148.9839	47.7500	40.0000
148.9934	47.8000	40.0000
149.0000	47.8210	40.0000
149.0102	47.8500	40.0000
149.0374	47.9000	40.0000
149.0500	47.9167	40.0000
149.0795	47.9500	40.0000
149.1000	47.9680	40.0000
149.1452	48.0000	40.0000
149.1500	48.0028	40.0000
149.2000	48.0256	40.0000
149.2500	48.0407	40.0000
149.3000	48.0488	40.0000
149.3269	48.0500	40.0000
149.3500	48.0509	40.0000
149.3683	48.0500	40.0000
149.4000	48.0484	40.0000
149.4500	48.0422	40.0000
149.5000	48.0330	40.0000
149.5500	48.0211	40.0000
149.6000	48.0066	40.0000
149.6189	48.0000	40.0000
149.6500	47.9890	40.0000
149.7000	47.9674	40.0000
149.7330	47.9500	40.0000
149.7500	47.9399	40.0000
149.8000	47.9020	40.0000
149.8021	47.9000	40.0000
149.8410	47.8500	40.0000
149.8500	47.8296	40.0000
149.8604	47.8000	40.0000
149.8653	47.7500	40.0000
149.8595	47.7000	40.0000
149.8500	47.6678	40.0000
149.8448	47.6500	40.0000
149.8222	47.6000	40.0000
149.8000	47.5607	40.0000
149.7938	47.5500	40.0000
149.7588	47.5000	40.0000
149.7500	47.4888	40.0000
149.7177	47.4500	40.0000
149.7000	47.4302	40.0000
149.6708	47.4000	40.0000
149.6500	47.3793	40.0000
149.6178	47.3500	40.0000
149.6000	47.3339	40.0000
149.5586	47.3000	40.0000
149.5500	47.2927	40.0000
149.5000	47.2550	40.0000
149.4925	47.2500	40.0000
149.4500	47.2198	40.0000
149.4193	47.2000	40.0000
149.4000	47.1862	40.0000
149.3500	47.1540	40.0000
149.3428	47.1500	40.0000
149.3000	47.1218	40.0000
149.2648	47.1000	40.0000
149.2500	47.0885	40.0000
149.2000	47.0516	40.0000
149.1977	47.0500	40.0000
149.1500	47.0030	40.0000
149.1470	47.0000	40.0000
149.1147	46.9500	40.0000
149.1000	46.9037	40.0000
149.0988	46.9000	40.0000
149.0898	46.8500	40.0000
149.0870	46.8000	40.0000
149.0885	46.7500	40.0000
149.0933	46.7000	40.0000
149.1000	46.6581	40.0000
149.1012	46.6500	40.0000
149.1115	46.6000	40.0000
149.1250	46.5500	40.0000
149.1418	46.5000	40.0000
149.1500	46.4783	40.0000
149.1609	46.4500	40.0000
149.1816	46.4000	40.0000
149.2000	46.3560	40.0000
149.2026	46.3500	40.0000
149.2203	46.3000	40.0000
149.2323	46.2500	40.0000
149.2347	46.2000	40.0000
149.2235	46.1500	40.0000
149.2000	46.1075	40.0000
149.1951	46.1000	40.0000
149.1500	46.0563	40.0000
149.1422	46.0500	40.0000
149.1000	46.0238	40.0000
149.0545	46.0000	40.0000
149.0500	45.9980	40.0000
149.0000	45.9782	40.0000
148.9500	45.9599	40.0000
148.9227	45.9500	40.0000
148.9000	45.9425	40.0000
148.8500	45.9248	40.0000
148.8000	45.9053	40.0000
148.7882	45.9000	40.0000
148.7500	45.8837	40.0000
148.7000	45.8592	40.0000
148.6836	45.8500	40.0000
148.6500	45.8315	40.0000
148.6000	45.8007	40.0000
148.5990	45.8000	40.0000
148.5500	45.7662	40.0000
148.5282	45.7500	40.0000
148.5000	45.7283	40.0000
148.4653	45.7000	40.0000
148.4500	45.6868	40.0000
148.4092	45.6500	40.0000
148.4000	45.6409	40.0000
148.3593	45.6000	40.0000
148.3500	45.5895	40.0000
148.3151	45.5500	40.0000
148.3000	45.5304	40.0000
148.2762	45.5000	40.0000
148.2500	45.4606	40.0000
148.2427	45.4500	40.0000
148.2156	45.4000	40.0000
148.2000	45.3594	40.0000
148.1961	45.3500	40.0000
148.1872	45.3000	40.0000
148.1944	45.2500	40.0000
148.2000	45.2405	40.0000
148.2324	45.2000	40.0000
148.2500	45.1894	40.0000
148.3000	45.1684	40.0000
148.3500	45.1561	40.0000
148.4000	45.1500	40.0000
148.4012	45.1500	40.0000
148.4500	45.1488	40.0000
148.4858	45.1500	40.0000
148.5000	45.1505	40.0000
148.5500	45.1553	40.0000
148.6000	45.1622	40.0000
148.6500	45.1708	40.0000
148.7000	45.1808	40.0000
148.7500	45.1919	40.0000
148.7837	45.2000	40.0000
148.8000	45.2044	40.0000
148.8500	45.2191	40.0000
148.9000	45.2339	40.0000
148.9500	45.2488	40.0000
148.9539	45.2500	40.0000
149.0000	45.2662	40.0000
149.0500	45.2833	40.0000
149.1000	45.2998	40.0000
149.1007	45.3000	40.0000
149.1500	45.3188	40.0000
149.2000	45.3369	40.0000
149.2379	45.3500	40.0000
149.2500	45.3548	40.0000
149.3000	45.3743	40.0000
149.3500	45.3927	40.0000
149.3702	45.4000	40.0000
149.4000	45.4122	40.0000
149.4500	45.4320	40.0000
149.4978	45.4500	40.0000
149.5000	45.4509	40.0000
149.5500	45.4725	40.0000
149.6000	45.4929	40.0000
149.6172	45.5000	40.0000
149.6500	45.5150	40.0000
149.7000	45.5372	40.0000
149.7294	45.5500	40.0000
149.7500	45.5599	40.0000
149.8000	45.5839	40.0000
149.8346	45.6000	40.0000
149.8500	45.6079	40.0000
149.9000	45.6334	40.0000
149.9334	45.6500	40.0000
149.9500	45.6590	40.0000
150.0000	45.6860	40.0000
150.0266	45.7000	40.0000
150.0500	45.7135	40.0000
150.1000	45.7418	40.0000
150.1144	45.7500	40.0000
150.1500	45.7719	40.0000
150.1970	45.8000	40.0000
150.2000	45.8019	40.0000
150.2500	45.8351	40.0000
150.2726	45.8500	40.0000
150.3000	45.8694	40.0000
150.3431	45.9000	40.0000
150.3500	45.9053	40.0000
150.4000	45.9442	40.0000
150.4073	45.9500	40.0000
150.4500	45.9863	40.0000
150.4658	46.0000	40.0000
150.5000	46.0314	40.0000
150.5198	46.0500	40.0000
150.5500	46.0799	40.0000
150.5699	46.1000	40.0000
150.6000	46.1317	40.0000
150.6170	46.1500	40.0000
150.6500	46.1866	40.0000
150.6619	46.2000	40.0000
150.7000	46.2437	40.0000
150.7054	46.2500	40.0000
150.7485	46.3000	40.0000
150.7500	46.3018	40.0000
150.7917	46.3500	40.0000
150.8000	46.3594	40.0000
150.8362	46.4000	40.0000
150.8500	46.4150	40.0000
150.8828	46.4500	40.0000
150.9000	46.4676	40.0000
150.9323	46.5000	40.0000
150.9500	46.5170	40.0000
150.9855	46.5500	40.0000
151.0000	46.5628	40.0000
151.0434	46.6000	40.0000
151.0500	46.6054	40.0000
151.1000	46.6448	40.0000
151.1069	46.6500	40.0000
151.1500	46.6814	40.0000
151.1770	46.7000	40.0000
151.2000	46.7155	40.0000
151.2500	46.7476	40.0000
151.2539	46.7500	40.0000
151.3000	46.7780	40.0000
151.3381	46.8000	40.0000
151.3500	46.8069	40.0000
151.4000	46.8347	40.0000
151.4285	46.8500	40.0000
151.4500	46.8616	40.0000
151.5000	46.8879	40.0000
151.5236	46.9000	40.0000
151.5500	46.9137	40.0000
151.6000	46.9392	40.0000
151.6217	46.9500	40.0000
151.6500	46.9645	40.0000
151.7000	46.9896	40.0000
151.7211	47.0000	40.0000
151.7500	47.0148	40.0000
151.8000	47.0399	40.0000
151.8202	47.0500	40.0000
151.8500	47.0655	40.0000
151.9000	47.0912	40.0000
151.9170	47.1000	40.0000
151.9500	47.1178	40.0000
152.0000	47.1448	40.0000
152.0096	47.1500	40.0000
152.0500	47.1733	40.0000
152.0961	47.2000	40.0000
152.1000	47.2024	40.0000
152.1500	47.2336	40.0000
152.1759	47.2500	40.0000
152.2000	47.2661	40.0000
152.2500	47.2998	40.0000
152.2503	47.3000	40.0000
152.3000	47.3361	40.0000
152.3190	47.3500	40.0000
152.3500	47.3738	40.0000
152.3842	47.4000	40.0000
152.4000	47.4128	40.0000
152.4465	47.4500	40.0000
152.4500	47.4530	40.0000
152.5000	47.4949	40.0000
152.5062	47.5000	40.0000
152.5500	47.5380	40.0000
152.5641	47.5500	40.0000
152.6000	47.5818	40.0000
152.6211	47.6000	40.0000
152.6500	47.6259	40.0000
152.6777	47.6500	40.0000
152.7000	47.6700	40.0000
152.7346	47.7000	40.0000
152.7500	47.7138	40.0000
152.7921	47.7500	40.0000
152.8000	47.7569	40.0000
152.8500	47.7995	40.0000
152.8506	47.8000	40.0000
152.9000	47.8420	40.0000
152.9097	47.8500	40.0000
152.9500	47.8843	40.0000
152.9690	47.9000	40.0000
153.0000	47.9267	40.0000
153.0276	47.9500	40.0000
153.0500	47.9698	40.0000
153.0846	48.0000	40.0000
153.1000	48.0142	40.0000
153.1389	48.0500	40.0000
153.1500	48.0609	40.0000
153.1900	48.1000	40.0000
153.2000	48.1104	40.0000
153.2377	48.1500	40.0000
153.2500	48.1638	40.0000
153.2820	48.2000	40.0000
153.3000	48.2219	40.0000
153.3230	48.2500	40.0000
153.3500	48.2854	40.0000
153.3611	48.3000	40.0000
153.3961	48.3500	40.0000
153.4000	48.3561	40.0000
153.4282	48.4000	40.0000
153.4500	48.4370	40.0000
153.4577	48.4500	40.0000
153.4844	48.5000	40.0000
153.5000	48.5322	40.0000
153.5086	48.5500	40.0000
153.5304	48.6000	40.0000
153.5500	48.6496	40.0000
153.5502	48.6500	40.0000
153.5678	48.7000	40.0000
153.5840	48.7500	40.0000
153.5992	48.8000	40.0000
153.6000	48.8027	40.0000
153.6137	48.8500	40.0000
153.6282	48.9000	40.0000
153.6434	48.9500	40.0000
153.6500	48.9701	40.0000
153.6598	49.0000	40.0000
153.6780	49.0500	40.0000
153.6987	49.1000	40.0000
153.7000	49.1026	40.0000
153.7221	49.1500	40.0000
153.7486	49.2000	40.0000
153.7500	49.2024	40.0000
153.7779	49.2500	40.0000
153.8000	49.2839	40.0000
153.8101	49.3000	40.0000
153.8447	49.3500	40.0000
153.8500	49.3569	40.0000
153.8812	49.4000	40.0000
153.9000	49.4240	40.0000
153.9193	49.4500	40.0000
153.9500	49.4888	40.0000
153.9584	49.5000	40.0000
153.9982	49.5500	40.0000
154.0000	49.5521	40.0000
154.0384	49.6000	40.0000
154.0500	49.6138	40.0000
154.0789	49.6500	40.0000
154.1000	49.6751	40.0000
154.1199	49.7000	40.0000
154.1500	49.7359	40.0000
154.1613	49.7500	40.0000
154.2000	49.7957	40.0000
154.2035	49.8000	40.0000
154.2467	49.8500	40.0000
154.2500	49.8537	40.0000
154.2913	49.9000	40.0000
154.3000	49.9093	40.0000
154.3378	49.9500	40.0000
154.3500	49.9625	40.0000
154.3867	50.0000	40.0000
154.4000	50.0128	40.0000
154.4390	50.0500	40.0000
154.4500	50.0599	40.0000
154.4958	50.1000	40.0000
154.5000	50.1035	40.0000
154.5500	50.1430	40.0000
154.5594	50.1500	40.0000
154.6000	50.1786	40.0000
154.6328	50.2000	40.0000
154.6500	50.2106	40.0000
154.7000	50.2387	40.0000
154.7223	50.2500	40.0000
154.7500	50.2633	40.0000
154.8000	50.2844	40.0000
154.8425	50.3000	40.0000
154.8500	50.3026	40.0000
154.9000	50.3178	40.0000
154.9500	50.3307	40.0000
155.0000	50.3418	40.0000
155.0423	50.3500	40.0000
155.0500	50.3514	40.0000
155.1000	50.3599	40.0000
155.1500	50.3678	40.0000
155.2000	50.3757	40.0000
155.2500	50.3840	40.0000
155.3000	50.3933	40.0000
155.3315	50.4000	40.0000
155.3500	50.4039	40.0000
155.4000	50.4161	40.0000
155.4500	50.4304	40.0000
155.5000	50.4473	40.0000
155.5069	50.4500	40.0000
155.5500	50.4667	40.0000
155.6000	50.4891	40.0000
155.6215	50.5000	40.0000
155.6500	50.5144	40.0000
155.7000	50.5426	40.0000
155.7119	50.5500	40.0000
155.7500	50.5736	40.0000
155.7893	50.6000	40.0000
155.8000	50.6072	40.0000
155.8500	50.6430	40.0000
155.8592	50.6500	40.0000
155.9000	50.6808	40.0000
155.9244	50.7000	40.0000
155.9500	50.7201	40.0000
155.9868	50.7500	40.0000
156.0000	50.7607	40.0000
156.0473	50.8000	40.0000
156.0500	50.8022	40.0000
156.1000	50.8445	40.0000
156.1064	50.8500	40.0000
156.1500	50.8875	40.0000
156.1644	50.9000	40.0000
156.2000	50.9311	40.0000
156.2214	50.9500	40.0000
156.2500	50.9756	40.0000
156.2770	51.0000	40.0000
156.3000	51.0211	40.0000
156.3310	51.0500	40.0000
156.3500	51.0681	40.0000
156.3829	51.1000	40.0000
156.4000	51.1171	40.0000
156.4322	51.1500	40.0000
156.4500	51.1689	40.0000
156.4787	51.2000	40.0000
156.5000	51.2241	40.0000
156.5224	51.2500	40.0000
156.5500	51.2837	40.0000
156.5631	51.3000	40.0000
156.6000	51.3485	40.0000
156.6011	51.3500	40.0000
156.6366	51.4000	40.0000
156.6500	51.4198	40.0000
156.6701	51.4500	40.0000
156.7000	51.4974	40.0000
156.7016	51.5000	40.0000
156.7319	51.5500	40.0000
156.7500	51.5811	40.0000
156.7610	51.6000	40.0000
156.7895	51.6500	40.0000
156.8000	51.6688	40.0000
156.8177	51.7000	40.0000
156.8457	51.7500	40.0000
156.8500	51.7576	40.0000
156.8744	51.8000	40.0000
156.9000	51.8443	40.0000
156.9034	51.8500	40.0000
156.9336	51.9000	40.0000
156.9500	51.9268	40.0000
156.9647	51.9500	40.0000
156.9969	52.0000	40.0000
157.0000	52.0047	40.0000
157.0308	52.0500	40.0000
157.0500	52.0777	40.0000
157.0658	52.1000	40.0000
157.1000	52.1473	40.0000
157.1020	52.1500	40.0000
157.1394	52.2000	40.0000
157.1500	52.2139	40.0000
157.1776	52.2500	40.0000
157.2000	52.2789	40.0000
157.2162	52.3000	40.0000
157.2500	52.3435	40.0000
157.2549	52.3500	40.0000
157.2936	52.4000	40.0000
157.3000	52.4082	40.0000
157.3320	52.4500	40.0000
157.3500	52.4734	40.0000
157.3700	52.5000	40.0000
157.4000	52.5396	40.0000
157.4077	52.5500	40.0000
157.4451	52.6000	40.0000
157.4500	52.6064	40.0000
157.4824	52.6500	40.0000
157.5000	52.6733	40.0000
157.5198	52.7000	40.0000
157.5500	52.7399	40.0000
157.5576	52.7500	40.0000
157.5959	52.8000	40.0000
157.6000	52.8052	40.0000
157.6351	52.8500	40.0000
157.6500	52.8687	40.0000
157.6753	52.9000	40.0000
157.7000	52.9301	40.0000
157.7167	52.9500	40.0000
157.7500	52.9892	40.0000
157.7594	53.0000	40.0000
157.8000	53.0460	40.0000
157.8037	53.0500	40.0000
157.8494	53.1000	40.0000
157.8500	53.1006	40.0000
157.8968	53.1500	40.0000
157.9000	53.1534	40.0000
157.9458	53.2000	40.0000
157.9500	53.2043	40.0000
157.9964	53.2500	40.0000
158.0000	53.2537	40.0000
158.0485	53.3000	40.0000
158.0500	53.3014	40.0000
158.1000	53.3476	40.0000
158.1027	53.3500	40.0000
158.1500	53.3922	40.0000
158.1593	53.4000	40.0000
158.2000	53.4349	40.0000
158.2186	53.4500	40.0000
158.2500	53.4758	40.0000
158.2812	53.5000	40.0000
158.3000	53.5147	40.0000
158.3477	53.5500	40.0000
158.3500	53.5517	40.0000
158.4000	53.5869	40.0000
158.4194	53.6000	40.0000
158.4500	53.6205	40.0000
158.4957	53.6500	40.0000
158.5000	53.6527	40.0000
158.5500	53.6837	40.0000
158.5768	53.7000	40.0000
158.6000	53.7138	40.0000
158.6500	53.7433	40.0000
158.6616	53.7500	40.0000
158.7000	53.7721	40.0000
158.7485	53.8000	40.0000
158.7500	53.8009	40.0000
158.8000	53.8295	40.0000
158.8356	53.8500	40.0000
158.8500	53.8583	40.0000
158.9000	53.8875	40.0000
158.9210	53.9000	40.0000
158.9500	53.9173	40.0000
159.0000	53.9479	40.0000
159.0034	53.9500	40.0000
159.0500	53.9793	40.0000
159.0818	54.0000	40.0000
159.1000	54.0119	40.0000
159.1500	54.0456	40.0000
159.1564	54.0500	40.0000
159.2000	54.0803	40.0000
159.2275	54.1000	40.0000
159.2500	54.1162	40.0000
159.2960	54.1500	40.0000
159.3000	54.1529	40.0000
159.3500	54.1902	40.0000
159.3628	54.2000	40.0000
159.4000	54.2280	40.0000
159.4287	54.2500	40.0000
159.4500	54.2660	40.0000
159.4944	54.3000	40.0000
159.5000	54.3042	40.0000
159.5500	54.3422	40.0000
159.5600	54.3500	40.0000
159.6000	54.3804	40.0000
159.6252	54.4000	40.0000
159.6500	54.4189	40.0000
159.6897	54.4500	40.0000
159.7000	54.4579	40.0000
159.7500	54.4977	40.0000
159.7528	54.5000	40.0000
159.8000	54.5385	40.0000
159.8134	54.5500	40.0000
159.8500	54.5808	40.0000
159.8716	54.6000	40.0000
159.9000	54.6248	40.0000
159.9273	54.6500	40.0000
159.9500	54.6706	40.0000
159.9808	54.7000	40.0000
160.0000	54.7181	40.0000
160.0323	54.7500	40.0000
160.0500	54.7673	40.0000
160.0822	54.8000	40.0000
160.1000	54.8178	40.0000
160.1311	54.8500	40.0000
160.1500	54.8694	40.0000
160.1793	54.9000	40.0000
160.2000	54.9214	40.0000
160.2272	54.9500	40.0000
160.2500	54.9736	40.0000
160.2753	55.0000	40.0000
160.3000	55.0256	40.0000
160.3236	55.0500	40.0000
160.3500	55.0772	40.0000
160.3724	55.1000	40.0000
160.4000	55.1283	40.0000
160.4216	55.1500	40.0000
160.4500	55.1789	40.0000
160.4712	55.2000	40.0000
160.5000	55.2292	40.0000
160.5209	55.2500	40.0000
160.5500	55.2797	40.0000
160.5703	55.3000	40.0000
160.6000	55.3307	40.0000
160.6189	55.3500	40.0000
160.6500	55.3830	40.0000
160.6659	55.4000	40.0000
160.7000	55.4378	40.0000
160.7107	55.4500	40.0000
160.7500	55.4966	40.0000
160.7527	55.5000	40.0000
160.7912	55.5500	40.0000
160.8000	55.5621	40.0000
160.8258	55.6000	40.0000
160.8500	55.6379	40.0000
160.8571	55.6500	40.0000
160.8845	55.7000	40.0000
160.9000	55.7305	40.0000
160.9089	55.7500	40.0000
160.9302	55.8000	40.0000
160.9495	55.8500	40.0000
160.9500	55.8513	40.0000
160.9658	55.9000	40.0000
160.9806	55.9500	40.0000
160.9942	56.0000	40.0000
161.0000	56.0226	40.0000
161.0063	56.0500	40.0000
161.0172	56.1000	40.0000
161.0276	56.1500	40.0000
161.0381	56.2000	40.0000
161.0488	56.2500	40.0000
161.0500	56.2550	40.0000
161.0596	56.3000	40.0000
161.0715	56.3500	40.0000
161.0850	56.4000	40.0000
161.1000	56.4483	40.0000
161.1005	56.4500	40.0000
161.1176	56.5000	40.0000
161.1375	56.5500	40.0000
161.1500	56.5776	40.0000
161.1601	56.6000	40.0000
161.1854	56.6500	40.0000
161.2000	56.6760	40.0000
161.2137	56.7000	40.0000
161.2449	56.7500	40.0000
161.2500	56.7577	40.0000
161.2789	56.8000	40.0000
161.3000	56.8293	40.0000
161.3157	56.8500	40.0000
161.3500	56.8941	40.0000
161.3549	56.9000	40.0000
> 40 contour -Z40
144.8500	48.2636	40.0000
144.9000	48.2797	40.0000
144.9500	48.2888	40.0000
145.0000	48.2888	40.0000
145.0500	48.2783	40.0000
145.1000	48.2565	40.0000
145.1101	48.2500	40.0000
145.1500	48.2191	40.0000
145.1697	48.2000	40.0000
145.2000	48.1651	40.0000
145.2117	48.1500	40.0000
145.2443	48.1000	40.0000
145.2500	48.0887	40.0000
145.2694	48.0500	40.0000
145.2876	48.0000	40.0000
145.2958	47.9500	40.0000
145.2869	47.9000	40.0000
145.2500	47.8542	40.0000
145.2451	47.8500	40.0000
145.2000	47.8282	40.0000
145.1500	47.8129	40.0000
145.1000	47.8038	40.0000
145.0542	47.8000	40.0000
145.0500	47.7997	40.0000
145.0000	47.7996	40.0000
144.9926	47.8000	40.0000
144.9500	47.8028	40.0000
144.9000	47.8093	40.0000
144.8500	47.8190	40.0000
144.8000	47.8316	40.0000
144.7500	47.8474	40.0000
144.7432	47.8500	40.0000
144.7000	47.8708	40.0000
144.6500	47.8998	40.0000
144.6497	47.9000	40.0000
144.6025	47.9500	40.0000
144.6000	47.9570	40.0000
144.5867	48.0000	40.0000
144.5950	48.0500	40.0000
144.6000	48.0584	40.0000
144.6240	48.1000	40.0000
144.6500	48.1282	40.0000
144.6701	48.1500	40.0000
144.7000	48.1742	40.0000
144.7327	48.2000	40.0000
144.7500	48.2111	40.0000
144.8000	48.2407	40.0000
144.8185	48.2500	40.0000
144.8500	48.2636	40.0000
> 40 contour -Z40
130.2000	44.5858	40.0000
130.2208	44.5500	40.0000
130.2500	44.5000	40.0000
130.2500	44.5000	40.0000
130.2789	44.4500	40.0000
130.3000	44.4136	40.0000
130.3078	44.4000	40.0000
130.3365	44.3500	40.0000
130.3500	44.3264	40.0000
130.3650	44.3000	40.0000
130.3931	44.2500	40.0000
130.4000	44.2377	40.0000
130.4209	44.2000	40.0000
130.4482	44.1500	40.0000
130.4500	44.1467	40.0000
130.4750	44.1000	40.0000
130.5000	44.0525	40.0000
130.5013	44.0500	40.0000
130.5268	44.0000	40.0000
130.5500	43.9534	40.0000
130.5517	43.9500	40.0000
130.5757	43.9000	40.0000
130.5989	43.8500	40.0000
130.6000	43.8476	40.0000
130.6212	43.8000	40.0000
130.6425	43.7500	40.0000
130.6500	43.7317	40.0000
130.6628	43.7000	40.0000
130.6821	43.6500	40.0000
130.7000	43.6012	40.0000
130.7004	43.6000	40.0000
130.7176	43.5500	40.0000
130.7336	43.5000	40.0000
130.7487	43.4500	40.0000
130.7500	43.4452	40.0000
130.7625	43.4000	40.0000
130.7753	43.3500	40.0000
130.7869	43.3000	40.0000
130.7975	43.2500	40.0000
130.8000	43.2369	40.0000
130.8069	43.2000	40.0000
130.8153	43.1500	40.0000
130.8225	43.1000	40.0000
130.8286	43.0500	40.0000
130.8337	43.0000	40.0000
130.8377	42.9500	40.0000
130.8406	42.9000	40.0000
130.8424	42.8500	40.0000
130.8431	42.8000	40.0000
130.8428	42.7500	40.0000
130.8413	42.7000	40.0000
130.8388	42.6500	40.0000
130.8352	42.6000	40.0000
130.8305	42.5500	40.0000
130.8248	42.5000	40.0000
130.8179	42.4500	40.0000
130.8101	42.4000	40.0000
130.8011	42.3500	40.0000
130.8000	42.3443	40.0000
130.7910	42.3000	40.0000
130.7797	42.2500	40.0000
130.7675	42.2000	40.0000
130.7542	42.1500	40.0000
130.7500	42.1354	40.0000
130.7396	42.1000	40.0000
130.7239	42.0500	40.0000
130.7071	42.0000	40.0000
130.7000	41.9798	40.0000
130.6890	41.9500	40.0000
130.6697	41.9000	40.0000
130.6500	41.8516	40.0000
130.6493	41.8500	40.0000
130.6271	41.8000	40.0000
130.6039	41.7500	40.0000
130.6000	41.7419	40.0000
130.5787	41.7000	40.0000
130.5523	41.6500	40.0000
130.5500	41.6457	40.0000
130.5234	41.6000	40.0000
130.5000	41.5609	40.0000
130.4929	41.5500	40.0000
130.4597	41.5000	40.0000
130.4500	41.4857	40.0000
130.4236	41.4500	40.0000
130.4000	41.4189	40.0000
130.3842	41.4000	40.0000
130.3500	41.3598	40.0000
> 60 contour -Z60
156.0526	54.9500	60.0000
156.1000	54.9220	60.0000
156.1370	54.9000	60.0000
156.1500	54.8922	60.0000
156.2000	54.8622	60.0000
156.2199	54.8500	60.0000
156.2500	54.8311	60.0000
156.2982	54.8000	60.0000
156.3000	54.7988	60.0000
156.3500	54.7643	60.0000
156.3701	54.7500	60.0000
156.4000	54.7273	60.0000
156.4348	54.7000	60.0000
156.4500	54.6870	60.0000
156.4925	54.6500	60.0000
156.5000	54.6428	60.0000
156.5442	54.6000	60.0000
156.5500	54.5937	60.0000
156.5905	54.5500	60.0000
156.6000	54.5385	60.0000
156.6325	54.5000	60.0000
156.6500	54.4767	60.0000
156.6709	54.4500	60.0000
156.7000	54.4085	60.0000
156.7064	54.4000	60.0000
156.7402	54.3500	60.0000
156.7500	54.3340	60.0000
156.7734	54.3000	60.0000
156.8000	54.2589	60.0000
156.8067	54.2500	60.0000
156.8432	54.2000	60.0000
156.8500	54.1906	60.0000
156.8872	54.1500	60.0000
156.9000	54.1366	60.0000
156.9500	54.1000	60.0000
156.9500	54.1000	60.0000
157.0000	54.0788	60.0000
157.0500	54.0708	60.0000
157.1000	54.0734	60.0000
157.1500	54.0849	60.0000
157.1899	54.1000	60.0000
157.2000	54.1036	60.0000
157.2500	54.1286	60.0000
157.2852	54.1500	60.0000
157.3000	54.1585	60.0000
157.3500	54.1925	60.0000
157.3598	54.2000	60.0000
157.4000	54.2291	60.0000
157.4266	54.2500	60.0000
157.4500	54.2673	60.0000
157.4919	54.3000	60.0000
157.5000	54.3059	60.0000
157.5500	54.3439	60.0000
157.5579	54.3500	60.0000
157.6000	54.3806	60.0000
157.6269	54.4000	60.0000
157.6500	54.4157	60.0000
157.7000	54.4490	60.0000
157.7016	54.4500	60.0000
157.7500	54.4802	60.0000
157.7831	54.5000	60.0000
157.8000	54.5097	60.0000
157.8500	54.5375	60.0000
157.8733	54.5500	60.0000
157.9000	54.5639	60.0000
157.9500	54.5891	60.0000
157.9723	54.6000	60.0000
158.0000	54.6134	60.0000
158.0500	54.6369	60.0000
158.0782	54.6500	60.0000
158.1000	54.6601	60.0000
158.1500	54.6832	60.0000
158.1863	54.7000	60.0000
158.2000	54.7064	60.0000
158.2500	54.7302	60.0000
158.2905	54.7500	60.0000
158.3000	54.7547	60.0000
158.3500	54.7805	60.0000
158.3865	54.8000	60.0000
158.4000	54.8074	60.0000
158.4500	54.8362	60.0000
158.4730	54.8500	60.0000
158.5000	54.8668	60.0000
158.5500	54.8993	60.0000
158.5511	54.9000	60.0000
158.6000	54.9345	60.0000
158.6211	54.9500	60.0000
158.6500	54.9720	60.0000
158.6854	55.0000	60.0000
158.7000	55.0119	60.0000
158.7449	55.0500	60.0000
158.7500	55.0545	60.0000
158.8000	55.0997	60.0000
158.8004	55.1000	60.0000
158.8500	55.1475	60.0000
158.8525	55.1500	60.0000
158.9000	55.1978	60.0000
158.9021	55.2000	60.0000
158.9496	55.2500	60.0000
158.9500	55.2504	60.0000
158.9954	55.3000	60.0000
159.0000	55.3052	60.0000
159.0398	55.3500	60.0000
159.0500	55.3617	60.0000
159.0835	55.4000	60.0000
159.1000	55.4193	60.0000
159.1266	55.4500	60.0000
159.1500	55.4774	60.0000
159.1697	55.5000	60.0000
159.2000	55.5351	60.0000
159.2133	55.5500	60.0000
159.2500	55.5913	60.0000
159.2580	55.6000	60.0000
159.3000	55.6453	60.0000
159.3046	55.6500	60.0000
159.3500	55.6962	60.0000
159.3539	55.7000	60.0000
159.4000	55.7438	60.0000
159.4068	55.7500	60.0000
159.4500	55.7880	60.0000
159.4642	55.8000	60.0000
159.5000	55.8292	60.0000
159.5262	55.8500	60.0000
159.5500	55.8681	60.0000
159.5927	55.9000	60.0000
159.6000	55.9052	60.0000
159.6500	55.9413	60.0000
159.6618	55.9500	60.0000
159.7000	55.9770	60.0000
159.7316	56.0000	60.0000
159.7500	56.0130	60.0000
159.8000	56.0497	60.0000
159.8004	56.0500	60.0000
159.8500	56.0876	60.0000
159.8656	56.1000	60.0000
159.9000	56.1271	60.0000
159.9277	56.1500	60.0000
159.9500	56.1685	60.0000
159.9863	56.2000	60.0000
160.0000	56.2120	60.0000
160.0414	56.2500	60.0000
160.0500	56.2580	60.0000
160.0932	56.3000	60.0000
160.1000	56.3068	60.0000
160.1419	56.3500	60.0000
160.1500	56.3586	60.0000
160.1879	56.4000	60.0000
160.2000	56.4138	60.0000
160.2312	56.4500	60.0000
160.2500	56.4727	60.0000
160.2723	56.5000	60.0000
160.3000	56.5355	60.0000
160.3112	56.5500	60.0000
160.3481	56.6000	60.0000
160.3500	56.6026	60.0000
160.3831	56.6500	60.0000
160.4000	56.6752	60.0000
160.4164	56.7000	60.0000
160.4483	56.7500	60.0000
160.4500	56.7529	60.0000
160.4783	56.8000	60.0000
160.5000	56.8377	60.0000
160.5070	56.8500	60.0000
160.5341	56.9000	60.0000
> 60 contour -Z60
154.5798	55.5500	60.0000
154.5962	55.5000	60.0000
154.6000	55.4885	60.0000
154.6143	55.4500	60.0000
154.6338	55.4000	60.0000
154.6500	55.3608	60.0000
154.6549	55.3500	60.0000
154.6769	55.3000	60.0000
154.6993	55.2500	60.0000
154.7000	55.2483	60.0000
154.7205	55.2000	60.0000
154.7399	55.1500	60.0000
154.7500	55.1192	60.0000
154.7562	55.1000	60.0000
154.7680	55.0500	60.0000
154.7748	55.0000	60.0000
154.7756	54.9500	60.0000
154.7693	54.9000	60.0000
154.7550	54.8500	60.0000
154.7500	54.8389	60.0000
154.7288	54.8000	60.0000
154.7000	54.7620	60.0000
154.6888	54.7500	60.0000
154.6500	54.7165	60.0000
154.6263	54.7000	60.0000
154.6000	54.6843	60.0000
154.5500	54.6598	60.0000
154.5258	54.6500	60.0000
154.5000	54.6406	60.0000
154.4500	54.6251	60.0000
154.4000	54.6115	60.0000
154.3535	54.6000	60.0000
154.3500	54.5992	60.0000
154.3000	54.5882	60.0000
154.2500	54.5771	60.0000
154.2000	54.5654	60.0000
154.1500	54.5527	60.0000
154.1403	54.5500	60.0000
154.1000	54.5395	60.0000
154.0500	54.5248	60.0000
154.0000	54.5083	60.0000
153.9778	54.5000	60.0000
153.9500	54.4902	60.0000
153.9000	54.4701	60.0000
153.8556	54.4500	60.0000
153.8500	54.4476	60.0000
153.8000	54.4225	60.0000
153.7601	54.4000	60.0000
153.7500	54.3943	60.0000
153.7000	54.3626	60.0000
153.6822	54.3500	60.0000
153.6500	54.3269	60.0000
153.6165	54.3000	60.0000
153.6000	54.2864	60.0000
153.5599	54.2500	60.0000
153.5500	54.2406	60.0000
153.5107	54.2000	60.0000
153.5000	54.1884	60.0000
153.4672	54.1500	60.0000
153.4500	54.1285	60.0000
153.4285	54.1000	60.0000
153.4000	54.0593	60.0000
153.3938	54.0500	60.0000
153.3629	54.0000	60.0000
153.3500	53.9770	60.0000
153.3352	53.9500	60.0000
153.3104	53.9000	60.0000
153.3000	53.8766	60.0000
153.2882	53.8500	60.0000
153.2684	53.8000	60.0000
153.2505	53.7500	60.0000
153.2500	53.7485	60.0000
153.2342	53.7000	60.0000
153.2194	53.6500	60.0000
153.2056	53.6000	60.0000
153.2000	53.5781	60.0000
153.1925	53.5500	60.0000
153.1796	53.5000	60.0000
153.1666	53.4500	60.0000
153.1533	53.4000	60.0000
153.1500	53.3884	60.0000
153.1386	53.3500	60.0000
153.1224	53.3000	60.0000
153.1045	53.2500	60.0000
153.1000	53.2387	60.0000
153.0837	53.2000	60.0000
153.0601	53.1500	60.0000
153.0500	53.1307	60.0000
153.0329	53.1000	60.0000
153.0023	53.0500	60.0000
153.0000	53.0467	60.0000
152.9669	53.0000	60.0000
152.9500	52.9782	60.0000
152.9273	52.9500	60.0000
152.9000	52.9186	60.0000
152.8834	52.9000	60.0000
152.8500	52.8650	60.0000
152.8354	52.8500	60.0000
152.8000	52.8157	60.0000
152.7837	52.8000	60.0000
152.7500	52.7691	60.0000
152.7292	52.7500	60.0000
152.7000	52.7243	60.0000
152.6726	52.7000	60.0000
152.6500	52.6807	60.0000
152.6147	52.6500	60.0000
152.6000	52.6377	60.0000
152.5560	52.6000	60.0000
152.5500	52.5951	60.0000
152.5000	52.5528	60.0000
152.4967	52.5500	60.0000
152.4500	52.5109	60.0000
152.4373	52.5000	60.0000
152.4000	52.4689	60.0000
152.3780	52.4500	60.0000
152.3500	52.4268	60.0000
152.3189	52.4000	60.0000
152.3000	52.3843	60.0000
152.2602	52.3500	60.0000
152.2500	52.3416	60.0000
152.2019	52.3000	60.0000
152.2000	52.2985	60.0000
152.1500	52.2552	60.0000
152.1442	52.2500	60.0000
152.1000	52.2117	60.0000
152.0870	52.2000	60.0000
152.0500	52.1678	60.0000
152.0302	52.1500	60.0000
152.0000	52.1237	60.0000
151.9736	52.1000	60.0000
151.9500	52.0795	60.0000
151.9168	52.0500	60.0000
151.9000	52.0355	60.0000
151.8595	52.0000	60.0000
151.8500	51.9919	60.0000
151.8013	51.9500	60.0000
151.8000	51.9489	60.0000
151.7500	51.9070	60.0000
151.7416	51.9000	60.0000
151.7000	51.8661	60.0000
151.6801	51.8500	60.0000
151.6500	51.8263	60.0000
151.6161	51.8000	60.0000
151.6000	51.7878	60.0000
151.5500	51.7504	60.0000
151.5494	51.7500	60.0000
151.5000	51.7145	60.0000
151.4794	51.7000	60.0000
151.4500	51.6796	60.0000
151.4067	51.6500	60.0000
151.4000	51.6455	60.0000
151.3500	51.6123	60.0000
151.3314	51.6000	60.0000
151.3000	51.5794	60.0000
151.2549	51.5500	60.0000
151.2500	51.5468	60.0000
151.2000	51.5143	60.0000
151.1782	51.5000	60.0000
151.1500	51.4815	60.0000
151.1024	51.4500	60.0000
151.1000	51.4484	60.0000
151.0500	51.4150	60.0000
151.0279	51.4000	60.0000
151.0000	51.3809	60.0000
150.9551	51.3500	60.0000
150.9500	51.3464	60.0000
150.9000	51.3115	60.0000
150.8836	51.3000	60.0000
150.8500	51.2762	60.0000
150.8130	51.2500	60.0000
150.8000	51.2407	60.0000
150.7500	51.2050	60.0000
150.7429	51.2000	60.0000
150.7000	51.1693	60.0000
150.6728	51.1500	60.0000
150.6500	51.1335	60.0000
150.6031	51.1000	60.0000
150.6000	51.0978	60.0000
150.5500	51.0619	60.0000
150.5332	51.0500	60.0000
150.5000	51.0259	60.0000
150.4641	51.0000	60.0000
150.4500	50.9896	60.0000
150.4000	50.9529	60.0000
150.3960	50.9500	60.0000
150.3500	50.9156	60.0000
150.3292	50.9000	60.0000
150.3000	50.8776	60.0000
150.2641	50.8500	60.0000
150.2500	50.8388	60.0000
150.2009	50.8000	60.0000
150.2000	50.7992	60.0000
150.1500	50.7587	60.0000
150.1391	50.7500	60.0000
150.1000	50.7175	60.0000
150.0786	50.7000	60.0000
150.0500	50.6758	60.0000
150.0188	50.6500	60.0000
150.0000	50.6339	60.0000
149.9591	50.6000	60.0000
149.9500	50.5922	60.0000
149.9000	50.5509	60.0000
149.8989	50.5500	60.0000
149.8500	50.5103	60.0000
149.8365	50.5000	60.0000
149.8000	50.4711	60.0000
149.7716	50.4500	60.0000
149.7500	50.4335	60.0000
149.7028	50.4000	60.0000
149.7000	50.3979	60.0000
149.6500	50.3645	60.0000
149.6261	50.3500	60.0000
149.6000	50.3337	60.0000
149.5500	50.3057	60.0000
149.5382	50.3000	60.0000
149.5000	50.2807	60.0000
149.4500	50.2591	60.0000
149.4241	50.2500	60.0000
149.4000	50.2411	60.0000
149.3500	50.2268	60.0000
149.3000	50.2167	60.0000
149.2500	50.2109	60.0000
149.2000	50.2094	60.0000
149.1500	50.2122	60.0000
149.1000	50.2189	60.0000
149.0500	50.2287	60.0000
149.0000	50.2410	60.0000
148.9670	50.2500	60.0000
148.9500	50.2542	60.0000
148.9000	50.2667	60.0000
148.8500	50.2786	60.0000
148.8000	50.2890	60.0000
148.7500	50.2976	60.0000
148.7321	50.3000	60.0000
148.7000	50.3037	60.0000
148.6500	50.3077	60.0000
148.6000	50.3098	60.0000
148.5500	50.3100	60.0000
148.5000	50.3085	60.0000
148.4500	50.3055	60.0000
148.4000	50.3010	60.0000
148.3914	50.3000	60.0000
148.3500	50.2951	60.0000
148.3000	50.2879	60.0000
148.2500	50.2798	60.0000
148.2000	50.2708	60.0000
148.1500	50.2610	60.0000
148.1000	50.2506	60.0000
148.0973	50.2500	60.0000
148.0500	50.2393	60.0000
148.0000	50.2275	60.0000
147.9500	50.2156	60.0000
147.9000	50.2035	60.0000
147.8857	50.2000	60.0000
147.8500	50.1911	60.0000
147.8000	50.1789	60.0000
147.7500	50.1671	60.0000
147.7000	50.1559	60.0000
147.6721	50.1500	60.0000
147.6500	50.1452	60.0000
147.6000	50.1355	60.0000
147.5500	50.1269	60.0000
147.5000	50.1196	60.0000
147.4500	50.1139	60.0000
147.4000	50.1099	60.0000
147.3500	50.1077	60.0000
147.3000	50.1075	60.0000
147.2500	50.1096	60.0000
147.2000	50.1139	60.0000
147.1500	50.1206	60.0000
147.1000	50.1298	60.0000
147.0500	50.1415	60.0000
147.0191	50.1500	60.0000
