> -120 contour -Z-120
291.3668	18.3400	-120.0000
291.3800	18.3359	-120.0000
291.4000	18.3300	-120.0000
291.4200	18.3245	-120.0000
291.4376	18.3200	-120.0000
291.4400	18.3194	-120.0000
291.4600	18.3147	-120.0000
291.4800	18.3104	-120.0000
291.5000	18.3066	-120.0000
291.5200	18.3032	-120.0000
291.5400	18.3002	-120.0000
291.5419	18.3000	-120.0000
291.5600	18.2977	-120.0000
291.5800	18.2955	-120.0000
291.6000	18.2936	-120.0000
291.6200	18.2922	-120.0000
291.6400	18.2910	-120.0000
291.6600	18.2902	-120.0000
291.6800	18.2896	-120.0000
291.7000	18.2892	-120.0000
> -100 contour -Z-100
290.3941	18.3400	-100.0000
290.4000	18.3378	-100.0000
290.4200	18.3305	-100.0000
290.4400	18.3233	-100.0000
290.4497	18.3200	-100.0000
290.4600	18.3164	-100.0000
290.4800	18.3097	-100.0000
290.5000	18.3035	-100.0000
290.5118	18.3000	-100.0000
290.5200	18.2975	-100.0000
290.5400	18.2920	-100.0000
290.5600	18.2869	-100.0000
290.5800	18.2823	-100.0000
290.5914	18.2800	-100.0000
290.6000	18.2782	-100.0000
290.6200	18.2746	-100.0000
290.6400	18.2714	-100.0000
290.6600	18.2688	-100.0000
290.6800	18.2666	-100.0000
290.7000	18.2649	-100.0000
290.7200	18.2637	-100.0000
290.7400	18.2628	-100.0000
290.7600	18.2624	-100.0000
290.7800	18.2623	-100.0000
290.8000	18.2626	-100.0000
290.8200	18.2631	-100.0000
290.8400	18.2639	-100.0000
290.8600	18.2649	-100.0000
290.8800	18.2661	-100.0000
290.9000	18.2673	-100.0000
290.9200	18.2687	-100.0000
290.9400	18.2700	-100.0000
290.9600	18.2713	-100.0000
290.9800	18.2725	-100.0000
291.0000	18.2734	-100.0000
291.0200	18.2741	-100.0000
291.0400	18.2745	-100.0000
291.0600	18.2746	-100.0000
291.0800	18.2741	-100.0000
291.1000	18.2732	-100.0000
291.1200	18.2718	-100.0000
291.1400	18.2700	-100.0000
291.1600	18.2676	-100.0000
291.1800	18.2647	-100.0000
291.2000	18.2615	-100.0000
291.2083	18.2600	-100.0000
291.2200	18.2579	-100.0000
291.2400	18.2540	-100.0000
291.2600	18.2499	-100.0000
291.2800	18.2457	-100.0000
291.3000	18.2415	-100.0000
291.3073	18.2400	-100.0000
291.3200	18.2374	-100.0000
291.3400	18.2333	-100.0000
291.3600	18.2293	-100.0000
291.3800	18.2256	-100.0000
291.4000	18.2222	-100.0000
291.4135	18.2200	-100.0000
291.4200	18.2190	-100.0000
291.4400	18.2160	-100.0000
291.4600	18.2133	-100.0000
291.4800	18.2110	-100.0000
291.5000	18.2090	-100.0000
291.5200	18.2072	-100.0000
291.5400	18.2058	-100.0000
291.5600	18.2046	-100.0000
291.5800	18.2037	-100.0000
291.6000	18.2030	-100.0000
291.6200	18.2025	-100.0000
291.6400	18.2022	-100.0000
291.6600	18.2021	-100.0000
291.6800	18.2022	-100.0000
291.7000	18.2024	-100.0000
291.7200	18.2028	-100.0000
291.7400	18.2032	-100.0000
291.7600	18.2038	-100.0000
291.7800	18.2044	-100.0000
291.8000	18.2051	-100.0000
291.8200	18.2058	-100.0000
291.8400	18.2066	-100.0000
291.8600	18.2074	-100.0000
291.8800	18.2082	-100.0000
291.9000	18.2091	-100.0000
291.9200	18.2099	-100.0000
291.9400	18.2108	-100.0000
291.9600	18.2117	-100.0000
291.9800	18.2127	-100.0000
292.0000	18.2136	-100.0000
292.0200	18.2146	-100.0000
292.0400	18.2157	-100.0000
292.0600	18.2167	-100.0000
292.0800	18.2178	-100.0000
292.1000	18.2190	-100.0000
292.1172	18.2200	-100.0000
292.1200	18.2202	-100.0000
292.1400	18.2214	-100.0000
292.1600	18.2226	-100.0000
292.1800	18.2239	-100.0000
292.2000	18.2253	-100.0000
292.2200	18.2267	-100.0000
292.2400	18.2281	-100.0000
292.2600	18.2296	-100.0000
292.2800	18.2311	-100.0000
292.3000	18.2326	-100.0000
292.3200	18.2341	-100.0000
292.3400	18.2356	-100.0000
292.3600	18.2371	-100.0000
292.3800	18.2386	-100.0000
292.3988	18.2400	-100.0000
292.4000	18.2401	-100.0000
292.4200	18.2415	-100.0000
292.4400	18.2430	-100.0000
292.4600	18.2444	-100.0000
292.4800	18.2458	-100.0000
292.5000	18.2472	-100.0000
292.5200	18.2487	-100.0000
292.5400	18.2501	-100.0000
> -80 contour -Z-80
289.8782	18.3800	-80.0000
289.8800	18.3797	-80.0000
289.9000	18.3761	-80.0000
289.9200	18.3724	-80.0000
289.9400	18.3687	-80.0000
289.9600	18.3648	-80.0000
289.9800	18.3609	-80.0000
289.9846	18.3600	-80.0000
290.0000	18.3569	-80.0000
290.0200	18.3527	-80.0000
290.0400	18.3483	-80.0000
290.0600	18.3438	-80.0000
290.0762	18.3400	-80.0000
290.0800	18.3391	-80.0000
290.1000	18.3341	-80.0000
290.1200	18.3289	-80.0000
290.1400	18.3234	-80.0000
290.1519	18.3200	-80.0000
290.1600	18.3177	-80.0000
290.1800	18.3116	-80.0000
290.2000	18.3052	-80.0000
290.2158	18.3000	-80.0000
290.2200	18.2986	-80.0000
290.2400	18.2916	-80.0000
290.2600	18.2845	-80.0000
290.2721	18.2800	-80.0000
290.2800	18.2770	-80.0000
290.3000	18.2694	-80.0000
290.3200	18.2616	-80.0000
290.3242	18.2600	-80.0000
290.3400	18.2537	-80.0000
290.3600	18.2458	-80.0000
290.3747	18.2400	-80.0000
290.3800	18.2379	-80.0000
290.4000	18.2300	-80.0000
290.4200	18.2223	-80.0000
290.4261	18.2200	-80.0000
290.4400	18.2147	-80.0000
290.4600	18.2074	-80.0000
290.4800	18.2005	-80.0000
290.4814	18.2000	-80.0000
290.5000	18.1937	-80.0000
290.5200	18.1874	-80.0000
290.5400	18.1815	-80.0000
290.5456	18.1800	-80.0000
290.5600	18.1760	-80.0000
290.5800	18.1709	-80.0000
290.6000	18.1663	-80.0000
290.6200	18.1621	-80.0000
290.6313	18.1600	-80.0000
290.6400	18.1583	-80.0000
290.6600	18.1549	-80.0000
290.6800	18.1519	-80.0000
290.7000	18.1493	-80.0000
290.7200	18.1471	-80.0000
290.7400	18.1451	-80.0000
290.7600	18.1435	-80.0000
290.7800	18.1421	-80.0000
290.8000	18.1409	-80.0000
290.8185	18.1400	-80.0000
290.8200	18.1399	-80.0000
290.8400	18.1391	-80.0000
290.8600	18.1383	-80.0000
290.8800	18.1377	-80.0000
290.9000	18.1370	-80.0000
290.9200	18.1364	-80.0000
290.9400	18.1358	-80.0000
290.9600	18.1351	-80.0000
290.9800	18.1343	-80.0000
291.0000	18.1335	-80.0000
291.0200	18.1325	-80.0000
291.0400	18.1313	-80.0000
291.0600	18.1300	-80.0000
291.0800	18.1285	-80.0000
291.1000	18.1269	-80.0000
291.1200	18.1251	-80.0000
291.1400	18.1232	-80.0000
291.1600	18.1211	-80.0000
291.1708	18.1200	-80.0000
291.1800	18.1190	-80.0000
291.2000	18.1168	-80.0000
291.2200	18.1146	-80.0000
291.2400	18.1124	-80.0000
291.2600	18.1102	-80.0000
291.2800	18.1081	-80.0000
291.3000	18.1061	-80.0000
291.3200	18.1042	-80.0000
291.3400	18.1025	-80.0000
291.3600	18.1009	-80.0000
291.3733	18.1000	-80.0000
291.3800	18.0995	-80.0000
291.4000	18.0983	-80.0000
291.4200	18.0972	-80.0000
291.4400	18.0964	-80.0000
291.4600	18.0957	-80.0000
291.4800	18.0952	-80.0000
291.5000	18.0949	-80.0000
291.5200	18.0948	-80.0000
291.5400	18.0949	-80.0000
291.5600	18.0951	-80.0000
291.5800	18.0955	-80.0000
291.6000	18.0960	-80.0000
291.6200	18.0966	-80.0000
291.6400	18.0973	-80.0000
291.6600	18.0982	-80.0000
291.6800	18.0991	-80.0000
291.6985	18.1000	-80.0000
291.7000	18.1001	-80.0000
291.7200	18.1010	-80.0000
291.7400	18.1021	-80.0000
291.7600	18.1031	-80.0000
291.7800	18.1041	-80.0000
291.8000	18.1052	-80.0000
291.8200	18.1062	-80.0000
291.8400	18.1072	-80.0000
291.8600	18.1082	-80.0000
291.8800	18.1092	-80.0000
291.9000	18.1101	-80.0000
291.9200	18.1110	-80.0000
291.9400	18.1119	-80.0000
291.9600	18.1127	-80.0000
291.9800	18.1136	-80.0000
292.0000	18.1144	-80.0000
292.0200	18.1152	-80.0000
292.0400	18.1160	-80.0000
292.0600	18.1168	-80.0000
292.0800	18.1176	-80.0000
292.1000	18.1185	-80.0000
292.1200	18.1193	-80.0000
292.1341	18.1200	-80.0000
292.1400	18.1203	-80.0000
292.1600	18.1212	-80.0000
292.1800	18.1222	-80.0000
292.2000	18.1233	-80.0000
292.2200	18.1244	-80.0000
292.2400	18.1256	-80.0000
292.2600	18.1269	-80.0000
292.2800	18.1282	-80.0000
292.3000	18.1296	-80.0000
292.3200	18.1311	-80.0000
292.3400	18.1327	-80.0000
292.3600	18.1343	-80.0000
292.3800	18.1360	-80.0000
292.4000	18.1378	-80.0000
292.4200	18.1396	-80.0000
292.4242	18.1400	-80.0000
292.4400	18.1414	-80.0000
292.4600	18.1433	-80.0000
292.4800	18.1451	-80.0000
292.5000	18.1470	-80.0000
292.5200	18.1489	-80.0000
292.5400	18.1509	-80.0000
292.5600	18.1528	-80.0000
292.5800	18.1548	-80.0000
292.6000	18.1568	-80.0000
292.6200	18.1588	-80.0000
292.6322	18.1600	-80.0000
292.6400	18.1608	-80.0000
292.6600	18.1628	-80.0000
292.6800	18.1648	-80.0000
292.7000	18.1669	-80.0000
292.7200	18.1690	-80.0000
292.7400	18.1712	-80.0000
292.7600	18.1734	-80.0000
292.7800	18.1758	-80.0000
292.8000	18.1782	-80.0000
292.8141	18.1800	-80.0000
292.8200	18.1807	-80.0000
292.8400	18.1833	-80.0000
292.8600	18.1861	-80.0000
292.8800	18.1889	-80.0000
292.9000	18.1919	-80.0000
292.9200	18.1950	-80.0000
292.9400	18.1982	-80.0000
292.9504	18.2000	-80.0000
292.9600	18.2016	-80.0000
292.9800	18.2050	-80.0000
293.0000	18.2086	-80.0000
293.0200	18.2122	-80.0000
293.0400	18.2159	-80.0000
293.0600	18.2197	-80.0000
293.0615	18.2200	-80.0000
293.0800	18.2235	-80.0000
293.1000	18.2272	-80.0000
293.1200	18.2310	-80.0000
293.1400	18.2348	-80.0000
293.1600	18.2385	-80.0000
293.1682	18.2400	-80.0000
293.1800	18.2421	-80.0000
293.2000	18.2457	-80.0000
293.2200	18.2491	-80.0000
293.2400	18.2526	-80.0000
293.2600	18.2559	-80.0000
293.2800	18.2592	-80.0000
293.2850	18.2600	-80.0000
293.3000	18.2624	-80.0000
293.3200	18.2655	-80.0000
293.3400	18.2685	-80.0000
293.3600	18.2715	-80.0000
293.3800	18.2745	-80.0000
293.4000	18.2775	-80.0000
293.4173	18.2800	-80.0000
> -60 contour -Z-60
289.1600	18.3857	-60.0000
289.1758	18.3800	-60.0000
289.1800	18.3785	-60.0000
289.2000	18.3712	-60.0000
289.2200	18.3642	-60.0000
289.2326	18.3600	-60.0000
289.2400	18.3575	-60.0000
289.2600	18.3510	-60.0000
289.2800	18.3450	-60.0000
289.2979	18.3400	-60.0000
289.3000	18.3394	-60.0000
289.3200	18.3341	-60.0000
289.3400	18.3293	-60.0000
289.3600	18.3250	-60.0000
289.3800	18.3210	-60.0000
289.3855	18.3200	-60.0000
289.4000	18.3174	-60.0000
289.4200	18.3141	-60.0000
289.4400	18.3111	-60.0000
289.4600	18.3085	-60.0000
289.4800	18.3061	-60.0000
289.5000	18.3039	-60.0000
289.5200	18.3019	-60.0000
289.5400	18.3000	-60.0000
289.5400	18.3000	-60.0000
289.5600	18.2982	-60.0000
289.5800	18.2964	-60.0000
289.6000	18.2947	-60.0000
289.6200	18.2929	-60.0000
289.6400	18.2912	-60.0000
289.6600	18.2894	-60.0000
289.6800	18.2875	-60.0000
289.7000	18.2856	-60.0000
289.7200	18.2836	-60.0000
289.7400	18.2814	-60.0000
289.7529	18.2800	-60.0000
289.7600	18.2792	-60.0000
289.7800	18.2768	-60.0000
289.8000	18.2744	-60.0000
289.8200	18.2718	-60.0000
289.8400	18.2691	-60.0000
289.8600	18.2663	-60.0000
289.8800	18.2634	-60.0000
289.9000	18.2603	-60.0000
289.9022	18.2600	-60.0000
289.9200	18.2571	-60.0000
289.9400	18.2537	-60.0000
289.9600	18.2501	-60.0000
289.9800	18.2464	-60.0000
290.0000	18.2425	-60.0000
290.0120	18.2400	-60.0000
290.0200	18.2383	-60.0000
290.0400	18.2338	-60.0000
290.0600	18.2291	-60.0000
290.0800	18.2241	-60.0000
290.0956	18.2200	-60.0000
290.1000	18.2188	-60.0000
290.1200	18.2131	-60.0000
290.1400	18.2071	-60.0000
290.1600	18.2008	-60.0000
290.1624	18.2000	-60.0000
290.1800	18.1940	-60.0000
290.2000	18.1870	-60.0000
290.2191	18.1800	-60.0000
290.2200	18.1797	-60.0000
290.2400	18.1719	-60.0000
290.2600	18.1640	-60.0000
290.2699	18.1600	-60.0000
290.2800	18.1558	-60.0000
290.3000	18.1475	-60.0000
290.3178	18.1400	-60.0000
290.3200	18.1391	-60.0000
290.3400	18.1305	-60.0000
290.3600	18.1220	-60.0000
290.3648	18.1200	-60.0000
290.3800	18.1135	-60.0000
290.4000	18.1052	-60.0000
290.4130	18.1000	-60.0000
290.4200	18.0971	-60.0000
290.4400	18.0892	-60.0000
290.4600	18.0817	-60.0000
290.4647	18.0800	-60.0000
290.4800	18.0744	-60.0000
290.5000	18.0674	-60.0000
290.5200	18.0609	-60.0000
290.5229	18.0600	-60.0000
290.5400	18.0546	-60.0000
290.5600	18.0488	-60.0000
290.5800	18.0433	-60.0000
290.5931	18.0400	-60.0000
290.6000	18.0382	-60.0000
290.6200	18.0334	-60.0000
290.6400	18.0289	-60.0000
290.6600	18.0248	-60.0000
290.6800	18.0209	-60.0000
290.6850	18.0200	-60.0000
290.7000	18.0172	-60.0000
290.7200	18.0138	-60.0000
290.7400	18.0106	-60.0000
290.7600	18.0075	-60.0000
290.7800	18.0046	-60.0000
290.8000	18.0019	-60.0000
290.8139	18.0000	-60.0000
290.8200	17.9992	-60.0000
290.8400	17.9965	-60.0000
290.8600	17.9939	-60.0000
290.8800	17.9914	-60.0000
290.9000	17.9888	-60.0000
290.9200	17.9863	-60.0000
290.9400	17.9838	-60.0000
290.9600	17.9813	-60.0000
290.9706	17.9800	-60.0000
290.9800	17.9788	-60.0000
291.0000	17.9763	-60.0000
291.0200	17.9738	-60.0000
291.0400	17.9713	-60.0000
291.0600	17.9689	-60.0000
291.0800	17.9666	-60.0000
291.1000	17.9643	-60.0000
291.1200	17.9622	-60.0000
291.1400	17.9601	-60.0000
291.1413	17.9600	-60.0000
291.1600	17.9582	-60.0000
291.1800	17.9564	-60.0000
291.2000	17.9548	-60.0000
291.2200	17.9533	-60.0000
291.2400	17.9520	-60.0000
291.2600	17.9509	-60.0000
291.2800	17.9500	-60.0000
291.3000	17.9493	-60.0000
291.3200	17.9487	-60.0000
291.3400	17.9484	-60.0000
291.3600	17.9482	-60.0000
291.3800	17.9482	-60.0000
291.4000	17.9484	-60.0000
291.4200	17.9488	-60.0000
291.4400	17.9493	-60.0000
291.4600	17.9500	-60.0000
291.4800	17.9508	-60.0000
291.5000	17.9518	-60.0000
291.5200	17.9529	-60.0000
291.5400	17.9542	-60.0000
291.5600	17.9555	-60.0000
291.5800	17.9570	-60.0000
291.6000	17.9586	-60.0000
291.6172	17.9600	-60.0000
291.6200	17.9602	-60.0000
291.6400	17.9619	-60.0000
291.6600	17.9636	-60.0000
291.6800	17.9654	-60.0000
291.7000	17.9673	-60.0000
291.7200	17.9691	-60.0000
291.7400	17.9710	-60.0000
291.7600	17.9729	-60.0000
291.7800	17.9748	-60.0000
291.8000	17.9767	-60.0000
291.8200	17.9785	-60.0000
291.8364	17.9800	-60.0000
291.8400	17.9803	-60.0000
291.8600	17.9820	-60.0000
291.8800	17.9835	-60.0000
291.9000	17.9851	-60.0000
291.9200	17.9865	-60.0000
291.9400	17.9879	-60.0000
291.9600	17.9892	-60.0000
291.9800	17.9904	-60.0000
292.0000	17.9915	-60.0000
292.0200	17.9926	-60.0000
292.0400	17.9936	-60.0000
292.0600	17.9945	-60.0000
292.0800	17.9954	-60.0000
292.1000	17.9962	-60.0000
292.1200	17.9971	-60.0000
292.1400	17.9979	-60.0000
292.1600	17.9987	-60.0000
292.1800	17.9995	-60.0000
292.1909	18.0000	-60.0000
292.2000	18.0004	-60.0000
292.2200	18.0013	-60.0000
292.2400	18.0023	-60.0000
292.2600	18.0033	-60.0000
292.2800	18.0045	-60.0000
292.3000	18.0058	-60.0000
292.3200	18.0072	-60.0000
292.3400	18.0088	-60.0000
292.3600	18.0105	-60.0000
292.3800	18.0124	-60.0000
292.4000	18.0145	-60.0000
292.4200	18.0167	-60.0000
292.4400	18.0191	-60.0000
292.4474	18.0200	-60.0000
292.4600	18.0215	-60.0000
292.4800	18.0240	-60.0000
292.5000	18.0266	-60.0000
292.5200	18.0292	-60.0000
292.5400	18.0319	-60.0000
292.5600	18.0347	-60.0000
292.5800	18.0374	-60.0000
292.5993	18.0400	-60.0000
292.6000	18.0401	-60.0000
292.6200	18.0426	-60.0000
292.6400	18.0451	-60.0000
292.6600	18.0476	-60.0000
292.6800	18.0499	-60.0000
292.7000	18.0522	-60.0000
292.7200	18.0544	-60.0000
292.7400	18.0565	-60.0000
292.7600	18.0586	-60.0000
292.7745	18.0600	-60.0000
292.7800	18.0605	-60.0000
292.8000	18.0624	-60.0000
292.8200	18.0642	-60.0000
292.8400	18.0660	-60.0000
292.8600	18.0678	-60.0000
292.8800	18.0696	-60.0000
292.9000	18.0715	-60.0000
292.9200	18.0735	-60.0000
292.9400	18.0755	-60.0000
292.9600	18.0777	-60.0000
292.9800	18.0799	-60.0000
292.9804	18.0800	-60.0000
293.0000	18.0823	-60.0000
293.0200	18.0849	-60.0000
293.0400	18.0876	-60.0000
293.0600	18.0904	-60.0000
293.0800	18.0935	-60.0000
293.1000	18.0968	-60.0000
293.1191	18.1000	-60.0000
293.1200	18.1002	-60.0000
293.1400	18.1036	-60.0000
293.1600	18.1072	-60.0000
293.1800	18.1108	-60.0000
293.2000	18.1146	-60.0000
293.2200	18.1184	-60.0000
293.2283	18.1200	-60.0000
293.2400	18.1222	-60.0000
293.2600	18.1259	-60.0000
293.2800	18.1297	-60.0000
293.3000	18.1334	-60.0000
293.3200	18.1371	-60.0000
293.3362	18.1400	-60.0000
293.3400	18.1407	-60.0000
293.3600	18.1441	-60.0000
293.3800	18.1475	-60.0000
293.4000	18.1509	-60.0000
293.4200	18.1541	-60.0000
293.4400	18.1573	-60.0000
293.4569	18.1600	-60.0000
293.4600	18.1605	-60.0000
293.4800	18.1635	-60.0000
293.5000	18.1664	-60.0000
293.5200	18.1693	-60.0000
293.5400	18.1721	-60.0000
293.5600	18.1749	-60.0000
293.5800	18.1776	-60.0000
293.5983	18.1800	-60.0000
293.6000	18.1802	-60.0000
293.6200	18.1827	-60.0000
293.6400	18.1852	-60.0000
293.6600	18.1876	-60.0000
293.6800	18.1899	-60.0000
293.7000	18.1921	-60.0000
293.7200	18.1942	-60.0000
293.7400	18.1963	-60.0000
293.7600	18.1982	-60.0000
293.7800	18.2000	-60.0000
293.7802	18.2000	-60.0000
293.8000	18.2016	-60.0000
293.8200	18.2031	-60.0000
293.8400	18.2044	-60.0000
293.8600	18.2056	-60.0000
293.8800	18.2067	-60.0000
293.9000	18.2076	-60.0000
293.9200	18.2083	-60.0000
293.9400	18.2089	-60.0000
293.9600	18.2092	-60.0000
293.9800	18.2094	-60.0000
294.0000	18.2095	-60.0000
294.0200	18.2094	-60.0000
294.0400	18.2091	-60.0000
294.0600	18.2086	-60.0000
294.0800	18.2079	-60.0000
294.1000	18.2071	-60.0000
294.1200	18.2062	-60.0000
294.1400	18.2051	-60.0000
294.1600	18.2038	-60.0000
294.1800	18.2025	-60.0000
294.2000	18.2010	-60.0000
294.2118	18.2000	-60.0000
294.2200	18.1993	-60.0000
294.2400	18.1975	-60.0000
294.2600	18.1956	-60.0000
294.2800	18.1936	-60.0000
294.3000	18.1916	-60.0000
294.3200	18.1895	-60.0000
294.3400	18.1873	-60.0000
294.3600	18.1851	-60.0000
294.3800	18.1830	-60.0000
294.4000	18.1808	-60.0000
294.4070	18.1800	-60.0000
294.4200	18.1785	-60.0000
294.4400	18.1762	-60.0000
294.4600	18.1740	-60.0000
294.4800	18.1718	-60.0000
294.5000	18.1697	-60.0000
294.5200	18.1677	-60.0000
294.5400	18.1657	-60.0000
294.5600	18.1638	-60.0000
294.5800	18.1620	-60.0000
294.6000	18.1603	-60.0000
294.6041	18.1600	-60.0000
294.6200	18.1587	-60.0000
294.6400	18.1571	-60.0000
294.6600	18.1557	-60.0000
294.6800	18.1545	-60.0000
294.7000	18.1534	-60.0000
294.7200	18.1524	-60.0000
294.7400	18.1516	-60.0000
294.7600	18.1510	-60.0000
294.7800	18.1505	-60.0000
294.8000	18.1503	-60.0000
294.8200	18.1501	-60.0000
294.8400	18.1502	-60.0000
294.8600	18.1505	-60.0000
294.8800	18.1509	-60.0000
294.9000	18.1514	-60.0000
294.9200	18.1521	-60.0000
294.9400	18.1529	-60.0000
294.9600	18.1537	-60.0000
294.9800	18.1547	-60.0000
295.0000	18.1556	-60.0000
295.0200	18.1566	-60.0000
295.0400	18.1575	-60.0000
295.0600	18.1583	-60.0000
295.0800	18.1591	-60.0000
295.1000	18.1597	-60.0000
295.1162	18.1600	-60.0000
295.1200	18.1601	-60.0000
295.1400	18.1603	-60.0000
295.1600	18.1603	-60.0000
295.1800	18.1601	-60.0000
295.1858	18.1600	-60.0000
295.2000	18.1597	-60.0000
295.2200	18.1591	-60.0000
295.2400	18.1582	-60.0000
295.2600	18.1572	-60.0000
295.2800	18.1560	-60.0000
295.3000	18.1547	-60.0000
295.3200	18.1533	-60.0000
295.3400	18.1519	-60.0000
295.3600	18.1504	-60.0000
295.3800	18.1491	-60.0000
295.4000	18.1477	-60.0000
295.4200	18.1466	-60.0000
295.4400	18.1456	-60.0000
295.4600	18.1448	-60.0000
295.4800	18.1442	-60.0000
295.5000	18.1440	-60.0000
295.5200	18.1440	-60.0000
295.5400	18.1443	-60.0000
295.5600	18.1450	-60.0000
295.5800	18.1460	-60.0000
295.6000	18.1474	-60.0000
295.6200	18.1491	-60.0000
295.6400	18.1511	-60.0000
295.6600	18.1535	-60.0000
295.6800	18.1561	-60.0000
295.7000	18.1589	-60.0000
295.7069	18.1600	-60.0000
295.7200	18.1619	-60.0000
295.7400	18.1651	-60.0000
295.7600	18.1683	-60.0000
295.7800	18.1716	-60.0000
> -40 contour -Z-40
289.3600	18.1607	-40.0000
289.3663	18.1600	-40.0000
289.3800	18.1584	-40.0000
289.4000	18.1564	-40.0000
289.4200	18.1547	-40.0000
289.4400	18.1531	-40.0000
289.4600	18.1518	-40.0000
289.4800	18.1506	-40.0000
289.5000	18.1496	-40.0000
289.5200	18.1487	-40.0000
289.5400	18.1479	-40.0000
289.5600	18.1471	-40.0000
289.5800	18.1464	-40.0000
289.6000	18.1457	-40.0000
289.6200	18.1450	-40.0000
289.6400	18.1443	-40.0000
289.6600	18.1435	-40.0000
289.6800	18.1426	-40.0000
289.7000	18.1416	-40.0000
289.7200	18.1406	-40.0000
289.7296	18.1400	-40.0000
289.7400	18.1394	-40.0000
289.7600	18.1380	-40.0000
289.7800	18.1364	-40.0000
289.8000	18.1347	-40.0000
289.8200	18.1328	-40.0000
289.8400	18.1307	-40.0000
289.8600	18.1284	-40.0000
289.8800	18.1259	-40.0000
289.9000	18.1231	-40.0000
289.9200	18.1201	-40.0000
289.9209	18.1200	-40.0000
289.9400	18.1167	-40.0000
289.9600	18.1130	-40.0000
289.9800	18.1090	-40.0000
290.0000	18.1047	-40.0000
290.0200	18.1001	-40.0000
290.0204	18.1000	-40.0000
290.0400	18.0949	-40.0000
290.0600	18.0894	-40.0000
290.0800	18.0835	-40.0000
290.0912	18.0800	-40.0000
290.1000	18.0771	-40.0000
290.1200	18.0703	-40.0000
290.1400	18.0632	-40.0000
290.1485	18.0600	-40.0000
290.1600	18.0556	-40.0000
290.1800	18.0476	-40.0000
290.1985	18.0400	-40.0000
290.2000	18.0394	-40.0000
290.2200	18.0307	-40.0000
290.2400	18.0220	-40.0000
290.2445	18.0200	-40.0000
290.2600	18.0129	-40.0000
290.2800	18.0039	-40.0000
290.2887	18.0000	-40.0000
290.3000	17.9948	-40.0000
290.3200	17.9857	-40.0000
290.3330	17.9800	-40.0000
290.3400	17.9768	-40.0000
290.3600	17.9681	-40.0000
290.3791	17.9600	-40.0000
290.3800	17.9596	-40.0000
290.4000	17.9513	-40.0000
290.4200	17.9433	-40.0000
290.4288	17.9400	-40.0000
290.4400	17.9357	-40.0000
290.4600	17.9283	-40.0000
290.4800	17.9214	-40.0000
290.4841	17.9200	-40.0000
290.5000	17.9146	-40.0000
290.5200	17.9082	-40.0000
290.5400	17.9022	-40.0000
290.5477	17.9000	-40.0000
290.5600	17.8964	-40.0000
290.5800	17.8908	-40.0000
290.6000	17.8855	-40.0000
290.6200	17.8804	-40.0000
290.6215	17.8800	-40.0000
290.6400	17.8753	-40.0000
290.6600	17.8705	-40.0000
290.6800	17.8658	-40.0000
290.7000	17.8612	-40.0000
290.7055	17.8600	-40.0000
290.7200	17.8567	-40.0000
290.7400	17.8522	-40.0000
290.7600	17.8478	-40.0000
290.7800	17.8435	-40.0000
290.7962	17.8400	-40.0000
290.8000	17.8392	-40.0000
290.8200	17.8348	-40.0000
290.8400	17.8306	-40.0000
290.8600	17.8263	-40.0000
290.8800	17.8222	-40.0000
290.8907	17.8200	-40.0000
290.9000	17.8181	-40.0000
290.9200	17.8140	-40.0000
290.9400	17.8099	-40.0000
290.9600	17.8060	-40.0000
290.9800	17.8022	-40.0000
290.9923	17.8000	-40.0000
291.0000	17.7986	-40.0000
291.0200	17.7950	-40.0000
291.0400	17.7916	-40.0000
291.0600	17.7883	-40.0000
291.0800	17.7852	-40.0000
291.1000	17.7823	-40.0000
291.1171	17.7800	-40.0000
291.1200	17.7796	-40.0000
291.1400	17.7770	-40.0000
291.1600	17.7747	-40.0000
291.1800	17.7725	-40.0000
291.2000	17.7705	-40.0000
291.2200	17.7687	-40.0000
291.2400	17.7671	-40.0000
291.2600	17.7657	-40.0000
291.2800	17.7644	-40.0000
291.3000	17.7633	-40.0000
291.3200	17.7624	-40.0000
291.3400	17.7616	-40.0000
291.3600	17.7610	-40.0000
291.3800	17.7604	-40.0000
291.4000	17.7601	-40.0000
291.4054	17.7600	-40.0000
291.4200	17.7598	-40.0000
291.4400	17.7597	-40.0000
291.4600	17.7597	-40.0000
291.4800	17.7598	-40.0000
291.4910	17.7600	-40.0000
291.5000	17.7601	-40.0000
291.5200	17.7605	-40.0000
291.5400	17.7611	-40.0000
291.5600	17.7618	-40.0000
291.5800	17.7627	-40.0000
291.6000	17.7638	-40.0000
291.6200	17.7651	-40.0000
291.6400	17.7666	-40.0000
291.6600	17.7683	-40.0000
291.6800	17.7702	-40.0000
291.7000	17.7724	-40.0000
291.7200	17.7748	-40.0000
291.7400	17.7774	-40.0000
291.7583	17.7800	-40.0000
291.7600	17.7802	-40.0000
291.7800	17.7832	-40.0000
291.8000	17.7863	-40.0000
291.8200	17.7896	-40.0000
291.8400	17.7930	-40.0000
291.8600	17.7965	-40.0000
291.8800	17.8000	-40.0000
291.8800	17.8000	-40.0000
291.9000	17.8034	-40.0000
291.9200	17.8067	-40.0000
291.9400	17.8100	-40.0000
291.9600	17.8132	-40.0000
291.9800	17.8162	-40.0000
292.0000	17.8191	-40.0000
292.0071	17.8200	-40.0000
292.0200	17.8217	-40.0000
292.0400	17.8240	-40.0000
292.0600	17.8262	-40.0000
292.0800	17.8282	-40.0000
292.1000	17.8300	-40.0000
292.1200	17.8316	-40.0000
292.1400	17.8330	-40.0000
292.1600	17.8343	-40.0000
292.1800	17.8355	-40.0000
292.2000	17.8366	-40.0000
292.2200	17.8377	-40.0000
292.2400	17.8387	-40.0000
292.2600	17.8398	-40.0000
292.2642	17.8400	-40.0000
292.2800	17.8409	-40.0000
292.3000	17.8420	-40.0000
292.3200	17.8433	-40.0000
292.3400	17.8448	-40.0000
292.3600	17.8465	-40.0000
292.3800	17.8485	-40.0000
292.4000	17.8506	-40.0000
292.4200	17.8531	-40.0000
292.4400	17.8558	-40.0000
292.4600	17.8587	-40.0000
292.4678	17.8600	-40.0000
292.4800	17.8619	-40.0000
292.5000	17.8652	-40.0000
292.5200	17.8687	-40.0000
292.5400	17.8723	-40.0000
292.5600	17.8761	-40.0000
292.5800	17.8799	-40.0000
292.5805	17.8800	-40.0000
292.6000	17.8836	-40.0000
292.6200	17.8872	-40.0000
292.6400	17.8907	-40.0000
292.6600	17.8941	-40.0000
292.6800	17.8974	-40.0000
292.6973	17.9000	-40.0000
292.7000	17.9004	-40.0000
292.7200	17.9031	-40.0000
292.7400	17.9055	-40.0000
292.7600	17.9078	-40.0000
292.7800	17.9098	-40.0000
292.8000	17.9116	-40.0000
292.8200	17.9131	-40.0000
292.8400	17.9146	-40.0000
292.8600	17.9158	-40.0000
292.8800	17.9170	-40.0000
292.9000	17.9181	-40.0000
292.9200	17.9192	-40.0000
292.9340	17.9200	-40.0000
292.9400	17.9203	-40.0000
292.9600	17.9215	-40.0000
292.9800	17.9228	-40.0000
293.0000	17.9242	-40.0000
293.0200	17.9259	-40.0000
293.0400	17.9278	-40.0000
293.0600	17.9299	-40.0000
293.0800	17.9323	-40.0000
293.1000	17.9350	-40.0000
293.1200	17.9380	-40.0000
293.1322	17.9400	-40.0000
293.1400	17.9412	-40.0000
293.1600	17.9447	-40.0000
293.1800	17.9484	-40.0000
293.2000	17.9523	-40.0000
293.2200	17.9563	-40.0000
293.2373	17.9600	-40.0000
293.2400	17.9606	-40.0000
293.2600	17.9648	-40.0000
293.2800	17.9690	-40.0000
293.3000	17.9733	-40.0000
293.3200	17.9776	-40.0000
293.3311	17.9800	-40.0000
293.3400	17.9818	-40.0000
293.3600	17.9859	-40.0000
293.3800	17.9898	-40.0000
293.4000	17.9937	-40.0000
293.4200	17.9974	-40.0000
293.4344	18.0000	-40.0000
293.4400	18.0010	-40.0000
293.4600	18.0043	-40.0000
293.4800	18.0075	-40.0000
293.5000	18.0106	-40.0000
293.5200	18.0135	-40.0000
293.5400	18.0164	-40.0000
293.5600	18.0192	-40.0000
293.5663	18.0200	-40.0000
293.5800	18.0218	-40.0000
293.6000	18.0242	-40.0000
293.6200	18.0267	-40.0000
293.6400	18.0291	-40.0000
293.6600	18.0314	-40.0000
293.6800	18.0337	-40.0000
293.7000	18.0359	-40.0000
293.7200	18.0382	-40.0000
293.7367	18.0400	-40.0000
293.7400	18.0403	-40.0000
293.7600	18.0424	-40.0000
293.7800	18.0444	-40.0000
293.8000	18.0464	-40.0000
293.8200	18.0482	-40.0000
293.8400	18.0501	-40.0000
293.8600	18.0518	-40.0000
293.8800	18.0534	-40.0000
293.9000	18.0549	-40.0000
293.9200	18.0563	-40.0000
293.9400	18.0575	-40.0000
293.9600	18.0586	-40.0000
293.9800	18.0595	-40.0000
293.9924	18.0600	-40.0000
294.0000	18.0603	-40.0000
294.0200	18.0608	-40.0000
294.0400	18.0613	-40.0000
294.0600	18.0615	-40.0000
294.0800	18.0616	-40.0000
294.1000	18.0616	-40.0000
294.1200	18.0614	-40.0000
294.1400	18.0611	-40.0000
294.1600	18.0606	-40.0000
294.1800	18.0600	-40.0000
294.1813	18.0600	-40.0000
294.2000	18.0593	-40.0000
294.2200	18.0585	-40.0000
294.2400	18.0576	-40.0000
294.2600	18.0567	-40.0000
294.2800	18.0556	-40.0000
294.3000	18.0546	-40.0000
294.3200	18.0534	-40.0000
294.3400	18.0523	-40.0000
294.3600	18.0511	-40.0000
294.3800	18.0499	-40.0000
294.4000	18.0487	-40.0000
294.4200	18.0474	-40.0000
294.4400	18.0462	-40.0000
294.4600	18.0450	-40.0000
294.4800	18.0437	-40.0000
294.5000	18.0425	-40.0000
294.5200	18.0412	-40.0000
294.5397	18.0400	-40.0000
294.5400	18.0400	-40.0000
294.5600	18.0387	-40.0000
294.5800	18.0374	-40.0000
294.6000	18.0361	-40.0000
294.6200	18.0349	-40.0000
294.6400	18.0337	-40.0000
294.6600	18.0326	-40.0000
294.6800	18.0316	-40.0000
294.7000	18.0306	-40.0000
294.7200	18.0298	-40.0000
294.7400	18.0290	-40.0000
294.7600	18.0284	-40.0000
294.7800	18.0279	-40.0000
294.8000	18.0276	-40.0000
294.8200	18.0275	-40.0000
294.8400	18.0275	-40.0000
294.8600	18.0277	-40.0000
294.8800	18.0281	-40.0000
294.9000	18.0287	-40.0000
294.9200	18.0294	-40.0000
294.9400	18.0303	-40.0000
294.9600	18.0314	-40.0000
294.9800	18.0325	-40.0000
295.0000	18.0338	-40.0000
295.0200	18.0351	-40.0000
295.0400	18.0364	-40.0000
295.0600	18.0377	-40.0000
295.0800	18.0390	-40.0000
295.0982	18.0400	-40.0000
295.1000	18.0401	-40.0000
295.1200	18.0410	-40.0000
295.1400	18.0418	-40.0000
295.1600	18.0424	-40.0000
295.1800	18.0428	-40.0000
295.2000	18.0430	-40.0000
295.2200	18.0430	-40.0000
295.2400	18.0427	-40.0000
295.2600	18.0423	-40.0000
295.2800	18.0416	-40.0000
295.3000	18.0409	-40.0000
295.3191	18.0400	-40.0000
295.3200	18.0400	-40.0000
295.3400	18.0389	-40.0000
295.3600	18.0378	-40.0000
295.3800	18.0368	-40.0000
295.4000	18.0358	-40.0000
295.4200	18.0348	-40.0000
295.4400	18.0341	-40.0000
295.4600	18.0335	-40.0000
295.4800	18.0331	-40.0000
295.5000	18.0329	-40.0000
295.5200	18.0331	-40.0000
295.5400	18.0335	-40.0000
295.5600	18.0342	-40.0000
295.5800	18.0352	-40.0000
295.6000	18.0366	-40.0000
295.6200	18.0383	-40.0000
295.6376	18.0400	-40.0000
295.6400	18.0402	-40.0000
295.6600	18.0423	-40.0000
295.6800	18.0447	-40.0000
295.7000	18.0473	-40.0000
295.7200	18.0501	-40.0000
295.7400	18.0531	-40.0000
295.7600	18.0562	-40.0000
> -20 contour -Z-20
289.6000	17.8739	-20.0000
289.6200	17.8796	-20.0000
289.6213	17.8800	-20.0000
289.6400	17.8847	-20.0000
289.6600	17.8895	-20.0000
289.6800	17.8940	-20.0000
289.7000	17.8982	-20.0000
289.7094	17.9000	-20.0000
289.7200	17.9018	-20.0000
289.7400	17.9048	-20.0000
289.7600	17.9073	-20.0000
289.7800	17.9094	-20.0000
289.8000	17.9108	-20.0000
289.8200	17.9117	-20.0000
289.8400	17.9120	-20.0000
289.8600	17.9116	-20.0000
289.8800	17.9106	-20.0000
289.9000	17.9089	-20.0000
289.9200	17.9066	-20.0000
289.9400	17.9036	-20.0000
289.9599	17.9000	-20.0000
289.9600	17.9000	-20.0000
289.9800	17.8954	-20.0000
290.0000	17.8902	-20.0000
290.0200	17.8844	-20.0000
290.0341	17.8800	-20.0000
290.0400	17.8780	-20.0000
290.0600	17.8708	-20.0000
290.0800	17.8632	-20.0000
290.0880	17.8600	-20.0000
290.1000	17.8550	-20.0000
290.1200	17.8464	-20.0000
290.1345	17.8400	-20.0000
290.1400	17.8375	-20.0000
290.1600	17.8282	-20.0000
290.1778	17.8200	-20.0000
290.1800	17.8190	-20.0000
290.2000	17.8095	-20.0000
290.2200	17.8004	-20.0000
290.2208	17.8000	-20.0000
290.2400	17.7911	-20.0000
290.2600	17.7823	-20.0000
290.2655	17.7800	-20.0000
290.2800	17.7737	-20.0000
290.3000	17.7655	-20.0000
290.3144	17.7600	-20.0000
290.3200	17.7578	-20.0000
290.3400	17.7503	-20.0000
290.3600	17.7433	-20.0000
290.3700	17.7400	-20.0000
290.3800	17.7366	-20.0000
290.4000	17.7302	-20.0000
290.4200	17.7242	-20.0000
290.4348	17.7200	-20.0000
290.4400	17.7185	-20.0000
290.4600	17.7128	-20.0000
290.4800	17.7074	-20.0000
290.5000	17.7023	-20.0000
290.5090	17.7000	-20.0000
290.5200	17.6971	-20.0000
290.5400	17.6920	-20.0000
290.5600	17.6869	-20.0000
290.5800	17.6819	-20.0000
290.5877	17.6800	-20.0000
290.6000	17.6768	-20.0000
290.6200	17.6716	-20.0000
290.6400	17.6664	-20.0000
290.6600	17.6612	-20.0000
290.6646	17.6600	-20.0000
290.6800	17.6558	-20.0000
290.7000	17.6503	-20.0000
290.7200	17.6449	-20.0000
290.7381	17.6400	-20.0000
290.7400	17.6395	-20.0000
290.7600	17.6338	-20.0000
290.7800	17.6283	-20.0000
290.8000	17.6228	-20.0000
290.8105	17.6200	-20.0000
290.8200	17.6174	-20.0000
290.8400	17.6119	-20.0000
290.8600	17.6067	-20.0000
290.8800	17.6016	-20.0000
290.8864	17.6000	-20.0000
290.9000	17.5966	-20.0000
290.9200	17.5917	-20.0000
290.9400	17.5870	-20.0000
290.9600	17.5827	-20.0000
290.9727	17.5800	-20.0000
290.9800	17.5784	-20.0000
291.0000	17.5743	-20.0000
291.0200	17.5704	-20.0000
291.0400	17.5668	-20.0000
291.0600	17.5634	-20.0000
291.0800	17.5601	-20.0000
291.0807	17.5600	-20.0000
291.1000	17.5569	-20.0000
291.1200	17.5539	-20.0000
291.1400	17.5510	-20.0000
291.1600	17.5482	-20.0000
291.1800	17.5456	-20.0000
291.2000	17.5430	-20.0000
291.2200	17.5406	-20.0000
291.2247	17.5400	-20.0000
291.2400	17.5381	-20.0000
291.2600	17.5357	-20.0000
291.2800	17.5333	-20.0000
291.3000	17.5310	-20.0000
291.3200	17.5287	-20.0000
291.3400	17.5264	-20.0000
291.3600	17.5241	-20.0000
291.3800	17.5219	-20.0000
291.3978	17.5200	-20.0000
291.4000	17.5198	-20.0000
291.4200	17.5175	-20.0000
291.4400	17.5154	-20.0000
291.4600	17.5133	-20.0000
291.4800	17.5113	-20.0000
291.5000	17.5094	-20.0000
291.5200	17.5076	-20.0000
291.5400	17.5059	-20.0000
291.5600	17.5045	-20.0000
291.5800	17.5032	-20.0000
291.6000	17.5021	-20.0000
291.6200	17.5013	-20.0000
291.6400	17.5007	-20.0000
291.6600	17.5005	-20.0000
291.6800	17.5006	-20.0000
291.7000	17.5010	-20.0000
291.7200	17.5018	-20.0000
291.7400	17.5030	-20.0000
291.7600	17.5047	-20.0000
291.7800	17.5067	-20.0000
291.8000	17.5092	-20.0000
291.8200	17.5121	-20.0000
291.8400	17.5154	-20.0000
291.8600	17.5192	-20.0000
291.8641	17.5200	-20.0000
291.8800	17.5232	-20.0000
291.9000	17.5276	-20.0000
291.9200	17.5323	-20.0000
291.9400	17.5373	-20.0000
291.9506	17.5400	-20.0000
291.9600	17.5424	-20.0000
291.9800	17.5475	-20.0000
292.0000	17.5527	-20.0000
292.0200	17.5579	-20.0000
292.0281	17.5600	-20.0000
292.0400	17.5630	-20.0000
292.0600	17.5678	-20.0000
292.0800	17.5725	-20.0000
292.1000	17.5769	-20.0000
292.1151	17.5800	-20.0000
292.1200	17.5810	-20.0000
292.1400	17.5847	-20.0000
292.1600	17.5882	-20.0000
292.1800	17.5913	-20.0000
292.2000	17.5942	-20.0000
292.2200	17.5969	-20.0000
292.2400	17.5994	-20.0000
292.2452	17.6000	-20.0000
292.2600	17.6017	-20.0000
292.2800	17.6038	-20.0000
292.3000	17.6060	-20.0000
292.3200	17.6081	-20.0000
292.3400	17.6103	-20.0000
292.3600	17.6126	-20.0000
292.3800	17.6150	-20.0000
292.4000	17.6176	-20.0000
292.4176	17.6200	-20.0000
292.4200	17.6203	-20.0000
292.4400	17.6233	-20.0000
292.4600	17.6264	-20.0000
292.4800	17.6298	-20.0000
292.5000	17.6334	-20.0000
292.5200	17.6373	-20.0000
292.5336	17.6400	-20.0000
292.5400	17.6413	-20.0000
292.5600	17.6454	-20.0000
292.5800	17.6496	-20.0000
292.6000	17.6539	-20.0000
292.6200	17.6583	-20.0000
292.6280	17.6600	-20.0000
292.6400	17.6626	-20.0000
292.6600	17.6667	-20.0000
292.6800	17.6708	-20.0000
292.7000	17.6747	-20.0000
292.7200	17.6784	-20.0000
292.7291	17.6800	-20.0000
292.7400	17.6818	-20.0000
292.7600	17.6850	-20.0000
292.7800	17.6878	-20.0000
292.8000	17.6904	-20.0000
292.8200	17.6927	-20.0000
292.8400	17.6947	-20.0000
292.8600	17.6965	-20.0000
292.8800	17.6980	-20.0000
292.9000	17.6994	-20.0000
292.9091	17.7000	-20.0000
292.9200	17.7007	-20.0000
292.9400	17.7018	-20.0000
292.9600	17.7029	-20.0000
292.9800	17.7040	-20.0000
293.0000	17.7052	-20.0000
293.0200	17.7065	-20.0000
293.0400	17.7079	-20.0000
293.0600	17.7094	-20.0000
293.0800	17.7112	-20.0000
293.1000	17.7131	-20.0000
293.1200	17.7153	-20.0000
293.1400	17.7178	-20.0000
293.1565	17.7200	-20.0000
293.1600	17.7205	-20.0000
293.1800	17.7233	-20.0000
293.2000	17.7263	-20.0000
293.2200	17.7296	-20.0000
293.2400	17.7330	-20.0000
293.2600	17.7366	-20.0000
293.2784	17.7400	-20.0000
293.2800	17.7403	-20.0000
293.3000	17.7439	-20.0000
293.3200	17.7476	-20.0000
293.3400	17.7512	-20.0000
293.3600	17.7548	-20.0000
293.3800	17.7583	-20.0000
293.3903	17.7600	-20.0000
293.4000	17.7616	-20.0000
293.4200	17.7646	-20.0000
293.4400	17.7674	-20.0000
293.4600	17.7701	-20.0000
293.4800	17.7725	-20.0000
293.5000	17.7747	-20.0000
293.5200	17.7767	-20.0000
293.5400	17.7784	-20.0000
293.5600	17.7799	-20.0000
293.5613	17.7800	-20.0000
293.5800	17.7812	-20.0000
293.6000	17.7823	-20.0000
293.6200	17.7832	-20.0000
293.6400	17.7840	-20.0000
293.6600	17.7847	-20.0000
293.6800	17.7853	-20.0000
293.7000	17.7859	-20.0000
293.7200	17.7865	-20.0000
293.7400	17.7870	-20.0000
293.7600	17.7875	-20.0000
293.7800	17.7880	-20.0000
293.8000	17.7885	-20.0000
293.8200	17.7891	-20.0000
293.8400	17.7897	-20.0000
293.8600	17.7903	-20.0000
293.8800	17.7910	-20.0000
293.9000	17.7917	-20.0000
293.9200	17.7924	-20.0000
293.9400	17.7932	-20.0000
293.9600	17.7939	-20.0000
293.9800	17.7947	-20.0000
294.0000	17.7955	-20.0000
294.0200	17.7964	-20.0000
294.0400	17.7972	-20.0000
294.0600	17.7980	-20.0000
294.0800	17.7989	-20.0000
294.1000	17.7998	-20.0000
294.1045	17.8000	-20.0000
294.1200	17.8007	-20.0000
294.1400	17.8015	-20.0000
294.1600	17.8025	-20.0000
294.1800	17.8034	-20.0000
294.2000	17.8044	-20.0000
294.2200	17.8054	-20.0000
294.2400	17.8065	-20.0000
294.2600	17.8076	-20.0000
294.2800	17.8087	-20.0000
294.3000	17.8099	-20.0000
294.3200	17.8111	-20.0000
294.3400	17.8123	-20.0000
294.3600	17.8135	-20.0000
294.3800	17.8146	-20.0000
294.4000	17.8158	-20.0000
294.4200	17.8168	-20.0000
294.4400	17.8178	-20.0000
294.4600	17.8187	-20.0000
294.4800	17.8195	-20.0000
294.4970	17.8200	-20.0000
294.5000	17.8201	-20.0000
294.5200	17.8205	-20.0000
294.5400	17.8209	-20.0000
294.5600	17.8210	-20.0000
294.5800	17.8210	-20.0000
294.6000	17.8209	-20.0000
294.6200	17.8206	-20.0000
294.6400	17.8201	-20.0000
294.6451	17.8200	-20.0000
294.6600	17.8196	-20.0000
294.6800	17.8189	-20.0000
294.7000	17.8181	-20.0000
294.7200	17.8173	-20.0000
294.7400	17.8164	-20.0000
294.7600	17.8156	-20.0000
294.7800	17.8147	-20.0000
294.8000	17.8140	-20.0000
294.8200	17.8134	-20.0000
294.8400	17.8129	-20.0000
294.8600	17.8126	-20.0000
294.8800	17.8125	-20.0000
294.9000	17.8126	-20.0000
294.9200	17.8129	-20.0000
294.9400	17.8134	-20.0000
294.9600	17.8143	-20.0000
294.9800	17.8153	-20.0000
295.0000	17.8167	-20.0000
295.0200	17.8182	-20.0000
295.0399	17.8200	-20.0000
295.0400	17.8200	-20.0000
295.0600	17.8218	-20.0000
295.0800	17.8238	-20.0000
295.1000	17.8258	-20.0000
295.1200	17.8279	-20.0000
295.1400	17.8301	-20.0000
295.1600	17.8322	-20.0000
295.1800	17.8342	-20.0000
295.2000	17.8361	-20.0000
295.2200	17.8379	-20.0000
295.2400	17.8395	-20.0000
295.2464	17.8400	-20.0000
295.2600	17.8409	-20.0000
295.2800	17.8420	-20.0000
295.3000	17.8430	-20.0000
295.3200	17.8438	-20.0000
295.3400	17.8444	-20.0000
295.3600	17.8450	-20.0000
295.3800	17.8455	-20.0000
295.4000	17.8459	-20.0000
295.4200	17.8463	-20.0000
295.4400	17.8468	-20.0000
295.4600	17.8472	-20.0000
295.4800	17.8478	-20.0000
295.5000	17.8484	-20.0000
295.5200	17.8491	-20.0000
295.5400	17.8500	-20.0000
295.5600	17.8510	-20.0000
295.5800	17.8522	-20.0000
295.6000	17.8536	-20.0000
295.6200	17.8551	-20.0000
295.6400	17.8568	-20.0000
295.6600	17.8587	-20.0000
295.6724	17.8600	-20.0000
295.6800	17.8607	-20.0000
295.7000	17.8627	-20.0000
295.7200	17.8648	-20.0000
295.7400	17.8670	-20.0000
295.7600	17.8692	-20.0000
> 0 contour -Z0
292.3923	17.2800	0.0000
292.4000	17.2834	0.0000
292.4200	17.2921	0.0000
292.4389	17.3000	0.0000
292.4400	17.3005	0.0000
292.4600	17.3082	0.0000
292.4800	17.3158	0.0000
292.4916	17.3200	0.0000
292.5000	17.3229	0.0000
292.5200	17.3296	0.0000
292.5400	17.3361	0.0000
292.5525	17.3400	0.0000
292.5600	17.3422	0.0000
292.5800	17.3479	0.0000
292.6000	17.3533	0.0000
292.6200	17.3584	0.0000
292.6270	17.3600	0.0000
292.6400	17.3630	0.0000
292.6600	17.3671	0.0000
292.6800	17.3709	0.0000
292.7000	17.3743	0.0000
292.7200	17.3772	0.0000
292.7400	17.3797	0.0000
292.7434	17.3800	0.0000
292.7600	17.3816	0.0000
292.7800	17.3830	0.0000
292.8000	17.3839	0.0000
292.8200	17.3842	0.0000
292.8400	17.3841	0.0000
292.8600	17.3834	0.0000
292.8800	17.3822	0.0000
292.9000	17.3806	0.0000
292.9051	17.3800	0.0000
292.9200	17.3783	0.0000
292.9400	17.3755	0.0000
292.9600	17.3723	0.0000
292.9800	17.3686	0.0000
293.0000	17.3646	0.0000
293.0200	17.3601	0.0000
293.0206	17.3600	0.0000
