> 20 contour -Z20
74.5000	39.4992	20.0000
74.5200	39.4874	20.0000
74.5320	39.4800	20.0000
74.5400	39.4751	20.0000
74.5600	39.4625	20.0000
74.5639	39.4600	20.0000
74.5800	39.4497	20.0000
74.5948	39.4400	20.0000
74.6000	39.4366	20.0000
74.6200	39.4234	20.0000
74.6251	39.4200	20.0000
74.6400	39.4101	20.0000
74.6550	39.4000	20.0000
74.6600	39.3967	20.0000
74.6800	39.3832	20.0000
74.6846	39.3800	20.0000
74.7000	39.3696	20.0000
74.7140	39.3600	20.0000
74.7200	39.3559	20.0000
74.7400	39.3422	20.0000
74.7431	39.3400	20.0000
74.7600	39.3284	20.0000
74.7720	39.3200	20.0000
74.7800	39.3145	20.0000
74.8000	39.3004	20.0000
74.8005	39.3000	20.0000
74.8200	39.2862	20.0000
74.8287	39.2800	20.0000
74.8400	39.2719	20.0000
74.8564	39.2600	20.0000
74.8600	39.2574	20.0000
74.8800	39.2426	20.0000
74.8835	39.2400	20.0000
74.9000	39.2278	20.0000
74.9102	39.2200	20.0000
74.9200	39.2126	20.0000
74.9363	39.2000	20.0000
74.9400	39.1972	20.0000
74.9600	39.1815	20.0000
74.9619	39.1800	20.0000
74.9800	39.1657	20.0000
74.9871	39.1600	20.0000
75.0000	39.1496	20.0000
75.0117	39.1400	20.0000
75.0200	39.1332	20.0000
75.0358	39.1200	20.0000
75.0400	39.1165	20.0000
75.0595	39.1000	20.0000
75.0600	39.0996	20.0000
75.0800	39.0826	20.0000
75.0830	39.0800	20.0000
75.1000	39.0654	20.0000
75.1061	39.0600	20.0000
75.1200	39.0480	20.0000
75.1291	39.0400	20.0000
75.1400	39.0305	20.0000
75.1519	39.0200	20.0000
75.1600	39.0130	20.0000
75.1748	39.0000	20.0000
75.1800	38.9955	20.0000
75.1980	38.9800	20.0000
75.2000	38.9783	20.0000
75.2200	38.9615	20.0000
75.2218	38.9600	20.0000
75.2400	38.9453	20.0000
75.2468	38.9400	20.0000
75.2600	38.9298	20.0000
75.2733	38.9200	20.0000
75.2800	38.9152	20.0000
75.3000	38.9016	20.0000
75.3026	38.9000	20.0000
75.3200	38.8895	20.0000
75.3371	38.8800	20.0000
75.3400	38.8785	20.0000
75.3600	38.8692	20.0000
75.3800	38.8613	20.0000
75.3841	38.8600	20.0000
75.4000	38.8552	20.0000
75.4200	38.8509	20.0000
75.4400	38.8483	20.0000
75.4600	38.8477	20.0000
75.4800	38.8492	20.0000
75.5000	38.8530	20.0000
75.5200	38.8593	20.0000
75.5215	38.8600	20.0000
75.5400	38.8694	20.0000
75.5555	38.8800	20.0000
75.5600	38.8837	20.0000
75.5762	38.9000	20.0000
75.5800	38.9048	20.0000
75.5904	38.9200	20.0000
75.6000	38.9378	20.0000
75.6010	38.9400	20.0000
75.6087	38.9600	20.0000
75.6147	38.9800	20.0000
75.6194	39.0000	20.0000
75.6200	39.0035	20.0000
75.6228	39.0200	20.0000
75.6254	39.0400	20.0000
75.6275	39.0600	20.0000
75.6290	39.0800	20.0000
75.6302	39.1000	20.0000
75.6311	39.1200	20.0000
75.6319	39.1400	20.0000
75.6326	39.1600	20.0000
75.6332	39.1800	20.0000
75.6338	39.2000	20.0000
75.6344	39.2200	20.0000
75.6352	39.2400	20.0000
75.6361	39.2600	20.0000
75.6371	39.2800	20.0000
75.6383	39.3000	20.0000
75.6398	39.3200	20.0000
75.6400	39.3228	20.0000
75.6414	39.3400	20.0000
75.6432	39.3600	20.0000
75.6452	39.3800	20.0000
75.6474	39.4000	20.0000
75.6498	39.4200	20.0000
75.6523	39.4400	20.0000
> 20 contour -Z20
73.0600	39.1257	20.0000
73.0800	39.1315	20.0000
73.1000	39.1299	20.0000
73.1200	39.1232	20.0000
73.1260	39.1200	20.0000
73.1400	39.1123	20.0000
73.1568	39.1000	20.0000
73.1600	39.0975	20.0000
73.1783	39.0800	20.0000
73.1800	39.0781	20.0000
73.1943	39.0600	20.0000
73.2000	39.0513	20.0000
73.2065	39.0400	20.0000
73.2151	39.0200	20.0000
73.2200	39.0016	20.0000
73.2204	39.0000	20.0000
73.2218	38.9800	20.0000
73.2200	38.9636	20.0000
73.2196	38.9600	20.0000
73.2127	38.9400	20.0000
73.2011	38.9200	20.0000
73.2000	38.9186	20.0000
73.1815	38.9000	20.0000
73.1800	38.8989	20.0000
73.1600	38.8872	20.0000
73.1401	38.8800	20.0000
73.1400	38.8800	20.0000
73.1200	38.8779	20.0000
73.1010	38.8800	20.0000
73.1000	38.8801	20.0000
73.0800	38.8884	20.0000
73.0640	38.9000	20.0000
73.0600	38.9037	20.0000
73.0474	38.9200	20.0000
73.0400	38.9325	20.0000
73.0365	38.9400	20.0000
73.0296	38.9600	20.0000
73.0248	38.9800	20.0000
73.0218	39.0000	20.0000
73.0205	39.0200	20.0000
73.0211	39.0400	20.0000
73.0237	39.0600	20.0000
73.0286	39.0800	20.0000
73.0364	39.1000	20.0000
73.0400	39.1066	20.0000
73.0527	39.1200	20.0000
73.0600	39.1257	20.0000
> 20 contour -Z20
71.1595	38.6400	20.0000
71.1600	38.6392	20.0000
71.1749	38.6200	20.0000
71.1800	38.6146	20.0000
71.1961	38.6000	20.0000
71.2000	38.5970	20.0000
71.2200	38.5842	20.0000
71.2281	38.5800	20.0000
71.2400	38.5746	20.0000
71.2600	38.5674	20.0000
71.2800	38.5620	20.0000
71.2903	38.5600	20.0000
71.3000	38.5583	20.0000
71.3200	38.5560	20.0000
71.3400	38.5549	20.0000
71.3600	38.5547	20.0000
71.3800	38.5555	20.0000
71.4000	38.5572	20.0000
71.4200	38.5596	20.0000
71.4222	38.5600	20.0000
71.4400	38.5631	20.0000
71.4600	38.5672	20.0000
71.4800	38.5721	20.0000
71.5000	38.5777	20.0000
71.5075	38.5800	20.0000
71.5200	38.5841	20.0000
71.5400	38.5913	20.0000
71.5600	38.5990	20.0000
71.5624	38.6000	20.0000
71.5800	38.6075	20.0000
71.6000	38.6165	20.0000
71.6073	38.6200	20.0000
71.6200	38.6260	20.0000
71.6400	38.6359	20.0000
71.6480	38.6400	20.0000
71.6600	38.6460	20.0000
71.6800	38.6562	20.0000
71.6871	38.6600	20.0000
71.7000	38.6665	20.0000
71.7200	38.6767	20.0000
71.7262	38.6800	20.0000
71.7400	38.6869	20.0000
71.7600	38.6969	20.0000
71.7660	38.7000	20.0000
71.7800	38.7067	20.0000
71.8000	38.7165	20.0000
71.8069	38.7200	20.0000
71.8200	38.7261	20.0000
71.8400	38.7358	20.0000
71.8485	38.7400	20.0000
71.8600	38.7453	20.0000
71.8800	38.7549	20.0000
71.8900	38.7600	20.0000
71.9000	38.7647	20.0000
71.9200	38.7745	20.0000
71.9305	38.7800	20.0000
71.9400	38.7846	20.0000
71.9600	38.7949	20.0000
71.9692	38.8000	20.0000
71.9800	38.8056	20.0000
72.0000	38.8168	20.0000
72.0053	38.8200	20.0000
72.0200	38.8284	20.0000
72.0387	38.8400	20.0000
72.0400	38.8408	20.0000
72.0600	38.8537	20.0000
72.0689	38.8600	20.0000
72.0800	38.8676	20.0000
72.0966	38.8800	20.0000
72.1000	38.8825	20.0000
72.1200	38.8986	20.0000
72.1216	38.9000	20.0000
72.1400	38.9160	20.0000
72.1442	38.9200	20.0000
72.1600	38.9351	20.0000
72.1648	38.9400	20.0000
72.1800	38.9560	20.0000
72.1836	38.9600	20.0000
72.2000	38.9790	20.0000
72.2008	38.9800	20.0000
> 40 contour -Z40
71.1400	37.2645	40.0000
71.1600	37.2703	40.0000
71.1800	37.2763	40.0000
71.1920	37.2800	40.0000
71.2000	37.2825	40.0000
71.2200	37.2891	40.0000
71.2400	37.2957	40.0000
71.2526	37.3000	40.0000
71.2600	37.3025	40.0000
71.2800	37.3095	40.0000
71.3000	37.3165	40.0000
71.3096	37.3200	40.0000
71.3200	37.3237	40.0000
71.3400	37.3311	40.0000
71.3600	37.3385	40.0000
71.3638	37.3400	40.0000
71.3800	37.3463	40.0000
71.4000	37.3542	40.0000
71.4139	37.3600	40.0000
71.4200	37.3624	40.0000
71.4400	37.3711	40.0000
71.4598	37.3800	40.0000
71.4600	37.3801	40.0000
71.4800	37.3896	40.0000
71.5000	37.3996	40.0000
71.5007	37.4000	40.0000
71.5200	37.4102	40.0000
71.5375	37.4200	40.0000
71.5400	37.4214	40.0000
71.5600	37.4332	40.0000
71.5708	37.4400	40.0000
71.5800	37.4456	40.0000
71.6000	37.4586	40.0000
71.6020	37.4600	40.0000
71.6200	37.4723	40.0000
71.6305	37.4800	40.0000
71.6400	37.4866	40.0000
71.6579	37.5000	40.0000
71.6600	37.5015	40.0000
71.6800	37.5170	40.0000
71.6836	37.5200	40.0000
71.7000	37.5331	40.0000
71.7082	37.5400	40.0000
71.7200	37.5496	40.0000
71.7320	37.5600	40.0000
71.7400	37.5667	40.0000
71.7551	37.5800	40.0000
71.7600	37.5841	40.0000
71.7777	37.6000	40.0000
71.7800	37.6020	40.0000
71.7998	37.6200	40.0000
71.8000	37.6202	40.0000
71.8200	37.6387	40.0000
71.8213	37.6400	40.0000
71.8400	37.6575	40.0000
71.8425	37.6600	40.0000
71.8600	37.6766	40.0000
71.8635	37.6800	40.0000
71.8800	37.6958	40.0000
71.8843	37.7000	40.0000
71.9000	37.7151	40.0000
71.9049	37.7200	40.0000
71.9200	37.7346	40.0000
71.9255	37.7400	40.0000
71.9400	37.7541	40.0000
71.9460	37.7600	40.0000
71.9600	37.7736	40.0000
71.9665	37.7800	40.0000
71.9800	37.7931	40.0000
71.9871	37.8000	40.0000
72.0000	37.8125	40.0000
72.0077	37.8200	40.0000
72.0200	37.8319	40.0000
72.0285	37.8400	40.0000
72.0400	37.8510	40.0000
72.0495	37.8600	40.0000
72.0600	37.8700	40.0000
72.0707	37.8800	40.0000
72.0800	37.8887	40.0000
72.0922	37.9000	40.0000
72.1000	37.9072	40.0000
72.1141	37.9200	40.0000
72.1200	37.9254	40.0000
72.1364	37.9400	40.0000
72.1400	37.9433	40.0000
72.1591	37.9600	40.0000
72.1600	37.9608	40.0000
72.1800	37.9779	40.0000
72.1825	37.9800	40.0000
72.2000	37.9948	40.0000
72.2065	38.0000	40.0000
72.2200	38.0111	40.0000
72.2312	38.0200	40.0000
72.2400	38.0271	40.0000
72.2567	38.0400	40.0000
72.2600	38.0426	40.0000
72.2800	38.0577	40.0000
72.2832	38.0600	40.0000
72.3000	38.0723	40.0000
72.3109	38.0800	40.0000
72.3200	38.0865	40.0000
72.3399	38.1000	40.0000
72.3400	38.1001	40.0000
72.3600	38.1133	40.0000
72.3705	38.1200	40.0000
72.3800	38.1260	40.0000
72.4000	38.1382	40.0000
72.4031	38.1400	40.0000
72.4200	38.1499	40.0000
72.4381	38.1600	40.0000
72.4400	38.1610	40.0000
72.4600	38.1718	40.0000
72.4762	38.1800	40.0000
72.4800	38.1819	40.0000
72.5000	38.1917	40.0000
72.5182	38.2000	40.0000
72.5200	38.2008	40.0000
72.5400	38.2097	40.0000
72.5600	38.2179	40.0000
72.5652	38.2200	40.0000
72.5800	38.2259	40.0000
72.6000	38.2334	40.0000
72.6185	38.2400	40.0000
72.6200	38.2405	40.0000
72.6400	38.2474	40.0000
72.6600	38.2539	40.0000
72.6795	38.2600	40.0000
72.6800	38.2601	40.0000
72.7000	38.2662	40.0000
72.7200	38.2719	40.0000
72.7400	38.2775	40.0000
72.7493	38.2800	40.0000
72.7600	38.2829	40.0000
72.7800	38.2881	40.0000
72.8000	38.2932	40.0000
72.8200	38.2982	40.0000
72.8273	38.3000	40.0000
72.8400	38.3031	40.0000
72.8600	38.3079	40.0000
72.8800	38.3127	40.0000
72.9000	38.3174	40.0000
72.9108	38.3200	40.0000
72.9200	38.3222	40.0000
72.9400	38.3269	40.0000
72.9600	38.3316	40.0000
72.9800	38.3363	40.0000
72.9956	38.3400	40.0000
73.0000	38.3410	40.0000
73.0200	38.3458	40.0000
73.0400	38.3506	40.0000
73.0600	38.3554	40.0000
73.0785	38.3600	40.0000
73.0800	38.3604	40.0000
73.1000	38.3653	40.0000
73.1200	38.3703	40.0000
73.1400	38.3754	40.0000
73.1576	38.3800	40.0000
73.1600	38.3806	40.0000
73.1800	38.3858	40.0000
73.2000	38.3911	40.0000
73.2200	38.3965	40.0000
73.2327	38.4000	40.0000
73.2400	38.4020	40.0000
73.2600	38.4075	40.0000
73.2800	38.4131	40.0000
73.3000	38.4187	40.0000
73.3044	38.4200	40.0000
73.3200	38.4244	40.0000
73.3400	38.4302	40.0000
73.3600	38.4360	40.0000
73.3738	38.4400	40.0000
73.3800	38.4418	40.0000
73.4000	38.4477	40.0000
73.4200	38.4536	40.0000
73.4400	38.4595	40.0000
73.4417	38.4600	40.0000
73.4600	38.4654	40.0000
73.4800	38.4713	40.0000
73.5000	38.4772	40.0000
73.5098	38.4800	40.0000
73.5200	38.4830	40.0000
73.5400	38.4888	40.0000
73.5600	38.4945	40.0000
73.5795	38.5000	40.0000
73.5800	38.5002	40.0000
73.6000	38.5057	40.0000
73.6200	38.5111	40.0000
73.6400	38.5164	40.0000
73.6542	38.5200	40.0000
73.6600	38.5215	40.0000
73.6800	38.5265	40.0000
73.7000	38.5312	40.0000
73.7200	38.5356	40.0000
73.7400	38.5398	40.0000
73.7412	38.5400	40.0000
73.7600	38.5437	40.0000
73.7800	38.5472	40.0000
73.8000	38.5505	40.0000
73.8200	38.5533	40.0000
73.8400	38.5557	40.0000
73.8600	38.5578	40.0000
73.8800	38.5595	40.0000
73.8872	38.5600	40.0000
73.9000	38.5609	40.0000
73.9200	38.5620	40.0000
73.9400	38.5627	40.0000
73.9600	38.5633	40.0000
73.9800	38.5637	40.0000
74.0000	38.5641	40.0000
74.0200	38.5645	40.0000
74.0400	38.5650	40.0000
74.0600	38.5658	40.0000
74.0800	38.5671	40.0000
74.1000	38.5691	40.0000
74.1200	38.5719	40.0000
74.1400	38.5759	40.0000
74.1553	38.5800	40.0000
74.1600	38.5814	40.0000
74.1800	38.5891	40.0000
74.2000	38.5991	40.0000
74.2014	38.6000	40.0000
74.2200	38.6130	40.0000
74.2282	38.6200	40.0000
74.2400	38.6316	40.0000
74.2473	38.6400	40.0000
74.2600	38.6567	40.0000
74.2622	38.6600	40.0000
74.2741	38.6800	40.0000
74.2800	38.6911	40.0000
74.2843	38.7000	40.0000
74.2932	38.7200	40.0000
74.3000	38.7366	40.0000
74.3014	38.7400	40.0000
74.3090	38.7600	40.0000
74.3165	38.7800	40.0000
74.3200	38.7894	40.0000
74.3241	38.8000	40.0000
74.3323	38.8200	40.0000
74.3400	38.8372	40.0000
74.3413	38.8400	40.0000
74.3521	38.8600	40.0000
74.3600	38.8726	40.0000
74.3653	38.8800	40.0000
74.3800	38.8972	40.0000
74.3829	38.9000	40.0000
74.4000	38.9139	40.0000
74.4099	38.9200	40.0000
74.4200	38.9253	40.0000
74.4400	38.9327	40.0000
74.4600	38.9373	40.0000
74.4800	38.9397	40.0000
74.4924	38.9400	40.0000
74.5000	38.9402	40.0000
74.5031	38.9400	40.0000
74.5200	38.9391	40.0000
74.5400	38.9368	40.0000
74.5600	38.9335	40.0000
74.5800	38.9292	40.0000
74.6000	38.9242	40.0000
74.6147	38.9200	40.0000
74.6200	38.9185	40.0000
74.6400	38.9120	40.0000
74.6600	38.9051	40.0000
74.6737	38.9000	40.0000
74.6800	38.8977	40.0000
74.7000	38.8897	40.0000
74.7200	38.8814	40.0000
74.7230	38.8800	40.0000
74.7400	38.8725	40.0000
74.7600	38.8634	40.0000
74.7670	38.8600	40.0000
74.7800	38.8538	40.0000
74.8000	38.8439	40.0000
74.8076	38.8400	40.0000
74.8200	38.8337	40.0000
74.8400	38.8232	40.0000
74.8458	38.8200	40.0000
74.8600	38.8123	40.0000
74.8800	38.8012	40.0000
74.8820	38.8000	40.0000
74.9000	38.7896	40.0000
74.9164	38.7800	40.0000
74.9200	38.7779	40.0000
74.9400	38.7658	40.0000
74.9494	38.7600	40.0000
74.9600	38.7535	40.0000
74.9800	38.7409	40.0000
74.9814	38.7400	40.0000
75.0000	38.7280	40.0000
75.0123	38.7200	40.0000
75.0200	38.7151	40.0000
75.0400	38.7019	40.0000
75.0429	38.7000	40.0000
75.0600	38.6887	40.0000
75.0731	38.6800	40.0000
75.0800	38.6755	40.0000
75.1000	38.6623	40.0000
75.1035	38.6600	40.0000
75.1200	38.6493	40.0000
75.1345	38.6400	40.0000
75.1400	38.6365	40.0000
75.1600	38.6240	40.0000
75.1666	38.6200	40.0000
75.1800	38.6119	40.0000
75.2000	38.6003	40.0000
75.2005	38.6000	40.0000
75.2200	38.5891	40.0000
75.2370	38.5800	40.0000
75.2400	38.5784	40.0000
75.2600	38.5683	40.0000
75.2776	38.5600	40.0000
75.2800	38.5589	40.0000
75.3000	38.5499	40.0000
75.3200	38.5416	40.0000
75.3242	38.5400	40.0000
75.3400	38.5338	40.0000
75.3600	38.5266	40.0000
75.3799	38.5200	40.0000
75.3800	38.5200	40.0000
75.4000	38.5137	40.0000
75.4200	38.5080	40.0000
75.4400	38.5028	40.0000
75.4514	38.5000	40.0000
75.4600	38.4979	40.0000
75.4800	38.4934	40.0000
75.5000	38.4892	40.0000
75.5200	38.4854	40.0000
75.5400	38.4820	40.0000
75.5523	38.4800	40.0000
75.5600	38.4787	40.0000
75.5800	38.4758	40.0000
75.6000	38.4731	40.0000
75.6200	38.4707	40.0000
75.6400	38.4686	40.0000
75.6600	38.4667	40.0000
75.6800	38.4652	40.0000
75.7000	38.4640	40.0000
75.7200	38.4632	40.0000
75.7400	38.4628	40.0000
75.7600	38.4629	40.0000
75.7800	38.4635	40.0000
75.8000	38.4648	40.0000
75.8200	38.4669	40.0000
75.8400	38.4698	40.0000
75.8600	38.4736	40.0000
75.8800	38.4786	40.0000
75.8845	38.4800	40.0000
75.9000	38.4850	40.0000
75.9200	38.4929	40.0000
75.9349	38.5000	40.0000
75.9400	38.5026	40.0000
75.9600	38.5146	40.0000
> 60 contour -Z60
72.2800	36.7362	60.0000
72.2713	36.7400	60.0000
72.2600	36.7451	60.0000
72.2400	36.7549	60.0000
72.2304	36.7600	60.0000
72.2200	36.7659	60.0000
72.2000	36.7784	60.0000
72.1976	36.7800	60.0000
72.1800	36.7931	60.0000
72.1716	36.8000	60.0000
72.1600	36.8106	60.0000
72.1507	36.8200	60.0000
72.1400	36.8324	60.0000
72.1341	36.8400	60.0000
72.1208	36.8600	60.0000
72.1200	36.8615	60.0000
72.1107	36.8800	60.0000
72.1029	36.9000	60.0000
72.1000	36.9096	60.0000
72.0972	36.9200	60.0000
72.0933	36.9400	60.0000
72.0911	36.9600	60.0000
72.0902	36.9800	60.0000
72.0905	37.0000	60.0000
72.0921	37.0200	60.0000
72.0947	37.0400	60.0000
72.0983	37.0600	60.0000
72.1000	37.0676	60.0000
72.1029	37.0800	60.0000
72.1085	37.1000	60.0000
72.1148	37.1200	60.0000
72.1200	37.1345	60.0000
72.1220	37.1400	60.0000
72.1303	37.1600	60.0000
72.1391	37.1800	60.0000
72.1400	37.1818	60.0000
72.1491	37.2000	60.0000
72.1597	37.2200	60.0000
72.1600	37.2206	60.0000
72.1714	37.2400	60.0000
72.1800	37.2539	60.0000
72.1839	37.2600	60.0000
72.1973	37.2800	60.0000
72.2000	37.2838	60.0000
72.2119	37.3000	60.0000
72.2200	37.3106	60.0000
72.2274	37.3200	60.0000
72.2400	37.3354	60.0000
72.2439	37.3400	60.0000
72.2600	37.3582	60.0000
72.2617	37.3600	60.0000
72.2800	37.3794	60.0000
72.2806	37.3800	60.0000
72.3000	37.3991	60.0000
72.3009	37.4000	60.0000
72.3200	37.4176	60.0000
72.3227	37.4200	60.0000
72.3400	37.4350	60.0000
72.3459	37.4400	60.0000
72.3600	37.4514	60.0000
72.3708	37.4600	60.0000
72.3800	37.4671	60.0000
72.3972	37.4800	60.0000
72.4000	37.4821	60.0000
72.4200	37.4962	60.0000
72.4255	37.5000	60.0000
72.4400	37.5097	60.0000
72.4556	37.5200	60.0000
72.4600	37.5228	60.0000
72.4800	37.5353	60.0000
72.4877	37.5400	60.0000
72.5000	37.5473	60.0000
72.5200	37.5590	60.0000
72.5217	37.5600	60.0000
72.5400	37.5702	60.0000
72.5578	37.5800	60.0000
72.5600	37.5812	60.0000
72.5800	37.5917	60.0000
72.5959	37.6000	60.0000
72.6000	37.6021	60.0000
72.6200	37.6121	60.0000
72.6359	37.6200	60.0000
72.6400	37.6220	60.0000
72.6600	37.6315	60.0000
72.6779	37.6400	60.0000
72.6800	37.6410	60.0000
72.7000	37.6501	60.0000
72.7200	37.6592	60.0000
72.7218	37.6600	60.0000
72.7400	37.6679	60.0000
72.7600	37.6766	60.0000
72.7678	37.6800	60.0000
72.7800	37.6851	60.0000
72.8000	37.6934	60.0000
72.8158	37.7000	60.0000
72.8200	37.7017	60.0000
72.8400	37.7096	60.0000
72.8600	37.7175	60.0000
72.8664	37.7200	60.0000
72.8800	37.7251	60.0000
72.9000	37.7326	60.0000
72.9200	37.7400	60.0000
72.9200	37.7400	60.0000
72.9400	37.7470	60.0000
72.9600	37.7539	60.0000
72.9780	37.7600	60.0000
72.9800	37.7607	60.0000
73.0000	37.7670	60.0000
73.0200	37.7733	60.0000
73.0400	37.7794	60.0000
73.0419	37.7800	60.0000
73.0600	37.7851	60.0000
73.0800	37.7907	60.0000
73.1000	37.7960	60.0000
73.1156	37.8000	60.0000
73.1200	37.8011	60.0000
73.1400	37.8058	60.0000
73.1600	37.8103	60.0000
73.1800	37.8146	60.0000
73.2000	37.8186	60.0000
73.2072	37.8200	60.0000
73.2200	37.8223	60.0000
73.2400	37.8257	60.0000
73.2600	37.8289	60.0000
73.2800	37.8318	60.0000
73.3000	37.8344	60.0000
73.3200	37.8368	60.0000
73.3400	37.8390	60.0000
73.3512	37.8400	60.0000
73.3600	37.8408	60.0000
73.3800	37.8423	60.0000
73.4000	37.8436	60.0000
73.4200	37.8447	60.0000
73.4400	37.8455	60.0000
73.4600	37.8461	60.0000
73.4800	37.8464	60.0000
73.5000	37.8465	60.0000
73.5200	37.8464	60.0000
73.5400	37.8461	60.0000
73.5600	37.8456	60.0000
73.5800	37.8449	60.0000
73.6000	37.8440	60.0000
73.6200	37.8429	60.0000
73.6400	37.8416	60.0000
73.6600	37.8402	60.0000
73.6619	37.8400	60.0000
73.6800	37.8385	60.0000
73.7000	37.8367	60.0000
73.7200	37.8347	60.0000
73.7400	37.8326	60.0000
73.7600	37.8303	60.0000
73.7800	37.8279	60.0000
73.8000	37.8254	60.0000
73.8200	37.8228	60.0000
73.8400	37.8201	60.0000
73.8406	37.8200	60.0000
73.8600	37.8172	60.0000
73.8800	37.8141	60.0000
73.9000	37.8110	60.0000
73.9200	37.8079	60.0000
73.9400	37.8046	60.0000
73.9600	37.8014	60.0000
73.9681	37.8000	60.0000
73.9800	37.7980	60.0000
74.0000	37.7945	60.0000
74.0200	37.7910	60.0000
74.0400	37.7875	60.0000
74.0600	37.7840	60.0000
74.0800	37.7805	60.0000
74.0826	37.7800	60.0000
74.1000	37.7769	60.0000
74.1200	37.7733	60.0000
74.1400	37.7698	60.0000
74.1600	37.7664	60.0000
74.1800	37.7630	60.0000
74.1981	37.7600	60.0000
74.2000	37.7597	60.0000
74.2200	37.7564	60.0000
74.2400	37.7532	60.0000
74.2600	37.7501	60.0000
74.2800	37.7472	60.0000
74.3000	37.7445	60.0000
74.3200	37.7419	60.0000
74.3364	37.7400	60.0000
74.3400	37.7396	60.0000
74.3600	37.7373	60.0000
74.3800	37.7353	60.0000
74.4000	37.7336	60.0000
74.4200	37.7321	60.0000
74.4400	37.7309	60.0000
74.4600	37.7301	60.0000
74.4800	37.7296	60.0000
74.5000	37.7295	60.0000
74.5200	37.7298	60.0000
74.5400	37.7306	60.0000
74.5600	37.7319	60.0000
74.5800	37.7337	60.0000
74.6000	37.7361	60.0000
74.6200	37.7392	60.0000
74.6243	37.7400	60.0000
74.6400	37.7429	60.0000
74.6600	37.7473	60.0000
74.6800	37.7526	60.0000
74.7000	37.7588	60.0000
74.7034	37.7600	60.0000
74.7200	37.7658	60.0000
74.7400	37.7739	60.0000
74.7534	37.7800	60.0000
74.7600	37.7831	60.0000
74.7800	37.7933	60.0000
74.7919	37.8000	60.0000
74.8000	37.8047	60.0000
74.8200	37.8173	60.0000
74.8240	37.8200	60.0000
74.8400	37.8310	60.0000
74.8522	37.8400	60.0000
74.8600	37.8458	60.0000
74.8779	37.8600	60.0000
74.8800	37.8617	60.0000
74.9000	37.8784	60.0000
74.9019	37.8800	60.0000
74.9200	37.8956	60.0000
74.9250	37.9000	60.0000
74.9400	37.9131	60.0000
74.9479	37.9200	60.0000
74.9600	37.9305	60.0000
74.9711	37.9400	60.0000
74.9800	37.9474	60.0000
74.9956	37.9600	60.0000
75.0000	37.9635	60.0000
75.0200	37.9784	60.0000
75.0223	37.9800	60.0000
75.0400	37.9918	60.0000
75.0534	38.0000	60.0000
75.0600	38.0038	60.0000
75.0800	38.0143	60.0000
75.0924	38.0200	60.0000
75.1000	38.0233	60.0000
75.1200	38.0307	60.0000
75.1400	38.0369	60.0000
75.1520	38.0400	60.0000
75.1600	38.0419	60.0000
75.1800	38.0456	60.0000
75.2000	38.0483	60.0000
75.2200	38.0502	60.0000
75.2400	38.0512	60.0000
75.2600	38.0514	60.0000
75.2800	38.0510	60.0000
75.3000	38.0499	60.0000
75.3200	38.0483	60.0000
75.3400	38.0463	60.0000
75.3600	38.0438	60.0000
75.3800	38.0409	60.0000
75.3856	38.0400	60.0000
75.4000	38.0376	60.0000
75.4200	38.0340	60.0000
75.4400	38.0301	60.0000
75.4600	38.0260	60.0000
75.4800	38.0218	60.0000
75.4883	38.0200	60.0000
75.5000	38.0174	60.0000
75.5200	38.0128	60.0000
75.5400	38.0081	60.0000
75.5600	38.0035	60.0000
75.5754	38.0000	60.0000
75.5800	37.9989	60.0000
75.6000	37.9942	60.0000
75.6200	37.9896	60.0000
75.6400	37.9852	60.0000
75.6600	37.9810	60.0000
75.6649	37.9800	60.0000
75.6800	37.9768	60.0000
75.7000	37.9729	60.0000
75.7200	37.9693	60.0000
75.7400	37.9660	60.0000
75.7600	37.9631	60.0000
75.7800	37.9605	60.0000
75.7844	37.9600	60.0000
75.8000	37.9582	60.0000
75.8200	37.9563	60.0000
75.8400	37.9549	60.0000
75.8600	37.9540	60.0000
75.8800	37.9535	60.0000
75.9000	37.9536	60.0000
75.9200	37.9542	60.0000
75.9400	37.9553	60.0000
75.9600	37.9570	60.0000
75.9800	37.9593	60.0000
