> 20 contour -Z20
132.9500	-1.8854	20.0000
132.9948	-1.9000	20.0000
133.0000	-1.9016	20.0000
133.0500	-1.9176	20.0000
133.1000	-1.9342	20.0000
133.1460	-1.9500	20.0000
133.1500	-1.9513	20.0000
133.2000	-1.9680	20.0000
133.2500	-1.9852	20.0000
133.2919	-2.0000	20.0000
133.3000	-2.0028	20.0000
133.3500	-2.0199	20.0000
133.4000	-2.0376	20.0000
133.4342	-2.0500	20.0000
133.4500	-2.0555	20.0000
133.5000	-2.0733	20.0000
133.5500	-2.0916	20.0000
133.5722	-2.1000	20.0000
133.6000	-2.1102	20.0000
133.6500	-2.1289	20.0000
133.7000	-2.1486	20.0000
133.7036	-2.1500	20.0000
133.7500	-2.1682	20.0000
133.8000	-2.1889	20.0000
133.8261	-2.2000	20.0000
133.8500	-2.2102	20.0000
133.9000	-2.2322	20.0000
133.9388	-2.2500	20.0000
133.9500	-2.2552	20.0000
134.0000	-2.2787	20.0000
134.0435	-2.3000	20.0000
134.0500	-2.3032	20.0000
134.1000	-2.3283	20.0000
134.1419	-2.3500	20.0000
134.1500	-2.3542	20.0000
134.2000	-2.3807	20.0000
134.2354	-2.4000	20.0000
134.2500	-2.4081	20.0000
134.3000	-2.4362	20.0000
134.3238	-2.4500	20.0000
134.3500	-2.4654	20.0000
134.4000	-2.4957	20.0000
134.4070	-2.5000	20.0000
134.4500	-2.5272	20.0000
134.4846	-2.5500	20.0000
134.5000	-2.5602	20.0000
134.5500	-2.5948	20.0000
134.5571	-2.6000	20.0000
134.6000	-2.6311	20.0000
134.6249	-2.6500	20.0000
134.6500	-2.6691	20.0000
134.6888	-2.7000	20.0000
134.7000	-2.7089	20.0000
134.7495	-2.7500	20.0000
134.7500	-2.7504	20.0000
134.8000	-2.7935	20.0000
134.8071	-2.8000	20.0000
134.8500	-2.8384	20.0000
134.8623	-2.8500	20.0000
134.9000	-2.8848	20.0000
134.9156	-2.9000	20.0000
134.9500	-2.9328	20.0000
134.9673	-2.9500	20.0000
135.0000	-2.9818	20.0000
135.0182	-3.0000	20.0000
135.0500	-3.0312	20.0000
135.0689	-3.0500	20.0000
135.1000	-3.0802	20.0000
135.1204	-3.1000	20.0000
135.1500	-3.1277	20.0000
135.1744	-3.1500	20.0000
135.2000	-3.1727	20.0000
135.2326	-3.2000	20.0000
135.2500	-3.2142	20.0000
135.2982	-3.2500	20.0000
135.3000	-3.2513	20.0000
135.3500	-3.2842	20.0000
135.3779	-3.3000	20.0000
135.4000	-3.3125	20.0000
135.4500	-3.3365	20.0000
135.4840	-3.3500	20.0000
135.5000	-3.3565	20.0000
135.5500	-3.3736	20.0000
135.6000	-3.3874	20.0000
135.6500	-3.3986	20.0000
135.6573	-3.4000	20.0000
135.7000	-3.4085	20.0000
135.7500	-3.4167	20.0000
135.8000	-3.4236	20.0000
135.8500	-3.4294	20.0000
135.9000	-3.4344	20.0000
135.9500	-3.4389	20.0000
136.0000	-3.4430	20.0000
136.0500	-3.4468	20.0000
136.0942	-3.4500	20.0000
136.1000	-3.4505	20.0000
136.1500	-3.4543	20.0000
136.2000	-3.4581	20.0000
136.2500	-3.4619	20.0000
136.3000	-3.4658	20.0000
136.3500	-3.4699	20.0000
136.4000	-3.4740	20.0000
136.4500	-3.4783	20.0000
136.5000	-3.4828	20.0000
136.5500	-3.4874	20.0000
136.6000	-3.4922	20.0000
136.6500	-3.4970	20.0000
136.6807	-3.5000	20.0000
136.7000	-3.5020	20.0000
136.7500	-3.5070	20.0000
136.8000	-3.5120	20.0000
136.8500	-3.5168	20.0000
136.9000	-3.5215	20.0000
136.9500	-3.5260	20.0000
137.0000	-3.5303	20.0000
137.0500	-3.5344	20.0000
137.1000	-3.5382	20.0000
137.1500	-3.5419	20.0000
137.2000	-3.5454	20.0000
137.2500	-3.5487	20.0000
137.2698	-3.5500	20.0000
137.3000	-3.5520	20.0000
137.3500	-3.5554	20.0000
137.4000	-3.5588	20.0000
137.4500	-3.5624	20.0000
137.5000	-3.5664	20.0000
137.5500	-3.5708	20.0000
137.6000	-3.5758	20.0000
137.6500	-3.5814	20.0000
137.7000	-3.5878	20.0000
137.7500	-3.5951	20.0000
137.7803	-3.6000	20.0000
137.8000	-3.6034	20.0000
137.8500	-3.6130	20.0000
137.9000	-3.6237	20.0000
137.9500	-3.6354	20.0000
138.0000	-3.6481	20.0000
138.0068	-3.6500	20.0000
138.0500	-3.6629	20.0000
138.1000	-3.6788	20.0000
138.1500	-3.6958	20.0000
138.1619	-3.7000	20.0000
138.2000	-3.7149	20.0000
138.2500	-3.7353	20.0000
138.2851	-3.7500	20.0000
138.3000	-3.7569	20.0000
138.3500	-3.7803	20.0000
138.3918	-3.8000	20.0000
138.4000	-3.8042	20.0000
138.4500	-3.8295	20.0000
138.4912	-3.8500	20.0000
138.5000	-3.8546	20.0000
138.5500	-3.8802	20.0000
138.5902	-3.9000	20.0000
138.6000	-3.9049	20.0000
138.6500	-3.9293	20.0000
138.6943	-3.9500	20.0000
138.7000	-3.9526	20.0000
138.7500	-3.9753	20.0000
138.8000	-3.9969	20.0000
138.8073	-4.0000	20.0000
138.8500	-4.0177	20.0000
138.9000	-4.0376	20.0000
138.9327	-4.0500	20.0000
138.9500	-4.0563	20.0000
139.0000	-4.0740	20.0000
139.0500	-4.0904	20.0000
139.0814	-4.1000	20.0000
139.1000	-4.1054	20.0000
139.1500	-4.1191	20.0000
139.2000	-4.1314	20.0000
139.2500	-4.1423	20.0000
139.2886	-4.1500	20.0000
139.3000	-4.1522	20.0000
139.3500	-4.1613	20.0000
139.4000	-4.1696	20.0000
139.4500	-4.1774	20.0000
139.5000	-4.1850	20.0000
139.5500	-4.1924	20.0000
139.6000	-4.1998	20.0000
139.6013	-4.2000	20.0000
139.6500	-4.2074	20.0000
139.7000	-4.2151	20.0000
139.7500	-4.2230	20.0000
139.8000	-4.2311	20.0000
139.8500	-4.2393	20.0000
139.9000	-4.2475	20.0000
139.9150	-4.2500	20.0000
139.9500	-4.2557	20.0000
140.0000	-4.2638	20.0000
140.0500	-4.2716	20.0000
140.1000	-4.2790	20.0000
140.1500	-4.2861	20.0000
140.2000	-4.2929	20.0000
140.2500	-4.2993	20.0000
140.2557	-4.3000	20.0000
140.3000	-4.3053	20.0000
140.3500	-4.3111	20.0000
140.4000	-4.3166	20.0000
140.4500	-4.3219	20.0000
140.5000	-4.3270	20.0000
140.5500	-4.3319	20.0000
140.6000	-4.3367	20.0000
140.6500	-4.3413	20.0000
140.7000	-4.3457	20.0000
140.7500	-4.3499	20.0000
140.7514	-4.3500	20.0000
140.8000	-4.3539	20.0000
140.8500	-4.3577	20.0000
140.9000	-4.3614	20.0000
140.9500	-4.3651	20.0000
141.0000	-4.3688	20.0000
141.0500	-4.3726	20.0000
141.1000	-4.3766	20.0000
141.1500	-4.3806	20.0000
141.2000	-4.3848	20.0000
141.2500	-4.3889	20.0000
141.3000	-4.3930	20.0000
141.3500	-4.3971	20.0000
141.3841	-4.4000	20.0000
141.4000	-4.4014	20.0000
141.4500	-4.4059	20.0000
> 20 contour -Z20
135.7000	-4.2483	20.0000
135.7189	-4.2500	20.0000
135.7500	-4.2569	20.0000
135.7939	-4.3000	20.0000
135.7628	-4.3500	20.0000
135.7500	-4.3565	20.0000
135.7000	-4.3658	20.0000
135.6500	-4.3568	20.0000
135.6378	-4.3500	20.0000
135.6179	-4.3000	20.0000
135.6500	-4.2659	20.0000
135.6901	-4.2500	20.0000
135.7000	-4.2483	20.0000
> 40 contour -Z40
132.8000	-2.4158	40.0000
132.8500	-2.4251	40.0000
132.9000	-2.4352	40.0000
132.9500	-2.4462	40.0000
132.9657	-2.4500	40.0000
133.0000	-2.4587	40.0000
133.0500	-2.4723	40.0000
133.1000	-2.4867	40.0000
133.1437	-2.5000	40.0000
133.1500	-2.5020	40.0000
133.2000	-2.5195	40.0000
133.2500	-2.5378	40.0000
133.2813	-2.5500	40.0000
133.3000	-2.5579	40.0000
133.3500	-2.5802	40.0000
133.3922	-2.6000	40.0000
133.4000	-2.6040	40.0000
133.4500	-2.6312	40.0000
133.4830	-2.6500	40.0000
133.5000	-2.6607	40.0000
133.5500	-2.6935	40.0000
133.5594	-2.7000	40.0000
133.6000	-2.7306	40.0000
133.6249	-2.7500	40.0000
133.6500	-2.7714	40.0000
133.6829	-2.8000	40.0000
133.7000	-2.8163	40.0000
133.7352	-2.8500	40.0000
133.7500	-2.8653	40.0000
133.7837	-2.9000	40.0000
133.8000	-2.9180	40.0000
133.8296	-2.9500	40.0000
133.8500	-2.9735	40.0000
133.8740	-3.0000	40.0000
133.9000	-3.0304	40.0000
133.9176	-3.0500	40.0000
133.9500	-3.0877	40.0000
133.9612	-3.1000	40.0000
134.0000	-3.1444	40.0000
134.0052	-3.1500	40.0000
134.0500	-3.1998	40.0000
134.0502	-3.2000	40.0000
134.0964	-3.2500	40.0000
134.1000	-3.2541	40.0000
134.1443	-3.3000	40.0000
134.1500	-3.3064	40.0000
134.1936	-3.3500	40.0000
134.2000	-3.3571	40.0000
134.2438	-3.4000	40.0000
134.2500	-3.4069	40.0000
134.2931	-3.4500	40.0000
134.3000	-3.4582	40.0000
134.3384	-3.5000	40.0000
134.3500	-3.5158	40.0000
134.3760	-3.5500	40.0000
134.4000	-3.5933	40.0000
134.4037	-3.6000	40.0000
134.4179	-3.6500	40.0000
134.4191	-3.7000	40.0000
134.4058	-3.7500	40.0000
134.4000	-3.7605	40.0000
134.3678	-3.8000	40.0000
134.3500	-3.8140	40.0000
134.3000	-3.8372	40.0000
134.2500	-3.8486	40.0000
134.2381	-3.8500	40.0000
134.2000	-3.8536	40.0000
134.1500	-3.8561	40.0000
134.1000	-3.8578	40.0000
134.0500	-3.8595	40.0000
134.0000	-3.8613	40.0000
> 40 contour -Z40
135.7000	-5.0776	40.0000
135.7470	-5.0500	40.0000
135.7500	-5.0485	40.0000
135.8000	-5.0209	40.0000
135.8338	-5.0000	40.0000
135.8500	-4.9913	40.0000
135.9000	-4.9612	40.0000
135.9168	-4.9500	40.0000
135.9500	-4.9302	40.0000
135.9958	-4.9000	40.0000
136.0000	-4.8975	40.0000
136.0500	-4.8649	40.0000
136.0714	-4.8500	40.0000
136.1000	-4.8313	40.0000
136.1454	-4.8000	40.0000
136.1500	-4.7969	40.0000
136.2000	-4.7631	40.0000
136.2189	-4.7500	40.0000
136.2500	-4.7291	40.0000
136.2929	-4.7000	40.0000
136.3000	-4.6953	40.0000
136.3500	-4.6622	40.0000
136.3687	-4.6500	40.0000
136.4000	-4.6296	40.0000
136.4461	-4.6000	40.0000
136.4500	-4.5975	40.0000
136.5000	-4.5661	40.0000
136.5265	-4.5500	40.0000
136.5500	-4.5352	40.0000
136.6000	-4.5051	40.0000
136.6089	-4.5000	40.0000
136.6500	-4.4756	40.0000
136.6958	-4.4500	40.0000
136.7000	-4.4475	40.0000
136.7500	-4.4209	40.0000
136.7935	-4.4000	40.0000
136.8000	-4.3967	40.0000
136.8500	-4.3752	40.0000
136.9000	-4.3573	40.0000
136.9255	-4.3500	40.0000
136.9500	-4.3429	40.0000
137.0000	-4.3322	40.0000
137.0500	-4.3252	40.0000
137.1000	-4.3218	40.0000
137.1500	-4.3217	40.0000
137.2000	-4.3247	40.0000
137.2500	-4.3304	40.0000
137.3000	-4.3387	40.0000
137.3500	-4.3494	40.0000
137.3524	-4.3500	40.0000
137.4000	-4.3620	40.0000
137.4500	-4.3765	40.0000
137.5000	-4.3927	40.0000
137.5208	-4.4000	40.0000
137.5500	-4.4103	40.0000
137.6000	-4.4291	40.0000
137.6500	-4.4491	40.0000
137.6521	-4.4500	40.0000
137.7000	-4.4700	40.0000
137.7500	-4.4917	40.0000
137.7685	-4.5000	40.0000
137.8000	-4.5142	40.0000
137.8500	-4.5371	40.0000
137.8775	-4.5500	40.0000
137.9000	-4.5607	40.0000
137.9500	-4.5847	40.0000
137.9811	-4.6000	40.0000
138.0000	-4.6094	40.0000
138.0500	-4.6348	40.0000
138.0795	-4.6500	40.0000
138.1000	-4.6609	40.0000
138.1500	-4.6880	40.0000
138.1715	-4.7000	40.0000
138.2000	-4.7164	40.0000
138.2500	-4.7461	40.0000
138.2564	-4.7500	40.0000
138.3000	-4.7777	40.0000
138.3339	-4.8000	40.0000
138.3500	-4.8110	40.0000
138.4000	-4.8465	40.0000
138.4048	-4.8500	40.0000
138.4500	-4.8844	40.0000
138.4700	-4.9000	40.0000
138.5000	-4.9242	40.0000
138.5314	-4.9500	40.0000
138.5500	-4.9658	40.0000
138.5906	-5.0000	40.0000
138.6000	-5.0081	40.0000
138.6500	-5.0500	40.0000
138.6500	-5.0500	40.0000
138.7000	-5.0900	40.0000
138.7136	-5.1000	40.0000
138.7500	-5.1267	40.0000
138.7867	-5.1500	40.0000
138.8000	-5.1585	40.0000
138.8500	-5.1847	40.0000
138.8880	-5.2000	40.0000
138.9000	-5.2049	40.0000
138.9500	-5.2192	40.0000
139.0000	-5.2277	40.0000
139.0500	-5.2309	40.0000
139.1000	-5.2295	40.0000
139.1500	-5.2240	40.0000
139.2000	-5.2147	40.0000
139.2500	-5.2021	40.0000
139.2567	-5.2000	40.0000
139.3000	-5.1869	40.0000
139.3500	-5.1692	40.0000
139.3977	-5.1500	40.0000
139.4000	-5.1491	40.0000
139.4500	-5.1273	40.0000
139.5000	-5.1037	40.0000
139.5074	-5.1000	40.0000
139.5500	-5.0789	40.0000
139.6000	-5.0530	40.0000
139.6055	-5.0500	40.0000
139.6500	-5.0264	40.0000
139.6994	-5.0000	40.0000
139.7000	-4.9997	40.0000
139.7500	-4.9734	40.0000
139.7956	-4.9500	40.0000
139.8000	-4.9478	40.0000
139.8500	-4.9238	40.0000
139.9000	-4.9013	40.0000
139.9031	-4.9000	40.0000
139.9500	-4.8811	40.0000
140.0000	-4.8632	40.0000
140.0416	-4.8500	40.0000
140.0500	-4.8475	40.0000
140.1000	-4.8346	40.0000
140.1500	-4.8241	40.0000
140.2000	-4.8161	40.0000
140.2500	-4.8106	40.0000
140.3000	-4.8076	40.0000
140.3500	-4.8071	40.0000
140.4000	-4.8091	40.0000
140.4500	-4.8138	40.0000
140.5000	-4.8209	40.0000
140.5500	-4.8305	40.0000
140.6000	-4.8425	40.0000
140.6262	-4.8500	40.0000
140.6500	-4.8570	40.0000
140.7000	-4.8740	40.0000
140.7500	-4.8928	40.0000
140.7675	-4.9000	40.0000
140.8000	-4.9138	40.0000
140.8500	-4.9363	40.0000
140.8790	-4.9500	40.0000
140.9000	-4.9602	40.0000
140.9500	-4.9853	40.0000
140.9788	-5.0000	40.0000
141.0000	-5.0112	40.0000
