> 20 contour -Z20
121.5500	24.8502	20.0000
121.5505	24.8500	20.0000
121.6000	24.8336	20.0000
121.6500	24.8260	20.0000
121.7000	24.8239	20.0000
121.7500	24.8243	20.0000
121.8000	24.8249	20.0000
121.8500	24.8241	20.0000
121.9000	24.8211	20.0000
121.9500	24.8155	20.0000
122.0000	24.8072	20.0000
122.0338	24.8000	20.0000
122.0500	24.7963	20.0000
122.1000	24.7825	20.0000
122.1500	24.7673	20.0000
122.2000	24.7512	20.0000
122.2035	24.7500	20.0000
122.2500	24.7327	20.0000
122.3000	24.7140	20.0000
122.3377	24.7000	20.0000
122.3500	24.6950	20.0000
122.4000	24.6748	20.0000
122.4500	24.6556	20.0000
122.4653	24.6500	20.0000
122.5000	24.6360	20.0000
122.5500	24.6172	20.0000
122.6000	24.6000	20.0000
122.6000	24.6000	20.0000
122.6500	24.5828	20.0000
122.7000	24.5677	20.0000
122.7500	24.5548	20.0000
122.7717	24.5500	20.0000
122.8000	24.5432	20.0000
122.8500	24.5334	20.0000
122.9000	24.5257	20.0000
122.9500	24.5200	20.0000
123.0000	24.5161	20.0000
123.0500	24.5138	20.0000
123.1000	24.5130	20.0000
123.1500	24.5134	20.0000
123.2000	24.5151	20.0000
123.2500	24.5178	20.0000
123.3000	24.5214	20.0000
123.3500	24.5258	20.0000
123.4000	24.5308	20.0000
123.4500	24.5363	20.0000
123.5000	24.5420	20.0000
123.5500	24.5475	20.0000
123.5739	24.5500	20.0000
123.6000	24.5525	20.0000
123.6500	24.5566	20.0000
123.7000	24.5597	20.0000
123.7500	24.5615	20.0000
123.8000	24.5618	20.0000
123.8500	24.5604	20.0000
123.9000	24.5572	20.0000
123.9500	24.5522	20.0000
123.9670	24.5500	20.0000
124.0000	24.5453	20.0000
124.0500	24.5368	20.0000
124.1000	24.5273	20.0000
124.1500	24.5172	20.0000
124.2000	24.5072	20.0000
124.2367	24.5000	20.0000
124.2500	24.4972	20.0000
124.3000	24.4874	20.0000
124.3500	24.4786	20.0000
124.4000	24.4708	20.0000
124.4500	24.4641	20.0000
124.5000	24.4585	20.0000
124.5500	24.4540	20.0000
124.6000	24.4507	20.0000
124.6176	24.4500	20.0000
124.6500	24.4485	20.0000
124.7000	24.4477	20.0000
124.7500	24.4485	20.0000
124.7785	24.4500	20.0000
124.8000	24.4510	20.0000
124.8500	24.4552	20.0000
124.9000	24.4614	20.0000
124.9500	24.4695	20.0000
125.0000	24.4796	20.0000
125.0500	24.4915	20.0000
125.0818	24.5000	20.0000
125.1000	24.5047	20.0000
125.1500	24.5182	20.0000
125.2000	24.5323	20.0000
125.2500	24.5469	20.0000
125.2608	24.5500	20.0000
125.3000	24.5610	20.0000
125.3500	24.5752	20.0000
125.4000	24.5899	20.0000
125.4322	24.6000	20.0000
125.4500	24.6055	20.0000
125.5000	24.6222	20.0000
125.5500	24.6410	20.0000
125.5712	24.6500	20.0000
125.6000	24.6621	20.0000
125.6500	24.6859	20.0000
125.6760	24.7000	20.0000
125.7000	24.7128	20.0000
125.7500	24.7428	20.0000
125.7609	24.7500	20.0000
125.8000	24.7756	20.0000
125.8339	24.8000	20.0000
125.8500	24.8115	20.0000
125.8999	24.8500	20.0000
125.9000	24.8501	20.0000
125.9500	24.8908	20.0000
125.9607	24.9000	20.0000
126.0000	24.9338	20.0000
126.0181	24.9500	20.0000
126.0500	24.9788	20.0000
126.0728	25.0000	20.0000
126.1000	25.0257	20.0000
126.1251	25.0500	20.0000
126.1500	25.0747	20.0000
126.1752	25.1000	20.0000
126.2000	25.1257	20.0000
126.2233	25.1500	20.0000
126.2500	25.1787	20.0000
126.2697	25.2000	20.0000
126.3000	25.2337	20.0000
126.3147	25.2500	20.0000
126.3500	25.2902	20.0000
126.3587	25.3000	20.0000
126.4000	25.3475	20.0000
126.4022	25.3500	20.0000
126.4461	25.4000	20.0000
126.4500	25.4045	20.0000
126.4907	25.4500	20.0000
126.5000	25.4603	20.0000
126.5366	25.5000	20.0000
126.5500	25.5142	20.0000
126.5846	25.5500	20.0000
126.6000	25.5655	20.0000
126.6354	25.6000	20.0000
126.6500	25.6136	20.0000
126.6904	25.6500	20.0000
126.7000	25.6583	20.0000
126.7500	25.6995	20.0000
126.7506	25.7000	20.0000
126.8000	25.7369	20.0000
126.8180	25.7500	20.0000
126.8500	25.7719	20.0000
126.8920	25.8000	20.0000
126.9000	25.8051	20.0000
126.9500	25.8363	20.0000
126.9720	25.8500	20.0000
127.0000	25.8667	20.0000
127.0500	25.8969	20.0000
127.0551	25.9000	20.0000
127.1000	25.9266	20.0000
127.1381	25.9500	20.0000
127.1500	25.9571	20.0000
127.2000	25.9880	20.0000
127.2186	26.0000	20.0000
127.2500	26.0199	20.0000
127.2953	26.0500	20.0000
127.3000	26.0531	20.0000
127.3500	26.0873	20.0000
127.3677	26.1000	20.0000
127.4000	26.1229	20.0000
127.4363	26.1500	20.0000
127.4500	26.1601	20.0000
127.5000	26.1987	20.0000
127.5016	26.2000	20.0000
127.5500	26.2384	20.0000
127.5640	26.2500	20.0000
127.6000	26.2795	20.0000
127.6243	26.3000	20.0000
127.6500	26.3216	20.0000
127.6829	26.3500	20.0000
127.7000	26.3646	20.0000
127.7405	26.4000	20.0000
127.7500	26.4083	20.0000
127.7972	26.4500	20.0000
127.8000	26.4524	20.0000
127.8500	26.4967	20.0000
127.8537	26.5000	20.0000
127.9000	26.5412	20.0000
127.9098	26.5500	20.0000
127.9500	26.5859	20.0000
127.9657	26.6000	20.0000
128.0000	26.6310	20.0000
128.0209	26.6500	20.0000
128.0500	26.6767	20.0000
128.0753	26.7000	20.0000
128.1000	26.7232	20.0000
128.1284	26.7500	20.0000
128.1500	26.7708	20.0000
128.1800	26.8000	20.0000
128.2000	26.8201	20.0000
128.2297	26.8500	20.0000
128.2500	26.8713	20.0000
128.2773	26.9000	20.0000
128.3000	26.9250	20.0000
128.3227	26.9500	20.0000
128.3500	26.9816	20.0000
128.3660	27.0000	20.0000
128.4000	27.0414	20.0000
128.4071	27.0500	20.0000
128.4465	27.1000	20.0000
128.4500	27.1046	20.0000
128.4848	27.1500	20.0000
128.5000	27.1707	20.0000
128.5217	27.2000	20.0000
128.5500	27.2397	20.0000
128.5575	27.2500	20.0000
128.5929	27.3000	20.0000
128.6000	27.3102	20.0000
128.6282	27.3500	20.0000
128.6500	27.3817	20.0000
128.6628	27.4000	20.0000
128.6971	27.4500	20.0000
128.7000	27.4543	20.0000
128.7318	27.5000	20.0000
128.7500	27.5270	20.0000
128.7657	27.5500	20.0000
128.7989	27.6000	20.0000
128.8000	27.6017	20.0000
128.8324	27.6500	20.0000
128.8500	27.6774	20.0000
128.8649	27.7000	20.0000
128.8965	27.7500	20.0000
128.9000	27.7556	20.0000
128.9284	27.8000	20.0000
128.9500	27.8352	20.0000
128.9594	27.8500	20.0000
128.9905	27.9000	20.0000
129.0000	27.9154	20.0000
129.0222	27.9500	20.0000
129.0500	27.9944	20.0000
129.0537	28.0000	20.0000
129.0871	28.0500	20.0000
129.1000	28.0693	20.0000
129.1216	28.1000	20.0000
129.1500	28.1402	20.0000
129.1573	28.1500	20.0000
129.1947	28.2000	20.0000
129.2000	28.2069	20.0000
129.2340	28.2500	20.0000
129.2500	28.2703	20.0000
129.2740	28.3000	20.0000
129.3000	28.3326	20.0000
129.3141	28.3500	20.0000
129.3500	28.3952	20.0000
129.3538	28.4000	20.0000
129.3934	28.4500	20.0000
129.4000	28.4585	20.0000
129.4324	28.5000	20.0000
129.4500	28.5232	20.0000
129.4704	28.5500	20.0000
129.5000	28.5899	20.0000
129.5076	28.6000	20.0000
129.5448	28.6500	20.0000
129.5500	28.6570	20.0000
129.5829	28.7000	20.0000
129.6000	28.7224	20.0000
129.6215	28.7500	20.0000
129.6500	28.7860	20.0000
129.6613	28.8000	20.0000
129.7000	28.8467	20.0000
129.7028	28.8500	20.0000
129.7467	28.9000	20.0000
129.7500	28.9036	20.0000
129.7929	28.9500	20.0000
129.8000	28.9575	20.0000
129.8408	29.0000	20.0000
129.8500	29.0094	20.0000
129.8899	29.0500	20.0000
129.9000	29.0601	20.0000
129.9399	29.1000	20.0000
129.9500	29.1101	20.0000
129.9900	29.1500	20.0000
130.0000	29.1600	20.0000
130.0399	29.2000	20.0000
130.0500	29.2103	20.0000
130.0891	29.2500	20.0000
130.1000	29.2613	20.0000
130.1374	29.3000	20.0000
130.1500	29.3133	20.0000
130.1847	29.3500	20.0000
130.2000	29.3667	20.0000
130.2308	29.4000	20.0000
130.2500	29.4217	20.0000
130.2754	29.4500	20.0000
130.3000	29.4788	20.0000
130.3184	29.5000	20.0000
130.3500	29.5385	20.0000
130.3597	29.5500	20.0000
130.3991	29.6000	20.0000
130.4000	29.6012	20.0000
130.4377	29.6500	20.0000
130.4500	29.6670	20.0000
130.4746	29.7000	20.0000
130.5000	29.7366	20.0000
130.5096	29.7500	20.0000
130.5437	29.8000	20.0000
130.5500	29.8097	20.0000
130.5775	29.8500	20.0000
130.6000	29.8851	20.0000
130.6100	29.9000	20.0000
130.6426	29.9500	20.0000
130.6500	29.9616	20.0000
130.6759	30.0000	20.0000
130.7000	30.0371	20.0000
130.7088	30.0500	20.0000
130.7427	30.1000	20.0000
130.7500	30.1108	20.0000
130.7779	30.1500	20.0000
130.8000	30.1818	20.0000
130.8133	30.2000	20.0000
130.8489	30.2500	20.0000
130.8500	30.2515	20.0000
130.8860	30.3000	20.0000
130.9000	30.3194	20.0000
130.9228	30.3500	20.0000
130.9500	30.3882	20.0000
130.9586	30.4000	20.0000
130.9940	30.4500	20.0000
131.0000	30.4588	20.0000
131.0288	30.5000	20.0000
131.0500	30.5324	20.0000
131.0618	30.5500	20.0000
131.0935	30.6000	20.0000
131.1000	30.6107	20.0000
131.1246	30.6500	20.0000
131.1500	30.6940	20.0000
131.1536	30.7000	20.0000
131.1828	30.7500	20.0000
131.2000	30.7814	20.0000
131.2106	30.8000	20.0000
131.2384	30.8500	20.0000
131.2500	30.8715	20.0000
131.2662	30.9000	20.0000
131.2937	30.9500	20.0000
131.3000	30.9613	20.0000
131.3227	31.0000	20.0000
131.3500	31.0480	20.0000
131.3512	31.0500	20.0000
131.3824	31.1000	20.0000
131.4000	31.1287	20.0000
131.4141	31.1500	20.0000
131.4469	31.2000	20.0000
131.4500	31.2047	20.0000
131.4825	31.2500	20.0000
131.5000	31.2746	20.0000
131.5194	31.3000	20.0000
131.5500	31.3405	20.0000
131.5577	31.3500	20.0000
131.5979	31.4000	20.0000
131.6000	31.4026	20.0000
131.6403	31.4500	20.0000
131.6500	31.4616	20.0000
131.6836	31.5000	20.0000
131.7000	31.5194	20.0000
131.7270	31.5500	20.0000
131.7500	31.5772	20.0000
131.7696	31.6000	20.0000
131.8000	31.6369	20.0000
131.8108	31.6500	20.0000
131.8497	31.7000	20.0000
131.8500	31.7004	20.0000
131.8869	31.7500	20.0000
131.9000	31.7690	20.0000
131.9212	31.8000	20.0000
131.9500	31.8456	20.0000
131.9528	31.8500	20.0000
131.9826	31.9000	20.0000
132.0000	31.9317	20.0000
132.0101	31.9500	20.0000
132.0360	32.0000	20.0000
132.0500	32.0291	20.0000
132.0603	32.0500	20.0000
132.0836	32.1000	20.0000
132.1000	32.1374	20.0000
132.1057	32.1500	20.0000
132.1277	32.2000	20.0000
132.1488	32.2500	20.0000
132.1500	32.2528	20.0000
132.1707	32.3000	20.0000
132.1925	32.3500	20.0000
132.2000	32.3671	20.0000
132.2153	32.4000	20.0000
132.2389	32.4500	20.0000
132.2500	32.4729	20.0000
132.2640	32.5000	20.0000
132.2905	32.5500	20.0000
132.3000	32.5673	20.0000
132.3190	32.6000	20.0000
132.3492	32.6500	20.0000
132.3500	32.6514	20.0000
132.3817	32.7000	20.0000
132.4000	32.7274	20.0000
132.4160	32.7500	20.0000
132.4500	32.7973	20.0000
132.4521	32.8000	20.0000
132.4900	32.8500	20.0000
132.5000	32.8632	20.0000
132.5294	32.9000	20.0000
132.5500	32.9262	20.0000
132.5699	32.9500	20.0000
132.6000	32.9869	20.0000
132.6114	33.0000	20.0000
132.6500	33.0462	20.0000
132.6535	33.0500	20.0000
132.6960	33.1000	20.0000
132.7000	33.1051	20.0000
132.7387	33.1500	20.0000
132.7500	33.1644	20.0000
132.7814	33.2000	20.0000
132.8000	33.2238	20.0000
132.8237	33.2500	20.0000
132.8500	33.2836	20.0000
132.8652	33.3000	20.0000
132.9000	33.3444	20.0000
132.9053	33.3500	20.0000
132.9433	33.4000	20.0000
132.9500	33.4124	20.0000
132.9776	33.4500	20.0000
133.0000	33.4925	20.0000
133.0059	33.5000	20.0000
133.0166	33.5500	20.0000
133.0000	33.5631	20.0000
132.9500	33.5752	20.0000
132.9000	33.5811	20.0000
132.8500	33.5878	20.0000
132.8000	33.5971	20.0000
132.7904	33.6000	20.0000
132.7500	33.6102	20.0000
132.7000	33.6302	20.0000
132.6685	33.6500	20.0000
132.6500	33.6628	20.0000
132.6179	33.7000	20.0000
132.6000	33.7314	20.0000
132.5935	33.7500	20.0000
132.5874	33.8000	20.0000
132.5938	33.8500	20.0000
132.6000	33.8660	20.0000
132.6167	33.9000	20.0000
132.6500	33.9428	20.0000
132.6572	33.9500	20.0000
132.7000	33.9804	20.0000
132.7355	34.0000	20.0000
132.7500	34.0062	20.0000
132.8000	34.0199	20.0000
132.8500	34.0261	20.0000
132.9000	34.0237	20.0000
132.9500	34.0121	20.0000
132.9803	34.0000	20.0000
133.0000	33.9877	20.0000
133.0474	33.9500	20.0000
133.0500	33.9466	20.0000
133.0840	33.9000	20.0000
133.1000	33.8634	20.0000
133.1066	33.8500	20.0000
133.1194	33.8000	20.0000
133.1251	33.7500	20.0000
133.1268	33.7000	20.0000
133.1423	33.6500	20.0000
133.1500	33.6459	20.0000
133.2000	33.6456	20.0000
133.2164	33.6500	20.0000
133.2500	33.6573	20.0000
133.3000	33.6745	20.0000
133.3500	33.6948	20.0000
133.3596	33.7000	20.0000
133.4000	33.7190	20.0000
133.4500	33.7462	20.0000
133.4557	33.7500	20.0000
133.5000	33.7762	20.0000
133.5351	33.8000	20.0000
133.5500	33.8088	20.0000
133.6000	33.8435	20.0000
133.6083	33.8500	20.0000
133.6500	33.8791	20.0000
133.6773	33.9000	20.0000
133.7000	33.9154	20.0000
133.7478	33.9500	20.0000
133.7500	33.9514	20.0000
133.8000	33.9855	20.0000
133.8210	34.0000	20.0000
133.8500	34.0180	20.0000
133.9000	34.0484	20.0000
133.9028	34.0500	20.0000
133.9500	34.0753	20.0000
133.9996	34.1000	20.0000
134.0000	34.1002	20.0000
134.0500	34.1214	20.0000
134.1000	34.1405	20.0000
134.1279	34.1500	20.0000
134.1500	34.1571	20.0000
134.2000	34.1711	20.0000
134.2500	34.1834	20.0000
134.3000	34.1941	20.0000
134.3317	34.2000	20.0000
134.3500	34.2032	20.0000
134.4000	34.2106	20.0000
134.4500	34.2168	20.0000
134.5000	34.2218	20.0000
134.5500	34.2255	20.0000
134.6000	34.2281	20.0000
134.6500	34.2296	20.0000
134.7000	34.2298	20.0000
134.7500	34.2290	20.0000
134.8000	34.2271	20.0000
134.8500	34.2242	20.0000
134.9000	34.2203	20.0000
134.9500	34.2151	20.0000
135.0000	34.2084	20.0000
135.0471	34.2000	20.0000
135.0500	34.1994	20.0000
135.1000	34.1877	20.0000
135.1500	34.1725	20.0000
135.2000	34.1532	20.0000
135.2069	34.1500	20.0000
135.2500	34.1305	20.0000
135.3000	34.1043	20.0000
135.3075	34.1000	20.0000
135.3500	34.0775	20.0000
135.3997	34.0500	20.0000
135.4000	34.0499	20.0000
135.4500	34.0252	20.0000
135.5000	34.0017	20.0000
135.5039	34.0000	20.0000
135.5500	33.9822	20.0000
135.6000	33.9649	20.0000
135.6500	33.9500	20.0000
135.6500	33.9500	20.0000
135.7000	33.9388	20.0000
135.7500	33.9300	20.0000
135.8000	33.9236	20.0000
135.8500	33.9197	20.0000
135.9000	33.9185	20.0000
135.9500	33.9200	20.0000
136.0000	33.9242	20.0000
136.0500	33.9314	20.0000
136.1000	33.9416	20.0000
136.1319	33.9500	20.0000
136.1500	33.9550	20.0000
136.2000	33.9721	20.0000
136.2500	33.9923	20.0000
136.2665	34.0000	20.0000
136.3000	34.0167	20.0000
136.3500	34.0446	20.0000
136.3587	34.0500	20.0000
136.4000	34.0775	20.0000
136.4311	34.1000	20.0000
136.4500	34.1148	20.0000
136.4920	34.1500	20.0000
136.5000	34.1573	20.0000
136.5449	34.2000	20.0000
136.5500	34.2053	20.0000
136.5925	34.2500	20.0000
136.6000	34.2584	20.0000
136.6369	34.3000	20.0000
136.6500	34.3154	20.0000
136.6799	34.3500	20.0000
136.7000	34.3740	20.0000
136.7227	34.4000	20.0000
136.7500	34.4318	20.0000
136.7665	34.4500	20.0000
136.8000	34.4872	20.0000
136.8123	34.5000	20.0000
136.8500	34.5397	20.0000
136.8606	34.5500	20.0000
136.9000	34.5895	20.0000
136.9113	34.6000	20.0000
136.9500	34.6373	20.0000
136.9642	34.6500	20.0000
137.0000	34.6839	20.0000
137.0183	34.7000	20.0000
137.0500	34.7298	20.0000
137.0734	34.7500	20.0000
137.1000	34.7750	20.0000
137.1297	34.8000	20.0000
137.1500	34.8187	20.0000
137.1900	34.8500	20.0000
137.2000	34.8585	20.0000
137.2500	34.8913	20.0000
137.2690	34.9000	20.0000
137.3000	34.9140	20.0000
137.3500	34.9266	20.0000
137.4000	34.9319	20.0000
137.4500	34.9337	20.0000
137.5000	34.9347	20.0000
137.5500	34.9367	20.0000
137.6000	34.9406	20.0000
137.6500	34.9466	20.0000
137.6693	34.9500	20.0000
137.7000	34.9547	20.0000
137.7500	34.9647	20.0000
137.8000	34.9768	20.0000
137.8500	34.9912	20.0000
137.8758	35.0000	20.0000
137.9000	35.0074	20.0000
137.9500	35.0251	20.0000
138.0000	35.0451	20.0000
138.0106	35.0500	20.0000
138.0500	35.0663	20.0000
138.1000	35.0892	20.0000
138.1214	35.1000	20.0000
138.1500	35.1132	20.0000
138.2000	35.1381	20.0000
138.2226	35.1500	20.0000
138.2500	35.1635	20.0000
138.3000	35.1888	20.0000
138.3220	35.2000	20.0000
138.3500	35.2135	20.0000
138.4000	35.2373	20.0000
138.4280	35.2500	20.0000
138.4500	35.2596	20.0000
138.5000	35.2800	20.0000
138.5500	35.2987	20.0000
138.5539	35.3000	20.0000
138.6000	35.3149	20.0000
138.6500	35.3293	20.0000
138.7000	35.3418	20.0000
138.7370	35.3500	20.0000
138.7500	35.3529	20.0000
138.8000	35.3625	20.0000
138.8500	35.3713	20.0000
138.9000	35.3795	20.0000
138.9500	35.3875	20.0000
139.0000	35.3953	20.0000
139.0308	35.4000	20.0000
139.0500	35.4029	20.0000
139.1000	35.4104	20.0000
139.1500	35.4178	20.0000
139.2000	35.4250	20.0000
139.2500	35.4319	20.0000
139.3000	35.4382	20.0000
139.3500	35.4437	20.0000
139.4000	35.4482	20.0000
139.4274	35.4500	20.0000
139.4500	35.4515	20.0000
139.5000	35.4535	20.0000
139.5500	35.4543	20.0000
139.6000	35.4538	20.0000
139.6500	35.4522	20.0000
139.6876	35.4500	20.0000
139.7000	35.4492	20.0000
139.7500	35.4446	20.0000
139.8000	35.4380	20.0000
139.8500	35.4284	20.0000
139.9000	35.4150	20.0000
> 20 contour -Z20
135.8000	34.9098	20.0000
135.8500	34.9238	20.0000
135.9000	34.9323	20.0000
135.9500	34.9344	20.0000
136.0000	34.9285	20.0000
136.0500	34.9124	20.0000
136.0723	34.9000	20.0000
136.1000	34.8707	20.0000
136.1139	34.8500	20.0000
136.1231	34.8000	20.0000
136.1134	34.7500	20.0000
136.1000	34.7228	20.0000
136.0877	34.7000	20.0000
136.0500	34.6542	20.0000
136.0460	34.6500	20.0000
136.0000	34.6125	20.0000
135.9808	34.6000	20.0000
135.9500	34.5826	20.0000
135.9000	34.5624	20.0000
135.8500	34.5506	20.0000
135.8375	34.5500	20.0000
135.8000	34.5481	20.0000
135.7850	34.5500	20.0000
135.7500	34.5553	20.0000
135.7000	34.5742	20.0000
135.6605	34.6000	20.0000
135.6500	34.6105	20.0000
135.6214	34.6500	20.0000
135.6084	34.7000	20.0000
135.6155	34.7500	20.0000
135.6409	34.8000	20.0000
135.6500	34.8101	20.0000
135.6890	34.8500	20.0000
135.7000	34.8577	20.0000
135.7500	34.8881	20.0000
135.7741	34.9000	20.0000
135.8000	34.9098	20.0000
> 20 contour -Z20
130.3533	34.7500	20.0000
130.4000	34.7306	20.0000
130.4500	34.7053	20.0000
130.4581	34.7000	20.0000
130.5000	34.6623	20.0000
130.5093	34.6500	20.0000
130.5274	34.6000	20.0000
130.5279	34.5500	20.0000
130.5162	34.5000	20.0000
130.5000	34.4597	20.0000
130.4949	34.4500	20.0000
130.4591	34.4000	20.0000
130.4500	34.3896	20.0000
130.4034	34.3500	20.0000
130.4000	34.3475	20.0000
130.3500	34.3214	20.0000
130.3000	34.3025	20.0000
130.2900	34.3000	20.0000
130.2500	34.2908	20.0000
130.2000	34.2833	20.0000
130.1500	34.2789	20.0000
130.1000	34.2770	20.0000
130.0500	34.2773	20.0000
> 20 contour -Z20
126.1000	28.6308	20.0000
126.1326	28.6500	20.0000
126.1500	28.6609	20.0000
126.2000	28.6925	20.0000
126.2115	28.7000	20.0000
126.2500	28.7265	20.0000
126.2835	28.7500	20.0000
126.3000	28.7622	20.0000
126.3492	28.8000	20.0000
126.3500	28.8006	20.0000
126.4000	28.8430	20.0000
126.4078	28.8500	20.0000
126.4500	28.8888	20.0000
126.4614	28.9000	20.0000
126.5000	28.9382	20.0000
126.5113	28.9500	20.0000
126.5500	28.9905	20.0000
126.5586	29.0000	20.0000
126.6000	29.0452	20.0000
126.6042	29.0500	20.0000
126.6490	29.1000	20.0000
126.6500	29.1011	20.0000
126.6932	29.1500	20.0000
126.7000	29.1574	20.0000
126.7381	29.2000	20.0000
126.7500	29.2128	20.0000
126.7841	29.2500	20.0000
126.8000	29.2667	20.0000
126.8317	29.3000	20.0000
126.8500	29.3186	20.0000
126.8812	29.3500	20.0000
126.9000	29.3685	20.0000
126.9326	29.4000	20.0000
126.9500	29.4165	20.0000
126.9858	29.4500	20.0000
127.0000	29.4632	20.0000
127.0402	29.5000	20.0000
127.0500	29.5090	20.0000
127.0948	29.5500	20.0000
127.1000	29.5548	20.0000
127.1484	29.6000	20.0000
127.1500	29.6015	20.0000
127.1998	29.6500	20.0000
127.2000	29.6502	20.0000
127.2478	29.7000	20.0000
127.2500	29.7024	20.0000
127.2920	29.7500	20.0000
127.3000	29.7596	20.0000
127.3323	29.8000	20.0000
127.3500	29.8237	20.0000
127.3689	29.8500	20.0000
127.4000	29.8966	20.0000
127.4022	29.9000	20.0000
> 20 contour -Z20
125.9500	28.5446	20.0000
125.9600	28.5500	20.0000
126.0000	28.5731	20.0000
126.0484	28.6000	20.0000
> 20 contour -Z20
125.0500	27.8405	20.0000
125.0620	27.8500	20.0000
125.1000	27.8819	20.0000
125.1207	27.9000	20.0000
125.1500	27.9268	20.0000
125.1745	27.9500	20.0000
> 40 contour -Z40
136.7512	37.1500	40.0000
136.7693	37.1000	40.0000
136.7820	37.0500	40.0000
136.7910	37.0000	40.0000
136.7974	36.9500	40.0000
136.8000	36.9256	40.0000
136.8020	36.9000	40.0000
136.8059	36.8500	40.0000
136.8101	36.8000	40.0000
136.8152	36.7500	40.0000
136.8218	36.7000	40.0000
136.8304	36.6500	40.0000
136.8414	36.6000	40.0000
136.8500	36.5684	40.0000
136.8552	36.5500	40.0000
136.8723	36.5000	40.0000
136.8936	36.4500	40.0000
136.9000	36.4366	40.0000
136.9213	36.4000	40.0000
136.9500	36.3575	40.0000
136.9569	36.3500	40.0000
137.0000	36.3053	40.0000
137.0076	36.3000	40.0000
137.0500	36.2693	40.0000
137.0935	36.2500	40.0000
137.1000	36.2467	40.0000
137.1500	36.2283	40.0000
137.2000	36.2146	40.0000
137.2500	36.2020	40.0000
137.2571	36.2000	40.0000
137.3000	36.1856	40.0000
137.3500	36.1680	40.0000
137.3999	36.1500	40.0000
137.4000	36.1499	40.0000
137.4500	36.1274	40.0000
137.5000	36.1084	40.0000
137.5297	36.1000	40.0000
137.5500	36.0928	40.0000
137.6000	36.0843	40.0000
137.6500	36.0867	40.0000
137.6991	36.1000	40.0000
137.7000	36.1002	40.0000
137.7500	36.1205	40.0000
137.8000	36.1485	40.0000
137.8023	36.1500	40.0000
137.8500	36.1783	40.0000
137.8844	36.2000	40.0000
137.9000	36.2092	40.0000
137.9500	36.2381	40.0000
137.9724	36.2500	40.0000
138.0000	36.2640	40.0000
138.0500	36.2862	40.0000
138.0875	36.3000	40.0000
138.1000	36.3044	40.0000
138.1500	36.3180	40.0000
138.2000	36.3272	40.0000
138.2500	36.3320	40.0000
138.3000	36.3324	40.0000
138.3500	36.3285	40.0000
138.4000	36.3207	40.0000
138.4500	36.3094	40.0000
138.4839	36.3000	40.0000
138.5000	36.2952	40.0000
138.5500	36.2781	40.0000
138.6000	36.2600	40.0000
138.6268	36.2500	40.0000
138.6500	36.2403	40.0000
138.7000	36.2193	40.0000
138.7470	36.2000	40.0000
138.7500	36.1985	40.0000
138.8000	36.1734	40.0000
138.8465	36.1500	40.0000
138.8500	36.1474	40.0000
138.9000	36.1094	40.0000
138.9115	36.1000	40.0000
138.9378	36.0500	40.0000
138.9282	36.0000	40.0000
138.9000	35.9675	40.0000
138.8848	35.9500	40.0000
138.8500	35.9274	40.0000
138.8095	35.9000	40.0000
138.8000	35.8955	40.0000
138.7500	35.8709	40.0000
138.7114	35.8500	40.0000
138.7000	35.8452	40.0000
138.6500	35.8224	40.0000
138.6070	35.8000	40.0000
138.6000	35.7970	40.0000
138.5500	35.7734	40.0000
138.5068	35.7500	40.0000
138.5000	35.7469	40.0000
138.4500	35.7217	40.0000
138.4112	35.7000	40.0000
138.4000	35.6945	40.0000
138.3500	35.6689	40.0000
138.3149	35.6500	40.0000
138.3000	35.6429	40.0000
138.2500	35.6196	40.0000
138.2066	35.6000	40.0000
138.2000	35.5973	40.0000
138.1500	35.5799	40.0000
138.1000	35.5657	40.0000
138.0500	35.5560	40.0000
138.0000	35.5521	40.0000
137.9500	35.5552	40.0000
137.9000	35.5660	40.0000
137.8500	35.5840	40.0000
137.8169	35.6000	40.0000
137.8000	35.6098	40.0000
137.7500	35.6426	40.0000
137.7390	35.6500	40.0000
137.7000	35.6805	40.0000
137.6722	35.7000	40.0000
137.6500	35.7180	40.0000
137.6002	35.7500	40.0000
137.6000	35.7501	40.0000
137.5500	35.7794	40.0000
137.5000	35.7991	40.0000
137.4973	35.8000	40.0000
137.4500	35.8184	40.0000
137.4000	35.8343	40.0000
137.3500	35.8490	40.0000
137.3468	35.8500	40.0000
137.3000	35.8675	40.0000
137.2500	35.8848	40.0000
137.2012	35.9000	40.0000
137.2000	35.9005	40.0000
137.1500	35.9175	40.0000
137.1000	35.9290	40.0000
137.0500	35.9339	40.0000
137.0000	35.9304	40.0000
136.9500	35.9162	40.0000
136.9194	35.9000	40.0000
136.9000	35.8906	40.0000
136.8500	35.8538	40.0000
136.8459	35.8500	40.0000
136.8000	35.8071	40.0000
136.7932	35.8000	40.0000
136.7500	35.7540	40.0000
136.7461	35.7500	40.0000
136.7000	35.7026	40.0000
136.6970	35.7000	40.0000
136.6500	35.6605	40.0000
136.6333	35.6500	40.0000
136.6000	35.6306	40.0000
136.5500	35.6119	40.0000
136.5000	35.6017	40.0000
136.4791	35.6000	40.0000
136.4500	35.5978	40.0000
136.4000	35.5974	40.0000
136.3500	35.5983	40.0000
136.3000	35.5987	40.0000
136.2500	35.5974	40.0000
136.2000	35.5934	40.0000
136.1500	35.5863	40.0000
136.1000	35.5761	40.0000
136.0500	35.5632	40.0000
136.0047	35.5500	40.0000
136.0000	35.5488	40.0000
135.9500	35.5352	40.0000
135.9000	35.5221	40.0000
135.8500	35.5101	40.0000
135.8013	35.5000	40.0000
135.8000	35.4998	40.0000
135.7500	35.4924	40.0000
135.7000	35.4869	40.0000
135.6500	35.4834	40.0000
135.6000	35.4821	40.0000
135.5500	35.4830	40.0000
135.5000	35.4865	40.0000
135.4500	35.4929	40.0000
135.4121	35.5000	40.0000
135.4000	35.5030	40.0000
135.3500	35.5190	40.0000
135.3000	35.5406	40.0000
135.2822	35.5500	40.0000
135.2500	35.5750	40.0000
135.2234	35.6000	40.0000
135.2000	35.6385	40.0000
135.1938	35.6500	40.0000
135.1813	35.7000	40.0000
135.1806	35.7500	40.0000
135.1886	35.8000	40.0000
135.2000	35.8372	40.0000
135.2037	35.8500	40.0000
135.2249	35.9000	40.0000
135.2500	35.9454	40.0000
135.2525	35.9500	40.0000
135.2874	36.0000	40.0000
135.3000	36.0146	40.0000
135.3316	36.0500	40.0000
135.3500	36.0668	40.0000
135.3882	36.1000	40.0000
135.4000	36.1085	40.0000
135.4500	36.1428	40.0000
135.4608	36.1500	40.0000
135.5000	36.1722	40.0000
135.5490	36.2000	40.0000
135.5500	36.2005	40.0000
135.6000	36.2269	40.0000
135.6390	36.2500	40.0000
135.6500	36.2558	40.0000
135.7000	36.2865	40.0000
135.7184	36.3000	40.0000
135.7500	36.3210	40.0000
135.7866	36.3500	40.0000
135.8000	36.3597	40.0000
135.8473	36.4000	40.0000
135.8500	36.4021	40.0000
135.9000	36.4469	40.0000
135.9031	36.4500	40.0000
> 40 contour -Z40
121.2500	25.9730	40.0000
121.2741	25.9500	40.0000
121.3000	25.9215	40.0000
121.3198	25.9000	40.0000
121.3500	25.8603	40.0000
121.3579	25.8500	40.0000
121.3889	25.8000	40.0000
121.4000	25.7786	40.0000
121.4150	25.7500	40.0000
121.4384	25.7000	40.0000
121.4500	25.6742	40.0000
121.4615	25.6500	40.0000
121.4858	25.6000	40.0000
121.5000	25.5729	40.0000
121.5130	25.5500	40.0000
121.5445	25.5000	40.0000
121.5500	25.4920	40.0000
121.5823	25.4500	40.0000
121.6000	25.4294	40.0000
121.6281	25.4000	40.0000
121.6500	25.3795	40.0000
121.6848	25.3500	40.0000
121.7000	25.3385	40.0000
121.7500	25.3039	40.0000
121.7559	25.3000	40.0000
121.8000	25.2741	40.0000
121.8437	25.2500	40.0000
121.8500	25.2468	40.0000
121.9000	25.2222	40.0000
121.9466	25.2000	40.0000
121.9500	25.1985	40.0000
122.0000	25.1764	40.0000
122.0500	25.1548	40.0000
122.0612	25.1500	40.0000
122.1000	25.1343	40.0000
122.1500	25.1145	40.0000
122.1873	25.1000	40.0000
122.2000	25.0953	40.0000
122.2500	25.0772	40.0000
122.3000	25.0597	40.0000
122.3287	25.0500	40.0000
122.3500	25.0429	40.0000
122.4000	25.0270	40.0000
122.4500	25.0118	40.0000
122.4903	25.0000	40.0000
122.5000	24.9971	40.0000
122.5500	24.9833	40.0000
122.6000	24.9701	40.0000
122.6500	24.9578	40.0000
122.6845	24.9500	40.0000
122.7000	24.9464	40.0000
122.7500	24.9361	40.0000
122.8000	24.9270	40.0000
122.8500	24.9191	40.0000
122.9000	24.9126	40.0000
122.9500	24.9074	40.0000
123.0000	24.9036	40.0000
123.0500	24.9010	40.0000
123.0872	24.9000	40.0000
123.1000	24.8997	40.0000
123.1500	24.8996	40.0000
123.1706	24.9000	40.0000
123.2000	24.9006	40.0000
123.2500	24.9029	40.0000
123.3000	24.9065	40.0000
123.3500	24.9112	40.0000
123.4000	24.9172	40.0000
123.4500	24.9244	40.0000
123.5000	24.9328	40.0000
123.5500	24.9421	40.0000
123.5885	24.9500	40.0000
123.6000	24.9524	40.0000
123.6500	24.9633	40.0000
123.7000	24.9746	40.0000
123.7500	24.9862	40.0000
123.8000	24.9979	40.0000
123.8094	25.0000	40.0000
123.8500	25.0095	40.0000
123.9000	25.0211	40.0000
123.9500	25.0325	40.0000
124.0000	25.0439	40.0000
124.0268	25.0500	40.0000
124.0500	25.0557	40.0000
124.1000	25.0681	40.0000
124.1500	25.0816	40.0000
124.2000	25.0970	40.0000
124.2088	25.1000	40.0000
124.2500	25.1156	40.0000
124.3000	25.1386	40.0000
124.3208	25.1500	40.0000
124.3500	25.1680	40.0000
124.3928	25.2000	40.0000
124.4000	25.2058	40.0000
124.4479	25.2500	40.0000
124.4500	25.2520	40.0000
124.4975	25.3000	40.0000
124.5000	25.3024	40.0000
124.5484	25.3500	40.0000
124.5500	25.3514	40.0000
124.6000	25.3951	40.0000
124.6057	25.4000	40.0000
124.6500	25.4332	40.0000
124.6731	25.4500	40.0000
124.7000	25.4672	40.0000
124.7500	25.4982	40.0000
124.7531	25.5000	40.0000
124.8000	25.5251	40.0000
124.8474	25.5500	40.0000
124.8500	25.5513	40.0000
124.9000	25.5749	40.0000
124.9500	25.5987	40.0000
124.9528	25.6000	40.0000
125.0000	25.6210	40.0000
125.0500	25.6439	40.0000
125.0634	25.6500	40.0000
125.1000	25.6664	40.0000
125.1500	25.6895	40.0000
125.1724	25.7000	40.0000
125.2000	25.7129	40.0000
125.2500	25.7369	40.0000
125.2766	25.7500	40.0000
125.3000	25.7616	40.0000
125.3500	25.7867	40.0000
125.3761	25.8000	40.0000
125.4000	25.8123	40.0000
125.4500	25.8382	40.0000
125.4727	25.8500	40.0000
125.5000	25.8643	40.0000
125.5500	25.8904	40.0000
125.5686	25.9000	40.0000
125.6000	25.9162	40.0000
125.6500	25.9422	40.0000
125.6653	25.9500	40.0000
125.7000	25.9677	40.0000
125.7500	25.9937	40.0000
125.7622	26.0000	40.0000
125.8000	26.0194	40.0000
125.8500	26.0461	40.0000
125.8573	26.0500	40.0000
125.9000	26.0727	40.0000
125.9481	26.1000	40.0000
125.9500	26.1011	40.0000
126.0000	26.1297	40.0000
126.0329	26.1500	40.0000
126.0500	26.1605	40.0000
126.1000	26.1932	40.0000
126.1099	26.2000	40.0000
126.1500	26.2278	40.0000
126.1795	26.2500	40.0000
126.2000	26.2656	40.0000
126.2420	26.3000	40.0000
126.2500	26.3067	40.0000
126.2983	26.3500	40.0000
126.3000	26.3515	40.0000
126.3496	26.4000	40.0000
126.3500	26.4004	40.0000
126.3968	26.4500	40.0000
126.4000	26.4534	40.0000
126.4412	26.5000	40.0000
126.4500	26.5101	40.0000
126.4836	26.5500	40.0000
126.5000	26.5696	40.0000
126.5249	26.6000	40.0000
126.5500	26.6303	40.0000
126.5661	26.6500	40.0000
126.6000	26.6906	40.0000
126.6078	26.7000	40.0000
126.6500	26.7490	40.0000
126.6509	26.7500	40.0000
126.6966	26.8000	40.0000
126.7000	26.8035	40.0000
126.7451	26.8500	40.0000
126.7500	26.8548	40.0000
126.7970	26.9000	40.0000
126.8000	26.9028	40.0000
126.8500	26.9473	40.0000
126.8531	26.9500	40.0000
126.9000	26.9883	40.0000
126.9148	27.0000	40.0000
126.9500	27.0267	40.0000
126.9814	27.0500	40.0000
127.0000	27.0632	40.0000
127.0500	27.0979	40.0000
127.0533	27.1000	40.0000
127.1000	27.1288	40.0000
127.1344	27.1500	40.0000
127.1500	27.1592	40.0000
127.2000	27.1872	40.0000
127.2237	27.2000	40.0000
127.2500	27.2137	40.0000
127.3000	27.2389	40.0000
127.3231	27.2500	40.0000
127.3500	27.2624	40.0000
127.4000	27.2848	40.0000
127.4342	27.3000	40.0000
127.4500	27.3067	40.0000
127.5000	27.3267	40.0000
127.5500	27.3483	40.0000
127.5542	27.3500	40.0000
127.6000	27.3675	40.0000
127.6500	27.3886	40.0000
127.6751	27.4000	40.0000
127.7000	27.4105	40.0000
127.7500	27.4338	40.0000
127.7806	27.4500	40.0000
127.8000	27.4595	40.0000
127.8500	27.4876	40.0000
127.8694	27.5000	40.0000
127.9000	27.5183	40.0000
127.9463	27.5500	40.0000
127.9500	27.5524	40.0000
128.0000	27.5891	40.0000
128.0131	27.6000	40.0000
128.0500	27.6289	40.0000
128.0741	27.6500	40.0000
128.1000	27.6715	40.0000
128.1309	27.7000	40.0000
128.1500	27.7166	40.0000
128.1847	27.7500	40.0000
128.2000	27.7639	40.0000
128.2364	27.8000	40.0000
128.2500	27.8128	40.0000
128.2864	27.8500	40.0000
128.3000	27.8630	40.0000
128.3355	27.9000	40.0000
128.3500	27.9142	40.0000
128.3838	27.9500	40.0000
128.4000	27.9661	40.0000
128.4315	28.0000	40.0000
128.4500	28.0187	40.0000
128.4785	28.0500	40.0000
128.5000	28.0720	40.0000
128.5250	28.1000	40.0000
128.5500	28.1262	40.0000
128.5708	28.1500	40.0000
128.6000	28.1812	40.0000
128.6163	28.2000	40.0000
128.6500	28.2364	40.0000
128.6617	28.2500	40.0000
128.7000	28.2913	40.0000
128.7075	28.3000	40.0000
128.7500	28.3454	40.0000
128.7540	28.3500	40.0000
128.8000	28.3985	40.0000
128.8014	28.4000	40.0000
128.8496	28.4500	40.0000
128.8500	28.4504	40.0000
128.8982	28.5000	40.0000
128.9000	28.5017	40.0000
128.9471	28.5500	40.0000
128.9500	28.5529	40.0000
128.9957	28.6000	40.0000
129.0000	28.6043	40.0000
129.0437	28.6500	40.0000
129.0500	28.6565	40.0000
129.0907	28.7000	40.0000
129.1000	28.7098	40.0000
129.1367	28.7500	40.0000
129.1500	28.7645	40.0000
129.1816	28.8000	40.0000
129.2000	28.8205	40.0000
129.2257	28.8500	40.0000
129.2500	28.8778	40.0000
129.2690	28.9000	40.0000
129.3000	28.9358	40.0000
129.3121	28.9500	40.0000
129.3500	28.9939	40.0000
129.3553	29.0000	40.0000
129.3988	29.0500	40.0000
129.4000	29.0514	40.0000
129.4430	29.1000	40.0000
129.4500	29.1079	40.0000
129.4880	29.1500	40.0000
129.5000	29.1632	40.0000
129.5338	29.2000	40.0000
129.5500	29.2177	40.0000
129.5801	29.2500	40.0000
129.6000	29.2716	40.0000
129.6266	29.3000	40.0000
129.6500	29.3254	40.0000
129.6729	29.3500	40.0000
129.7000	29.3797	40.0000
129.7187	29.4000	40.0000
129.7500	29.4349	40.0000
129.7636	29.4500	40.0000
129.8000	29.4915	40.0000
129.8075	29.5000	40.0000
129.8500	29.5498	40.0000
129.8502	29.5500	40.0000
129.8915	29.6000	40.0000
129.9000	29.6106	40.0000
129.9316	29.6500	40.0000
129.9500	29.6737	40.0000
129.9704	29.7000	40.0000
130.0000	29.7391	40.0000
130.0081	29.7500	40.0000
130.0447	29.8000	40.0000
130.0500	29.8074	40.0000
130.0800	29.8500	40.0000
130.1000	29.8786	40.0000
130.1146	29.9000	40.0000
130.1485	29.9500	40.0000
130.1500	29.9523	40.0000
130.1814	30.0000	40.0000
130.2000	30.0282	40.0000
130.2141	30.0500	40.0000
130.2467	30.1000	40.0000
130.2500	30.1051	40.0000
130.2790	30.1500	40.0000
130.3000	30.1819	40.0000
130.3118	30.2000	40.0000
130.3450	30.2500	40.0000
130.3500	30.2574	40.0000
130.3787	30.3000	40.0000
130.4000	30.3308	40.0000
130.4133	30.3500	40.0000
130.4486	30.4000	40.0000
130.4500	30.4019	40.0000
130.4846	30.4500	40.0000
130.5000	30.4711	40.0000
130.5212	30.5000	40.0000
130.5500	30.5389	40.0000
130.5583	30.5500	40.0000
130.5955	30.6000	40.0000
130.6000	30.6060	40.0000
130.6326	30.6500	40.0000
130.6500	30.6735	40.0000
130.6694	30.7000	40.0000
130.7000	30.7419	40.0000
130.7058	30.7500	40.0000
130.7414	30.8000	40.0000
130.7500	30.8122	40.0000
130.7760	30.8500	40.0000
130.8000	30.8852	40.0000
130.8099	30.9000	40.0000
130.8426	30.9500	40.0000
130.8500	30.9614	40.0000
130.8743	31.0000	40.0000
130.9000	31.0413	40.0000
130.9053	31.0500	40.0000
130.9351	31.1000	40.0000
130.9500	31.1252	40.0000
130.9644	31.1500	40.0000
130.9930	31.2000	40.0000
131.0000	31.2124	40.0000
131.0209	31.2500	40.0000
131.0487	31.3000	40.0000
131.0500	31.3024	40.0000
131.0757	31.3500	40.0000
131.1000	31.3950	40.0000
131.1027	31.4000	40.0000
131.1291	31.4500	40.0000
131.1500	31.4900	40.0000
131.1553	31.5000	40.0000
131.1811	31.5500	40.0000
131.2000	31.5874	40.0000
131.2066	31.6000	40.0000
131.2315	31.6500	40.0000
131.2500	31.6881	40.0000
131.2560	31.7000	40.0000
131.2799	31.7500	40.0000
131.3000	31.7931	40.0000
131.3033	31.8000	40.0000
131.3260	31.8500	40.0000
131.3482	31.9000	40.0000
131.3500	31.9043	40.0000
131.3697	31.9500	40.0000
131.3906	32.0000	40.0000
131.4000	32.0232	40.0000
131.4111	32.0500	40.0000
131.4314	32.1000	40.0000
131.4500	32.1463	40.0000
131.4515	32.1500	40.0000
131.4715	32.2000	40.0000
131.4916	32.2500	40.0000
131.5000	32.2707	40.0000
131.5116	32.3000	40.0000
131.5318	32.3500	40.0000
131.5500	32.3952	40.0000
131.5518	32.4000	40.0000
131.5717	32.4500	40.0000
131.5915	32.5000	40.0000
131.6000	32.5209	40.0000
131.6112	32.5500	40.0000
131.6310	32.6000	40.0000
131.6500	32.6477	40.0000
131.6509	32.6500	40.0000
131.6712	32.7000	40.0000
131.6920	32.7500	40.0000
131.7000	32.7682	40.0000
131.7136	32.8000	40.0000
131.7359	32.8500	40.0000
131.7500	32.8800	40.0000
131.7592	32.9000	40.0000
131.7835	32.9500	40.0000
131.8000	32.9828	40.0000
131.8085	33.0000	40.0000
131.8344	33.0500	40.0000
131.8500	33.0795	40.0000
131.8607	33.1000	40.0000
131.8870	33.1500	40.0000
131.9000	33.1746	40.0000
131.9132	33.2000	40.0000
131.9385	33.2500	40.0000
131.9500	33.2735	40.0000
131.9628	33.3000	40.0000
131.9858	33.3500	40.0000
132.0000	33.3831	40.0000
132.0072	33.4000	40.0000
132.0272	33.4500	40.0000
132.0454	33.5000	40.0000
132.0500	33.5135	40.0000
132.0624	33.5500	40.0000
132.0780	33.6000	40.0000
132.0923	33.6500	40.0000
132.1000	33.6781	40.0000
132.1060	33.7000	40.0000
132.1192	33.7500	40.0000
132.1321	33.8000	40.0000
132.1455	33.8500	40.0000
132.1500	33.8654	40.0000
132.1604	33.9000	40.0000
132.1776	33.9500	40.0000
132.1983	34.0000	40.0000
132.2000	34.0033	40.0000
132.2249	34.0500	40.0000
132.2500	34.0881	40.0000
132.2584	34.1000	40.0000
132.3000	34.1496	40.0000
132.3004	34.1500	40.0000
132.3500	34.1989	40.0000
132.3512	34.2000	40.0000
132.4000	34.2423	40.0000
132.4093	34.2500	40.0000
132.4500	34.2829	40.0000
132.4718	34.3000	40.0000
132.5000	34.3223	40.0000
132.5357	34.3500	40.0000
132.5500	34.3616	40.0000
132.5983	34.4000	40.0000
132.6000	34.4015	40.0000
132.6500	34.4430	40.0000
132.6586	34.4500	40.0000
132.7000	34.4868	40.0000
132.7151	34.5000	40.0000
132.7500	34.5337	40.0000
132.7673	34.5500	40.0000
132.8000	34.5846	40.0000
132.8149	34.6000	40.0000
132.8500	34.6410	40.0000
132.8580	34.6500	40.0000
132.8969	34.7000	40.0000
132.9000	34.7045	40.0000
132.9330	34.7500	40.0000
132.9500	34.7768	40.0000
132.9656	34.8000	40.0000
132.9954	34.8500	40.0000
133.0000	34.8584	40.0000
133.0246	34.9000	40.0000
133.0500	34.9480	40.0000
133.0512	34.9500	40.0000
133.0793	35.0000	40.0000
133.1000	35.0400	40.0000
133.1059	35.0500	40.0000
133.1344	35.1000	40.0000
133.1500	35.1287	40.0000
133.1635	35.1500	40.0000
133.1939	35.2000	40.0000
133.2000	35.2105	40.0000
133.2278	35.2500	40.0000
133.2500	35.2843	40.0000
133.2625	35.3000	40.0000
133.2986	35.3500	40.0000
133.3000	35.3522	40.0000
133.3379	35.4000	40.0000
133.3500	35.4179	40.0000
133.3756	35.4500	40.0000
133.4000	35.4873	40.0000
133.4094	35.5000	40.0000
133.4397	35.5500	40.0000
133.4500	35.5708	40.0000
133.4656	35.6000	40.0000
133.4877	35.6500	40.0000
133.5000	35.6820	40.0000
133.5073	35.7000	40.0000
133.5265	35.7500	40.0000
133.5446	35.8000	40.0000
133.5500	35.8144	40.0000
133.5641	35.8500	40.0000
133.5845	35.9000	40.0000
133.6000	35.9364	40.0000
133.6061	35.9500	40.0000
133.6299	36.0000	40.0000
> 40 contour -Z40
122.9182	26.5500	40.0000
122.9500	26.5222	40.0000
122.9805	26.5000	40.0000
123.0000	26.4859	40.0000
123.0500	26.4589	40.0000
123.0765	26.4500	40.0000
123.1000	26.4423	40.0000
123.1500	26.4353	40.0000
123.2000	26.4371	40.0000
123.2500	26.4462	40.0000
123.2627	26.4500	40.0000
123.3000	26.4612	40.0000
123.3500	26.4808	40.0000
123.3912	26.5000	40.0000
123.4000	26.5041	40.0000
123.4500	26.5297	40.0000
123.4873	26.5500	40.0000
123.5000	26.5570	40.0000
123.5500	26.5849	40.0000
123.5767	26.6000	40.0000
123.6000	26.6133	40.0000
123.6500	26.6416	40.0000
123.6651	26.6500	40.0000
123.7000	26.6696	40.0000
123.7500	26.6974	40.0000
123.7548	26.7000	40.0000
123.8000	26.7247	40.0000
123.8466	26.7500	40.0000
123.8500	26.7519	40.0000
123.9000	26.7787	40.0000
123.9398	26.8000	40.0000
123.9500	26.8056	40.0000
124.0000	26.8324	40.0000
124.0321	26.8500	40.0000
124.0500	26.8598	40.0000
124.1000	26.8877	40.0000
124.1213	26.9000	40.0000
124.1500	26.9165	40.0000
124.2000	26.9466	40.0000
124.2054	26.9500	40.0000
124.2500	26.9777	40.0000
124.2838	27.0000	40.0000
124.3000	27.0105	40.0000
124.3500	27.0447	40.0000
124.3573	27.0500	40.0000
124.4000	27.0800	40.0000
124.4269	27.1000	40.0000
124.4500	27.1166	40.0000
124.4942	27.1500	40.0000
124.5000	27.1542	40.0000
124.5500	27.1918	40.0000
124.5605	27.2000	40.0000
124.6000	27.2293	40.0000
124.6270	27.2500	40.0000
124.6500	27.2667	40.0000
124.6948	27.3000	40.0000
124.7000	27.3036	40.0000
124.7500	27.3393	40.0000
124.7647	27.3500	40.0000
124.8000	27.3743	40.0000
124.8369	27.4000	40.0000
124.8500	27.4087	40.0000
124.9000	27.4423	40.0000
124.9112	27.4500	40.0000
124.9500	27.4755	40.0000
124.9864	27.5000	40.0000
125.0000	27.5089	40.0000
125.0500	27.5427	40.0000
125.0605	27.5500	40.0000
125.1000	27.5773	40.0000
125.1313	27.6000	40.0000
125.1500	27.6136	40.0000
125.1973	27.6500	40.0000
125.2000	27.6521	40.0000
125.2500	27.6929	40.0000
125.2583	27.7000	40.0000
125.3000	27.7365	40.0000
125.3149	27.7500	40.0000
125.3500	27.7825	40.0000
125.3687	27.8000	40.0000
125.4000	27.8297	40.0000
125.4215	27.8500	40.0000
125.4500	27.8770	40.0000
125.4749	27.9000	40.0000
125.5000	27.9231	40.0000
125.5305	27.9500	40.0000
125.5500	27.9670	40.0000
125.5897	28.0000	40.0000
125.6000	28.0084	40.0000
125.6500	28.0471	40.0000
125.6539	28.0500	40.0000
125.7000	28.0830	40.0000
125.7247	28.1000	40.0000
125.7500	28.1168	40.0000
125.8000	28.1488	40.0000
125.8020	28.1500	40.0000
125.8500	28.1784	40.0000
125.8875	28.2000	40.0000
125.9000	28.2070	40.0000
125.9500	28.2342	40.0000
125.9793	28.2500	40.0000
126.0000	28.2609	40.0000
126.0500	28.2871	40.0000
126.0743	28.3000	40.0000
126.1000	28.3134	40.0000
126.1500	28.3401	40.0000
126.1679	28.3500	40.0000
126.2000	28.3676	40.0000
126.2500	28.3964	40.0000
126.2561	28.4000	40.0000
126.3000	28.4264	40.0000
126.3367	28.4500	40.0000
126.3500	28.4586	40.0000
126.4000	28.4930	40.0000
126.4096	28.5000	40.0000
126.4500	28.5301	40.0000
126.4750	28.5500	40.0000
126.5000	28.5705	40.0000
126.5338	28.6000	40.0000
126.5500	28.6146	40.0000
126.5871	28.6500	40.0000
126.6000	28.6627	40.0000
126.6360	28.7000	40.0000
126.6500	28.7150	40.0000
126.6815	28.7500	40.0000
126.7000	28.7710	40.0000
126.7248	28.8000	40.0000
126.7500	28.8300	40.0000
126.7666	28.8500	40.0000
126.8000	28.8906	40.0000
126.8077	28.9000	40.0000
126.8488	28.9500	40.0000
126.8500	28.9514	40.0000
126.8908	29.0000	40.0000
126.9000	29.0108	40.0000
126.9339	29.0500	40.0000
126.9500	29.0683	40.0000
126.9786	29.1000	40.0000
127.0000	29.1233	40.0000
127.0252	29.1500	40.0000
127.0500	29.1757	40.0000
127.0741	29.2000	40.0000
127.1000	29.2256	40.0000
127.1252	29.2500	40.0000
127.1500	29.2735	40.0000
127.1784	29.3000	40.0000
127.2000	29.3199	40.0000
127.2331	29.3500	40.0000
127.2500	29.3654	40.0000
127.2882	29.4000	40.0000
127.3000	29.4108	40.0000
127.3427	29.4500	40.0000
127.3500	29.4568	40.0000
127.3956	29.5000	40.0000
127.4000	29.5043	40.0000
127.4462	29.5500	40.0000
127.4500	29.5539	40.0000
127.4942	29.6000	40.0000
127.5000	29.6063	40.0000
127.5397	29.6500	40.0000
127.5500	29.6620	40.0000
127.5826	29.7000	40.0000
127.6000	29.7218	40.0000
127.6228	29.7500	40.0000
127.6500	29.7868	40.0000
127.6600	29.8000	40.0000
127.6945	29.8500	40.0000
127.7000	29.8589	40.0000
127.7266	29.9000	40.0000
127.7500	29.9409	40.0000
127.7554	29.9500	40.0000
127.7827	30.0000	40.0000
127.8000	30.0350	40.0000
127.8079	30.0500	40.0000
127.8325	30.1000	40.0000
127.8500	30.1374	40.0000
127.8564	30.1500	40.0000
127.8813	30.2000	40.0000
127.9000	30.2378	40.0000
127.9066	30.2500	40.0000
127.9341	30.3000	40.0000
127.9500	30.3282	40.0000
127.9634	30.3500	40.0000
127.9949	30.4000	40.0000
128.0000	30.4077	40.0000
128.0299	30.4500	40.0000
128.0500	30.4776	40.0000
128.0673	30.5000	40.0000
128.1000	30.5409	40.0000
128.1076	30.5500	40.0000
128.1500	30.5991	40.0000
128.1508	30.6000	40.0000
128.1971	30.6500	40.0000
128.2000	30.6530	40.0000
128.2461	30.7000	40.0000
128.2500	30.7038	40.0000
128.2975	30.7500	40.0000
128.3000	30.7524	40.0000
128.3500	30.7991	40.0000
128.3510	30.8000	40.0000
128.4000	30.8443	40.0000
128.4063	30.8500	40.0000
128.4500	30.8889	40.0000
128.4622	30.9000	40.0000
128.5000	30.9339	40.0000
128.5174	30.9500	40.0000
128.5500	30.9804	40.0000
128.5701	31.0000	40.0000
128.6000	31.0303	40.0000
128.6184	31.0500	40.0000
128.6500	31.0865	40.0000
128.6610	31.1000	40.0000
128.6976	31.1500	40.0000
128.7000	31.1537	40.0000
128.7287	31.2000	40.0000
128.7500	31.2403	40.0000
128.7549	31.2500	40.0000
128.7776	31.3000	40.0000
128.7971	31.3500	40.0000
128.8000	31.3583	40.0000
128.8148	31.4000	40.0000
128.8308	31.4500	40.0000
128.8454	31.5000	40.0000
128.8500	31.5169	40.0000
128.8596	31.5500	40.0000
128.8734	31.6000	40.0000
128.8865	31.6500	40.0000
128.8991	31.7000	40.0000
128.9000	31.7036	40.0000
128.9125	31.7500	40.0000
128.9255	31.8000	40.0000
128.9379	31.8500	40.0000
128.9498	31.9000	40.0000
128.9500	31.9011	40.0000
128.9624	31.9500	40.0000
128.9744	32.0000	40.0000
128.9856	32.0500	40.0000
128.9964	32.1000	40.0000
129.0000	32.1181	40.0000
129.0084	32.1500	40.0000
129.0223	32.2000	40.0000
129.0394	32.2500	40.0000
129.0500	32.2745	40.0000
129.0669	32.3000	40.0000
129.1000	32.3358	40.0000
129.1236	32.3500	40.0000
129.1500	32.3622	40.0000
129.2000	32.3742	40.0000
129.2500	32.3794	40.0000
129.3000	32.3813	40.0000
129.3500	32.3824	40.0000
129.4000	32.3845	40.0000
129.4500	32.3892	40.0000
129.5000	32.3980	40.0000
129.5068	32.4000	40.0000
129.5500	32.4126	40.0000
129.6000	32.4348	40.0000
129.6246	32.4500	40.0000
129.6500	32.4665	40.0000
129.6891	32.5000	40.0000
129.7000	32.5101	40.0000
129.7347	32.5500	40.0000
129.7500	32.5694	40.0000
129.7705	32.6000	40.0000
129.8000	32.6491	40.0000
129.8005	32.6500	40.0000
129.8245	32.7000	40.0000
129.8462	32.7500	40.0000
129.8500	32.7598	40.0000
129.8648	32.8000	40.0000
129.8821	32.8500	40.0000
129.8988	32.9000	40.0000
129.9000	32.9036	40.0000
129.9147	32.9500	40.0000
129.9309	33.0000	40.0000
129.9477	33.0500	40.0000
129.9500	33.0568	40.0000
129.9644	33.1000	40.0000
129.9816	33.1500	40.0000
129.9991	33.2000	40.0000
130.0000	33.2024	40.0000
130.0160	33.2500	40.0000
130.0329	33.3000	40.0000
130.0497	33.3500	40.0000
130.0500	33.3511	40.0000
130.0655	33.4000	40.0000
130.0818	33.4500	40.0000
130.0990	33.5000	40.0000
130.1000	33.5027	40.0000
130.1171	33.5500	40.0000
130.1381	33.6000	40.0000
130.1500	33.6237	40.0000
130.1630	33.6500	40.0000
130.1932	33.7000	40.0000
130.2000	33.7091	40.0000
130.2300	33.7500	40.0000
130.2500	33.7722	40.0000
130.2747	33.8000	40.0000
130.3000	33.8237	40.0000
130.3271	33.8500	40.0000
130.3500	33.8689	40.0000
130.3853	33.9000	40.0000
130.4000	33.9113	40.0000
130.4456	33.9500	40.0000
130.4500	33.9534	40.0000
130.5000	33.9973	40.0000
130.5027	34.0000	40.0000
130.5500	34.0460	40.0000
130.5535	34.0500	40.0000
130.5968	34.1000	40.0000
130.6000	34.1038	40.0000
130.6323	34.1500	40.0000
130.6500	34.1779	40.0000
130.6621	34.2000	40.0000
130.6867	34.2500	40.0000
130.7000	34.2803	40.0000
130.7079	34.3000	40.0000
130.7264	34.3500	40.0000
130.7433	34.4000	40.0000
130.7500	34.4206	40.0000
130.7593	34.4500	40.0000
130.7743	34.5000	40.0000
130.7886	34.5500	40.0000
130.8000	34.5931	40.0000
130.8019	34.6000	40.0000
130.8136	34.6500	40.0000
130.8230	34.7000	40.0000
130.8290	34.7500	40.0000
130.8306	34.8000	40.0000
> 60 contour -Z60
121.7533	26.0000	60.0000
121.7921	25.9500	60.0000
121.8000	25.9389	60.0000
121.8292	25.9000	60.0000
121.8500	25.8719	60.0000
121.8678	25.8500	60.0000
121.9000	25.8113	60.0000
121.9105	25.8000	60.0000
121.9500	25.7592	60.0000
121.9599	25.7500	60.0000
122.0000	25.7134	60.0000
122.0159	25.7000	60.0000
122.0500	25.6713	60.0000
122.0764	25.6500	60.0000
122.1000	25.6308	60.0000
122.1382	25.6000	60.0000
122.1500	25.5906	60.0000
122.2000	25.5509	60.0000
122.2011	25.5500	60.0000
122.2500	25.5140	60.0000
122.2691	25.5000	60.0000
122.3000	25.4797	60.0000
122.3467	25.4500	60.0000
122.3500	25.4482	60.0000
122.4000	25.4224	60.0000
122.4460	25.4000	60.0000
122.4500	25.3983	60.0000
122.5000	25.3794	60.0000
122.5500	25.3621	60.0000
122.5890	25.3500	60.0000
122.6000	25.3470	60.0000
122.6500	25.3353	60.0000
122.7000	25.3251	60.0000
122.7500	25.3165	60.0000
122.8000	25.3094	60.0000
122.8500	25.3040	60.0000
122.9000	25.3003	60.0000
122.9061	25.3000	60.0000
122.9500	25.2983	60.0000
123.0000	25.2976	60.0000
123.0500	25.2981	60.0000
123.1000	25.2995	60.0000
123.1118	25.3000	60.0000
123.1500	25.3020	60.0000
123.2000	25.3055	60.0000
123.2500	25.3100	60.0000
123.3000	25.3156	60.0000
123.3500	25.3224	60.0000
123.4000	25.3306	60.0000
123.4500	25.3404	60.0000
123.4914	25.3500	60.0000
123.5000	25.3523	60.0000
123.5500	25.3677	60.0000
123.6000	25.3849	60.0000
123.6398	25.4000	60.0000
123.6500	25.4044	60.0000
123.7000	25.4281	60.0000
123.7436	25.4500	60.0000
123.7500	25.4536	60.0000
123.8000	25.4838	60.0000
123.8259	25.5000	60.0000
123.8500	25.5167	60.0000
123.8972	25.5500	60.0000
123.9000	25.5522	60.0000
123.9500	25.5912	60.0000
123.9614	25.6000	60.0000
124.0000	25.6318	60.0000
124.0229	25.6500	60.0000
124.0500	25.6726	60.0000
124.0849	25.7000	60.0000
124.1000	25.7124	60.0000
124.1500	25.7499	60.0000
124.1501	25.7500	60.0000
124.2000	25.7865	60.0000
124.2207	25.8000	60.0000
124.2500	25.8201	60.0000
124.2999	25.8500	60.0000
124.3000	25.8501	60.0000
124.3500	25.8800	60.0000
124.3885	25.9000	60.0000
124.4000	25.9065	60.0000
124.4500	25.9330	60.0000
124.4853	25.9500	60.0000
124.5000	25.9578	60.0000
124.5500	25.9834	60.0000
124.5845	26.0000	60.0000
124.6000	26.0084	60.0000
124.6500	26.0350	60.0000
124.6788	26.0500	60.0000
124.7000	26.0624	60.0000
124.7500	26.0914	60.0000
124.7646	26.1000	60.0000
124.8000	26.1233	60.0000
124.8413	26.1500	60.0000
124.8500	26.1562	60.0000
124.9000	26.1924	60.0000
124.9104	26.2000	60.0000
124.9500	26.2313	60.0000
124.9741	26.2500	60.0000
125.0000	26.2716	60.0000
125.0349	26.3000	60.0000
125.0500	26.3130	60.0000
125.0944	26.3500	60.0000
125.1000	26.3548	60.0000
125.1500	26.3967	60.0000
125.1540	26.4000	60.0000
125.2000	26.4382	60.0000
125.2150	26.4500	60.0000
125.2500	26.4780	60.0000
125.2790	26.5000	60.0000
125.3000	26.5159	60.0000
125.3475	26.5500	60.0000
125.3500	26.5518	60.0000
125.4000	26.5869	60.0000
125.4195	26.6000	60.0000
125.4500	26.6204	60.0000
125.4962	26.6500	60.0000
125.5000	26.6525	60.0000
125.5500	26.6846	60.0000
125.5744	26.7000	60.0000
125.6000	26.7163	60.0000
125.6500	26.7478	60.0000
125.6534	26.7500	60.0000
125.7000	26.7806	60.0000
125.7293	26.8000	60.0000
125.7500	26.8139	60.0000
125.8000	26.8483	60.0000
125.8024	26.8500	60.0000
125.8500	26.8850	60.0000
125.8699	26.9000	60.0000
125.9000	26.9233	60.0000
125.9336	26.9500	60.0000
125.9500	26.9635	60.0000
125.9935	27.0000	60.0000
126.0000	27.0056	60.0000
126.0500	27.0497	60.0000
126.0503	27.0500	60.0000
126.1000	27.0957	60.0000
126.1047	27.1000	60.0000
126.1500	27.1422	60.0000
126.1586	27.1500	60.0000
126.2000	27.1878	60.0000
126.2140	27.2000	60.0000
126.2500	27.2312	60.0000
126.2732	27.2500	60.0000
126.3000	27.2713	60.0000
126.3393	27.3000	60.0000
126.3500	27.3076	60.0000
126.4000	27.3408	60.0000
126.4147	27.3500	60.0000
126.4500	27.3716	60.0000
126.5000	27.3997	60.0000
126.5004	27.4000	60.0000
126.5500	27.4280	60.0000
126.5909	27.4500	60.0000
126.6000	27.4549	60.0000
126.6500	27.4826	60.0000
126.6816	27.5000	60.0000
126.7000	27.5103	60.0000
126.7500	27.5389	60.0000
126.7690	27.5500	60.0000
126.8000	27.5686	60.0000
126.8500	27.5985	60.0000
126.8524	27.6000	60.0000
126.9000	27.6307	60.0000
126.9299	27.6500	60.0000
126.9500	27.6634	60.0000
127.0000	27.6971	60.0000
127.0042	27.7000	60.0000
127.0500	27.7330	60.0000
127.0735	27.7500	60.0000
127.1000	27.7701	60.0000
127.1395	27.8000	60.0000
127.1500	27.8084	60.0000
127.2000	27.8485	60.0000
127.2018	27.8500	60.0000
127.2500	27.8914	60.0000
127.2600	27.9000	60.0000
127.3000	27.9364	60.0000
127.3150	27.9500	60.0000
127.3500	27.9837	60.0000
127.3670	28.0000	60.0000
127.4000	28.0337	60.0000
127.4162	28.0500	60.0000
127.4500	28.0862	60.0000
127.4631	28.1000	60.0000
127.5000	28.1411	60.0000
127.5082	28.1500	60.0000
127.5500	28.1976	60.0000
127.5522	28.2000	60.0000
127.5957	28.2500	60.0000
127.6000	28.2551	60.0000
127.6399	28.3000	60.0000
127.6500	28.3115	60.0000
127.6861	28.3500	60.0000
127.7000	28.3648	60.0000
127.7358	28.4000	60.0000
127.7500	28.4137	60.0000
127.7909	28.4500	60.0000
127.8000	28.4579	60.0000
127.8500	28.4976	60.0000
127.8532	28.5000	60.0000
127.9000	28.5342	60.0000
127.9237	28.5500	60.0000
127.9500	28.5677	60.0000
128.0000	28.5985	60.0000
128.0025	28.6000	60.0000
128.0500	28.6290	60.0000
128.0873	28.6500	60.0000
128.1000	28.6576	60.0000
128.1500	28.6860	60.0000
128.1760	28.7000	60.0000
128.2000	28.7138	60.0000
128.2500	28.7411	60.0000
128.2668	28.7500	60.0000
128.3000	28.7688	60.0000
128.3500	28.7954	60.0000
128.3587	28.8000	60.0000
128.4000	28.8231	60.0000
128.4500	28.8495	60.0000
128.4508	28.8500	60.0000
128.5000	28.8780	60.0000
128.5400	28.9000	60.0000
128.5500	28.9058	60.0000
128.6000	28.9354	60.0000
128.6242	28.9500	60.0000
128.6500	28.9660	60.0000
128.7000	28.9978	60.0000
128.7032	29.0000	60.0000
128.7500	29.0329	60.0000
128.7732	29.0500	60.0000
128.8000	29.0701	60.0000
128.8377	29.1000	60.0000
128.8500	29.1100	60.0000
128.8962	29.1500	60.0000
128.9000	29.1534	60.0000
128.9491	29.2000	60.0000
128.9500	29.2009	60.0000
128.9973	29.2500	60.0000
129.0000	29.2529	60.0000
129.0416	29.3000	60.0000
129.0500	29.3098	60.0000
129.0828	29.3500	60.0000
129.1000	29.3717	60.0000
129.1216	29.4000	60.0000
129.1500	29.4384	60.0000
129.1583	29.4500	60.0000
129.1926	29.5000	60.0000
129.2000	29.5114	60.0000
129.2244	29.5500	60.0000
129.2500	29.5909	60.0000
129.2556	29.6000	60.0000
129.2844	29.6500	60.0000
129.3000	29.6771	60.0000
129.3129	29.7000	60.0000
129.3412	29.7500	60.0000
129.3500	29.7656	60.0000
129.3692	29.8000	60.0000
129.3997	29.8500	60.0000
129.4000	29.8505	60.0000
129.4302	29.9000	60.0000
129.4500	29.9286	60.0000
129.4644	29.9500	60.0000
129.5000	29.9969	60.0000
129.5023	30.0000	60.0000
129.5420	30.0500	60.0000
129.5500	30.0591	60.0000
129.5840	30.1000	60.0000
129.6000	30.1176	60.0000
129.6277	30.1500	60.0000
129.6500	30.1746	60.0000
129.6716	30.2000	60.0000
129.7000	30.2320	60.0000
129.7149	30.2500	60.0000
129.7500	30.2916	60.0000
129.7566	30.3000	60.0000
129.7961	30.3500	60.0000
129.8000	30.3550	60.0000
129.8325	30.4000	60.0000
129.8500	30.4245	60.0000
129.8671	30.4500	60.0000
129.9000	30.4996	60.0000
129.9003	30.5000	60.0000
129.9299	30.5500	60.0000
129.9500	30.5844	60.0000
129.9588	30.6000	60.0000
129.9857	30.6500	60.0000
130.0000	30.6773	60.0000
130.0117	30.7000	60.0000
130.0367	30.7500	60.0000
130.0500	30.7771	60.0000
130.0612	30.8000	60.0000
130.0854	30.8500	60.0000
130.1000	30.8795	60.0000
130.1101	30.9000	60.0000
130.1350	30.9500	60.0000
130.1500	30.9785	60.0000
130.1612	31.0000	60.0000
130.1886	31.0500	60.0000
130.2000	31.0695	60.0000
130.2174	31.1000	60.0000
130.2491	31.1500	60.0000
130.2500	31.1513	60.0000
130.2802	31.2000	60.0000
130.3000	31.2286	60.0000
130.3137	31.2500	60.0000
130.3485	31.3000	60.0000
130.3500	31.3021	60.0000
130.3804	31.3500	60.0000
130.4000	31.3787	60.0000
130.4127	31.4000	60.0000
130.4433	31.4500	60.0000
130.4500	31.4609	60.0000
130.4705	31.5000	60.0000
130.4973	31.5500	60.0000
130.5000	31.5551	60.0000
130.5197	31.6000	60.0000
130.5415	31.6500	60.0000
130.5500	31.6702	60.0000
130.5606	31.7000	60.0000
130.5778	31.7500	60.0000
130.5946	31.8000	60.0000
130.6000	31.8167	60.0000
130.6091	31.8500	60.0000
130.6225	31.9000	60.0000
130.6358	31.9500	60.0000
130.6494	32.0000	60.0000
130.6500	32.0022	60.0000
130.6612	32.0500	60.0000
130.6736	32.1000	60.0000
130.6873	32.1500	60.0000
130.7000	32.1910	60.0000
130.7025	32.2000	60.0000
130.7175	32.2500	60.0000
130.7356	32.3000	60.0000
130.7500	32.3330	60.0000
130.7567	32.3500	60.0000
130.7798	32.4000	60.0000
130.8000	32.4350	60.0000
130.8079	32.4500	60.0000
130.8392	32.5000	60.0000
130.8500	32.5145	60.0000
130.8745	32.5500	60.0000
130.9000	32.5813	60.0000
130.9144	32.6000	60.0000
130.9500	32.6403	60.0000
130.9581	32.6500	60.0000
131.0000	32.6946	60.0000
131.0048	32.7000	60.0000
131.0500	32.7461	60.0000
131.0536	32.7500	60.0000
131.1000	32.7960	60.0000
131.1038	32.8000	60.0000
131.1500	32.8454	60.0000
131.1544	32.8500	60.0000
131.2000	32.8950	60.0000
131.2047	32.9000	60.0000
131.2500	32.9454	60.0000
131.2543	32.9500	60.0000
131.3000	32.9970	60.0000
131.3027	33.0000	60.0000
131.3499	33.0500	60.0000
131.3500	33.0501	60.0000
131.3952	33.1000	60.0000
131.4000	33.1051	60.0000
131.4391	33.1500	60.0000
131.4500	33.1622	60.0000
131.4814	33.2000	60.0000
131.5000	33.2219	60.0000
131.5222	33.2500	60.0000
131.5500	33.2848	60.0000
131.5612	33.3000	60.0000
131.5983	33.3500	60.0000
131.6000	33.3523	60.0000
131.6319	33.4000	60.0000
131.6500	33.4273	60.0000
131.6638	33.4500	60.0000
131.6933	33.5000	60.0000
131.7000	33.5117	60.0000
131.7197	33.5500	60.0000
131.7447	33.6000	60.0000
131.7500	33.6112	60.0000
131.7665	33.6500	60.0000
131.7867	33.7000	60.0000
131.8000	33.7346	60.0000
131.8053	33.7500	60.0000
131.8212	33.8000	60.0000
131.8362	33.8500	60.0000
131.8500	33.8975	60.0000
131.8507	33.9000	60.0000
131.8633	33.9500	60.0000
131.8764	34.0000	60.0000
131.8912	34.0500	60.0000
131.9000	34.0756	60.0000
131.9081	34.1000	60.0000
131.9288	34.1500	60.0000
131.9500	34.1887	60.0000
131.9563	34.2000	60.0000
131.9917	34.2500	60.0000
132.0000	34.2596	60.0000
132.0369	34.3000	60.0000
132.0500	34.3124	60.0000
132.0916	34.3500	60.0000
132.1000	34.3570	60.0000
132.1500	34.3977	60.0000
132.1528	34.4000	60.0000
132.2000	34.4377	60.0000
132.2155	34.4500	60.0000
132.2500	34.4781	60.0000
132.2766	34.5000	60.0000
132.3000	34.5200	60.0000
132.3341	34.5500	60.0000
132.3500	34.5647	60.0000
132.3869	34.6000	60.0000
132.4000	34.6132	60.0000
132.4349	34.6500	60.0000
132.4500	34.6669	60.0000
132.4784	34.7000	60.0000
132.5000	34.7266	60.0000
132.5182	34.7500	60.0000
132.5500	34.7932	60.0000
132.5548	34.8000	60.0000
132.5880	34.8500	60.0000
132.6000	34.8688	60.0000
132.6189	34.9000	60.0000
132.6483	34.9500	60.0000
132.6500	34.9530	60.0000
132.6751	35.0000	60.0000
132.7000	35.0473	60.0000
132.7014	35.0500	60.0000
132.7254	35.1000	60.0000
132.7492	35.1500	60.0000
132.7500	35.1518	60.0000
132.7709	35.2000	60.0000
132.7922	35.2500	60.0000
132.8000	35.2692	60.0000
132.8121	35.3000	60.0000
132.8307	35.3500	60.0000
132.8486	35.4000	60.0000
132.8500	35.4043	60.0000
132.8644	35.4500	60.0000
> 60 contour -Z60
122.7000	26.2367	60.0000
122.7244	26.2000	60.0000
122.7500	26.1670	60.0000
122.7664	26.1500	60.0000
122.8000	26.1202	60.0000
122.8310	26.1000	60.0000
122.8500	26.0889	60.0000
122.9000	26.0674	60.0000
122.9500	26.0529	60.0000
122.9650	26.0500	60.0000
123.0000	26.0428	60.0000
123.0500	26.0367	60.0000
123.1000	26.0344	60.0000
123.1500	26.0358	60.0000
123.2000	26.0406	60.0000
123.2500	26.0491	60.0000
123.2539	26.0500	60.0000
123.3000	26.0595	60.0000
123.3500	26.0728	60.0000
123.4000	26.0889	60.0000
123.4305	26.1000	60.0000
123.4500	26.1066	60.0000
123.5000	26.1248	60.0000
123.5500	26.1447	60.0000
123.5632	26.1500	60.0000
123.6000	26.1638	60.0000
123.6500	26.1830	60.0000
123.6934	26.2000	60.0000
123.7000	26.2024	60.0000
123.7500	26.2197	60.0000
123.8000	26.2371	60.0000
123.8377	26.2500	60.0000
123.8500	26.2539	60.0000
123.9000	26.2691	60.0000
123.9500	26.2845	60.0000
123.9982	26.3000	60.0000
124.0000	26.3005	60.0000
124.0500	26.3152	60.0000
124.1000	26.3311	60.0000
124.1500	26.3489	60.0000
124.1528	26.3500	60.0000
124.2000	26.3664	60.0000
124.2500	26.3864	60.0000
124.2801	26.4000	60.0000
124.3000	26.4085	60.0000
124.3500	26.4323	60.0000
124.3822	26.4500	60.0000
124.4000	26.4594	60.0000
124.4500	26.4891	60.0000
124.4664	26.5000	60.0000
124.5000	26.5221	60.0000
124.5373	26.5500	60.0000
124.5500	26.5595	60.0000
124.5983	26.6000	60.0000
124.6000	26.6015	60.0000
124.6500	26.6476	60.0000
124.6525	26.6500	60.0000
124.7000	26.6984	60.0000
124.7015	26.7000	60.0000
124.7473	26.7500	60.0000
124.7500	26.7529	60.0000
124.7915	26.8000	60.0000
124.8000	26.8096	60.0000
124.8350	26.8500	60.0000
124.8500	26.8671	60.0000
124.8787	26.9000	60.0000
124.9000	26.9238	60.0000
124.9234	26.9500	60.0000
124.9500	26.9784	60.0000
124.9700	27.0000	60.0000
125.0000	27.0304	60.0000
125.0190	27.0500	60.0000
125.0500	27.0796	60.0000
125.0709	27.1000	60.0000
125.1000	27.1262	60.0000
125.1258	27.1500	60.0000
125.1500	27.1706	60.0000
125.1833	27.2000	60.0000
125.2000	27.2136	60.0000
125.2430	27.2500	60.0000
125.2500	27.2555	60.0000
125.3000	27.2965	60.0000
125.3042	27.3000	60.0000
125.3500	27.3364	60.0000
125.3662	27.3500	60.0000
125.4000	27.3771	60.0000
125.4272	27.4000	60.0000
125.4500	27.4186	60.0000
125.4868	27.4500	60.0000
125.5000	27.4610	60.0000
125.5454	27.5000	60.0000
125.5500	27.5039	60.0000
125.6000	27.5461	60.0000
125.6048	27.5500	60.0000
125.6500	27.5865	60.0000
125.6671	27.6000	60.0000
125.7000	27.6252	60.0000
125.7332	27.6500	60.0000
125.7500	27.6621	60.0000
125.8000	27.6969	60.0000
125.8047	27.7000	60.0000
125.8500	27.7285	60.0000
125.8834	27.7500	60.0000
125.9000	27.7601	60.0000
125.9500	27.7909	60.0000
125.9643	27.8000	60.0000
126.0000	27.8212	60.0000
126.0447	27.8500	60.0000
126.0500	27.8532	60.0000
126.1000	27.8838	60.0000
126.1243	27.9000	60.0000
126.1500	27.9155	60.0000
126.2000	27.9484	60.0000
126.2023	27.9500	60.0000
126.2500	27.9793	60.0000
126.2805	28.0000	60.0000
126.3000	28.0119	60.0000
126.3500	28.0450	60.0000
126.3571	28.0500	60.0000
126.4000	28.0775	60.0000
126.4319	28.1000	60.0000
126.4500	28.1119	60.0000
126.5000	28.1477	60.0000
126.5031	28.1500	60.0000
126.5500	28.1835	60.0000
126.5712	28.2000	60.0000
126.6000	28.2216	60.0000
126.6348	28.2500	60.0000
126.6500	28.2621	60.0000
126.6941	28.3000	60.0000
126.7000	28.3051	60.0000
126.7493	28.3500	60.0000
126.7500	28.3507	60.0000
126.8000	28.3988	60.0000
126.8012	28.4000	60.0000
126.8500	28.4498	60.0000
126.8502	28.4500	60.0000
126.8971	28.5000	60.0000
126.9000	28.5032	60.0000
126.9428	28.5500	60.0000
126.9500	28.5583	60.0000
126.9876	28.6000	60.0000
127.0000	28.6142	60.0000
127.0325	28.6500	60.0000
127.0500	28.6699	60.0000
127.0779	28.7000	60.0000
127.1000	28.7244	60.0000
127.1245	28.7500	60.0000
127.1500	28.7771	60.0000
127.1728	28.8000	60.0000
127.2000	28.8277	60.0000
127.2230	28.8500	60.0000
127.2500	28.8764	60.0000
127.2750	28.9000	60.0000
127.3000	28.9236	60.0000
127.3286	28.9500	60.0000
127.3500	28.9696	60.0000
127.3835	29.0000	60.0000
127.4000	29.0147	60.0000
127.4395	29.0500	60.0000
127.4500	29.0592	60.0000
127.4963	29.1000	60.0000
127.5000	29.1032	60.0000
127.5500	29.1464	60.0000
127.5542	29.1500	60.0000
127.6000	29.1890	60.0000
127.6128	29.2000	60.0000
127.6500	29.2316	60.0000
127.6716	29.2500	60.0000
127.7000	29.2740	60.0000
127.7310	29.3000	60.0000
127.7500	29.3159	60.0000
127.7920	29.3500	60.0000
127.8000	29.3565	60.0000
127.8500	29.3947	60.0000
127.8576	29.4000	60.0000
127.9000	29.4295	60.0000
127.9318	29.4500	60.0000
127.9500	29.4616	60.0000
128.0000	29.4899	60.0000
128.0205	29.5000	60.0000
128.0500	29.5143	60.0000
128.1000	29.5353	60.0000
128.1402	29.5500	60.0000
128.1500	29.5535	60.0000
128.2000	29.5690	60.0000
128.2500	29.5840	60.0000
128.3000	29.5999	60.0000
128.3004	29.6000	60.0000
128.3500	29.6166	60.0000
128.4000	29.6365	60.0000
128.4285	29.6500	60.0000
128.4500	29.6597	60.0000
128.5000	29.6859	60.0000
128.5236	29.7000	60.0000
128.5500	29.7152	60.0000
128.6000	29.7474	60.0000
128.6038	29.7500	60.0000
128.6500	29.7814	60.0000
128.6757	29.8000	60.0000
128.7000	29.8177	60.0000
128.7424	29.8500	60.0000
128.7500	29.8560	60.0000
128.8000	29.8963	60.0000
128.8046	29.9000	60.0000
128.8500	29.9393	60.0000
128.8622	29.9500	60.0000
128.9000	29.9865	60.0000
128.9139	30.0000	60.0000
128.9500	30.0403	60.0000
128.9587	30.0500	60.0000
128.9962	30.1000	60.0000
129.0000	30.1062	60.0000
129.0271	30.1500	60.0000
129.0500	30.1991	60.0000
129.0504	30.2000	60.0000
129.0693	30.2500	60.0000
129.0833	30.3000	60.0000
129.0941	30.3500	60.0000
129.1000	30.3822	60.0000
129.1033	30.4000	60.0000
129.1119	30.4500	60.0000
129.1207	30.5000	60.0000
129.1302	30.5500	60.0000
129.1410	30.6000	60.0000
129.1500	30.6366	60.0000
129.1533	30.6500	60.0000
129.1672	30.7000	60.0000
129.1817	30.7500	60.0000
129.1967	30.8000	60.0000
129.2000	30.8108	60.0000
129.2128	30.8500	60.0000
129.2295	30.9000	60.0000
129.2465	30.9500	60.0000
129.2500	30.9600	60.0000
129.2664	31.0000	60.0000
129.2883	31.0500	60.0000
129.3000	31.0747	60.0000
129.3148	31.1000	60.0000
129.3470	31.1500	60.0000
129.3500	31.1542	60.0000
129.3921	31.2000	60.0000
129.4000	31.2079	60.0000
129.4500	31.2449	60.0000
129.4595	31.2500	60.0000
129.5000	31.2704	60.0000
129.5500	31.2892	60.0000
129.5860	31.3000	60.0000
129.6000	31.3041	60.0000
129.6500	31.3173	60.0000
129.7000	31.3315	60.0000
129.7500	31.3491	60.0000
129.7520	31.3500	60.0000
129.8000	31.3715	60.0000
129.8466	31.4000	60.0000
129.8500	31.4022	60.0000
129.9000	31.4437	60.0000
129.9062	31.4500	60.0000
129.9492	31.5000	60.0000
129.9500	31.5010	60.0000
129.9834	31.5500	60.0000
130.0000	31.5781	60.0000
130.0119	31.6000	60.0000
130.0367	31.6500	60.0000
130.0500	31.6788	60.0000
130.0594	31.7000	60.0000
130.0809	31.7500	60.0000
130.1000	31.7982	60.0000
130.1007	31.8000	60.0000
130.1215	31.8500	60.0000
130.1410	31.9000	60.0000
130.1500	31.9230	60.0000
130.1611	31.9500	60.0000
130.1817	32.0000	60.0000
130.2000	32.0463	60.0000
130.2016	32.0500	60.0000
130.2241	32.1000	60.0000
130.2454	32.1500	60.0000
130.2500	32.1606	60.0000
130.2692	32.2000	60.0000
130.2922	32.2500	60.0000
130.3000	32.2672	60.0000
130.3168	32.3000	60.0000
130.3406	32.3500	60.0000
130.3500	32.3710	60.0000
130.3648	32.4000	60.0000
130.3877	32.4500	60.0000
130.4000	32.4800	60.0000
130.4093	32.5000	60.0000
130.4301	32.5500	60.0000
130.4477	32.6000	60.0000
130.4500	32.6069	60.0000
130.4658	32.6500	60.0000
130.4816	32.7000	60.0000
130.4955	32.7500	60.0000
130.5000	32.7670	60.0000
130.5095	32.8000	60.0000
130.5230	32.8500	60.0000
130.5355	32.9000	60.0000
130.5475	32.9500	60.0000
130.5500	32.9605	60.0000
130.5602	33.0000	60.0000
130.5726	33.0500	60.0000
130.5847	33.1000	60.0000
130.5964	33.1500	60.0000
130.6000	33.1649	60.0000
130.6088	33.2000	60.0000
130.6213	33.2500	60.0000
130.6337	33.3000	60.0000
130.6463	33.3500	60.0000
130.6500	33.3638	60.0000
130.6601	33.4000	60.0000
130.6748	33.4500	60.0000
130.6904	33.5000	60.0000
130.7000	33.5282	60.0000
130.7077	33.5500	60.0000
130.7269	33.6000	60.0000
130.7473	33.6500	60.0000
130.7500	33.6560	60.0000
130.7699	33.7000	60.0000
130.7928	33.7500	60.0000
130.8000	33.7652	60.0000
130.8162	33.8000	60.0000
130.8386	33.8500	60.0000
130.8500	33.8773	60.0000
130.8593	33.9000	60.0000
130.8781	33.9500	60.0000
130.8939	34.0000	60.0000
130.9000	34.0220	60.0000
130.9079	34.0500	60.0000
130.9203	34.1000	60.0000
130.9311	34.1500	60.0000
130.9410	34.2000	60.0000
130.9500	34.2472	60.0000
130.9506	34.2500	60.0000
130.9617	34.3000	60.0000
130.9734	34.3500	60.0000
130.9856	34.4000	60.0000
130.9985	34.4500	60.0000
131.0000	34.4553	60.0000
131.0142	34.5000	60.0000
131.0303	34.5500	60.0000
131.0463	34.6000	60.0000
131.0500	34.6114	60.0000
131.0641	34.6500	60.0000
131.0815	34.7000	60.0000
131.0977	34.7500	60.0000
131.1000	34.7577	60.0000
131.1147	34.8000	60.0000
131.1307	34.8500	60.0000
131.1458	34.9000	60.0000
131.1500	34.9143	60.0000
131.1619	34.9500	60.0000
