> 20 contour -Z20
148.2684	-8.6500	20.0000
148.2500	-8.6202	20.0000
148.2353	-8.6000	20.0000
148.2004	-8.5500	20.0000
148.2000	-8.5493	20.0000
148.1654	-8.5000	20.0000
148.1500	-8.4739	20.0000
148.1308	-8.4500	20.0000
148.1000	-8.4045	20.0000
148.0956	-8.4000	20.0000
148.0561	-8.3500	20.0000
148.0500	-8.3412	20.0000
148.0000	-8.3017	20.0000
147.9978	-8.3000	20.0000
147.9500	-8.2600	20.0000
147.9401	-8.2500	20.0000
147.9000	-8.2068	20.0000
147.8954	-8.2000	20.0000
147.8671	-8.1500	20.0000
147.8500	-8.1207	20.0000
147.8416	-8.1000	20.0000
147.8208	-8.0500	20.0000
147.8000	-8.0094	20.0000
147.7962	-8.0000	20.0000
147.7724	-7.9500	20.0000
147.7500	-7.9114	20.0000
147.7444	-7.9000	20.0000
147.7180	-7.8500	20.0000
147.7000	-7.8151	20.0000
147.6933	-7.8000	20.0000
147.6725	-7.7500	20.0000
147.6542	-7.7000	20.0000
147.6500	-7.6879	20.0000
147.6379	-7.6500	20.0000
147.6216	-7.6000	20.0000
147.6047	-7.5500	20.0000
147.6000	-7.5369	20.0000
147.5864	-7.5000	20.0000
147.5668	-7.4500	20.0000
147.5500	-7.4086	20.0000
147.5462	-7.4000	20.0000
147.5229	-7.3500	20.0000
147.5000	-7.3014	20.0000
147.4992	-7.3000	20.0000
147.4700	-7.2500	20.0000
147.4500	-7.2166	20.0000
147.4381	-7.2000	20.0000
147.4009	-7.1500	20.0000
147.4000	-7.1489	20.0000
147.3534	-7.1000	20.0000
147.3500	-7.0967	20.0000
147.3000	-7.0530	20.0000
147.2966	-7.0500	20.0000
147.2500	-7.0143	20.0000
147.2339	-7.0000	20.0000
147.2000	-6.9744	20.0000
147.1740	-6.9500	20.0000
147.1500	-6.9315	20.0000
147.1167	-6.9000	20.0000
147.1000	-6.8872	20.0000
147.0591	-6.8500	20.0000
147.0500	-6.8432	20.0000
147.0000	-6.8001	20.0000
146.9999	-6.8000	20.0000
146.9500	-6.7578	20.0000
146.9416	-6.7500	20.0000
146.9000	-6.7124	20.0000
146.8873	-6.7000	20.0000
146.8500	-6.6623	20.0000
146.8383	-6.6500	20.0000
146.8000	-6.6079	20.0000
146.7928	-6.6000	20.0000
146.7500	-6.5533	20.0000
146.7468	-6.5500	20.0000
146.7000	-6.5039	20.0000
146.6957	-6.5000	20.0000
146.6500	-6.4619	20.0000
146.6342	-6.4500	20.0000
146.6000	-6.4264	20.0000
146.5580	-6.4000	20.0000
146.5500	-6.3955	20.0000
146.5000	-6.3686	20.0000
146.4637	-6.3500	20.0000
146.4500	-6.3437	20.0000
146.4000	-6.3207	20.0000
146.3539	-6.3000	20.0000
146.3500	-6.2984	20.0000
146.3000	-6.2771	20.0000
146.2500	-6.2562	20.0000
146.2355	-6.2500	20.0000
146.2000	-6.2354	20.0000
146.1500	-6.2144	20.0000
146.1166	-6.2000	20.0000
146.1000	-6.1928	20.0000
146.0500	-6.1698	20.0000
146.0090	-6.1500	20.0000
146.0000	-6.1455	20.0000
145.9500	-6.1187	20.0000
145.9172	-6.1000	20.0000
145.9000	-6.0899	20.0000
145.8500	-6.0587	20.0000
145.8369	-6.0500	20.0000
145.8000	-6.0250	20.0000
145.7645	-6.0000	20.0000
145.7500	-5.9896	20.0000
145.7000	-5.9526	20.0000
145.6967	-5.9500	20.0000
145.6500	-5.9137	20.0000
145.6329	-5.9000	20.0000
145.6000	-5.8734	20.0000
145.5716	-5.8500	20.0000
145.5500	-5.8319	20.0000
145.5126	-5.8000	20.0000
145.5000	-5.7891	20.0000
145.4553	-5.7500	20.0000
145.4500	-5.7453	20.0000
145.4000	-5.7005	20.0000
145.3994	-5.7000	20.0000
145.3500	-5.6552	20.0000
145.3442	-5.6500	20.0000
145.3000	-5.6098	20.0000
145.2891	-5.6000	20.0000
145.2500	-5.5647	20.0000
145.2334	-5.5500	20.0000
145.2000	-5.5205	20.0000
145.1763	-5.5000	20.0000
145.1500	-5.4775	20.0000
145.1169	-5.4500	20.0000
145.1000	-5.4363	20.0000
145.0539	-5.4000	20.0000
145.0500	-5.3970	20.0000
145.0000	-5.3608	20.0000
144.9843	-5.3500	20.0000
144.9500	-5.3271	20.0000
144.9076	-5.3000	20.0000
144.9000	-5.2952	20.0000
144.8500	-5.2654	20.0000
144.8232	-5.2500	20.0000
144.8000	-5.2363	20.0000
144.7500	-5.2082	20.0000
144.7340	-5.2000	20.0000
144.7000	-5.1819	20.0000
144.6500	-5.1581	20.0000
144.6294	-5.1500	20.0000
144.6000	-5.1387	20.0000
144.5500	-5.1242	20.0000
144.5000	-5.1147	20.0000
144.4500	-5.1104	20.0000
144.4000	-5.1112	20.0000
144.3500	-5.1163	20.0000
144.3000	-5.1239	20.0000
144.2500	-5.1319	20.0000
144.2000	-5.1384	20.0000
144.1500	-5.1427	20.0000
144.1000	-5.1449	20.0000
144.0500	-5.1455	20.0000
144.0000	-5.1450	20.0000
143.9500	-5.1439	20.0000
143.9000	-5.1424	20.0000
143.8500	-5.1407	20.0000
143.8000	-5.1388	20.0000
143.7500	-5.1365	20.0000
143.7000	-5.1337	20.0000
143.6500	-5.1299	20.0000
143.6000	-5.1248	20.0000
143.5500	-5.1181	20.0000
143.5000	-5.1095	20.0000
143.4539	-5.1000	20.0000
143.4500	-5.0993	20.0000
143.4000	-5.0893	20.0000
143.3500	-5.0778	20.0000
143.3000	-5.0647	20.0000
143.2506	-5.0500	20.0000
143.2500	-5.0498	20.0000
143.2000	-5.0364	20.0000
143.1500	-5.0234	20.0000
143.1000	-5.0129	20.0000
143.0500	-5.0071	20.0000
143.0000	-5.0071	20.0000
142.9500	-5.0125	20.0000
142.9000	-5.0214	20.0000
142.8500	-5.0311	20.0000
142.8000	-5.0390	20.0000
142.7500	-5.0431	20.0000
142.7000	-5.0433	20.0000
142.6500	-5.0411	20.0000
142.6000	-5.0387	20.0000
142.5500	-5.0382	20.0000
142.5000	-5.0400	20.0000
142.4500	-5.0443	20.0000
142.4030	-5.0500	20.0000
142.4000	-5.0504	20.0000
142.3500	-5.0588	20.0000
142.3000	-5.0665	20.0000
142.2500	-5.0708	20.0000
142.2000	-5.0669	20.0000
142.1637	-5.0500	20.0000
142.1500	-5.0401	20.0000
142.1305	-5.0000	20.0000
142.1273	-4.9500	20.0000
142.1372	-4.9000	20.0000
142.1500	-4.8636	20.0000
142.1552	-4.8500	20.0000
142.1791	-4.8000	20.0000
142.2000	-4.7571	20.0000
142.2037	-4.7500	20.0000
142.2294	-4.7000	20.0000
142.2500	-4.6530	20.0000
142.2515	-4.6500	20.0000
142.2719	-4.6000	20.0000
142.2868	-4.5500	20.0000
142.2974	-4.5000	20.0000
142.3000	-4.4858	20.0000
142.3075	-4.4500	20.0000
142.3182	-4.4000	20.0000
142.3306	-4.3500	20.0000
142.3461	-4.3000	20.0000
142.3500	-4.2908	20.0000
142.3710	-4.2500	20.0000
142.4000	-4.2010	20.0000
142.4009	-4.2000	20.0000
142.4500	-4.1536	20.0000
142.4579	-4.1500	20.0000
142.5000	-4.1328	20.0000
142.5500	-4.1315	20.0000
142.6000	-4.1474	20.0000
142.6050	-4.1500	20.0000
142.6500	-4.1930	20.0000
142.6555	-4.2000	20.0000
142.6768	-4.2500	20.0000
142.6891	-4.3000	20.0000
142.7000	-4.3409	20.0000
142.7028	-4.3500	20.0000
142.7334	-4.4000	20.0000
142.7500	-4.4132	20.0000
142.8000	-4.4368	20.0000
142.8500	-4.4476	20.0000
142.8784	-4.4500	20.0000
142.9000	-4.4512	20.0000
142.9500	-4.4516	20.0000
143.0000	-4.4509	20.0000
143.0500	-4.4500	20.0000
143.0519	-4.4500	20.0000
143.1000	-4.4496	20.0000
143.1272	-4.4500	20.0000
143.1500	-4.4503	20.0000
143.2000	-4.4519	20.0000
143.2500	-4.4544	20.0000
143.3000	-4.4579	20.0000
143.3500	-4.4624	20.0000
143.4000	-4.4682	20.0000
143.4500	-4.4756	20.0000
143.5000	-4.4852	20.0000
143.5500	-4.4974	20.0000
143.5584	-4.5000	20.0000
143.6000	-4.5117	20.0000
143.6500	-4.5286	20.0000
143.7000	-4.5482	20.0000
143.7042	-4.5500	20.0000
143.7500	-4.5689	20.0000
143.8000	-4.5905	20.0000
143.8213	-4.6000	20.0000
143.8500	-4.6121	20.0000
143.9000	-4.6328	20.0000
143.9443	-4.6500	20.0000
143.9500	-4.6521	20.0000
144.0000	-4.6702	20.0000
144.0500	-4.6864	20.0000
144.0962	-4.7000	20.0000
144.1000	-4.7011	20.0000
144.1500	-4.7152	20.0000
144.2000	-4.7281	20.0000
144.2500	-4.7402	20.0000
144.2903	-4.7500	20.0000
144.3000	-4.7525	20.0000
144.3500	-4.7659	20.0000
144.4000	-4.7795	20.0000
144.4500	-4.7938	20.0000
144.4693	-4.8000	20.0000
144.5000	-4.8110	20.0000
144.5500	-4.8295	20.0000
144.6000	-4.8489	20.0000
144.6027	-4.8500	20.0000
144.6500	-4.8725	20.0000
144.7000	-4.8953	20.0000
144.7099	-4.9000	20.0000
144.7500	-4.9213	20.0000
144.8000	-4.9454	20.0000
144.8094	-4.9500	20.0000
144.8500	-4.9711	20.0000
144.9000	-4.9944	20.0000
144.9119	-5.0000	20.0000
144.9500	-5.0183	20.0000
145.0000	-5.0407	20.0000
145.0205	-5.0500	20.0000
145.0500	-5.0637	20.0000
145.1000	-5.0865	20.0000
145.1290	-5.1000	20.0000
145.1500	-5.1102	20.0000
145.2000	-5.1345	20.0000
145.2318	-5.1500	20.0000
145.2500	-5.1595	20.0000
145.3000	-5.1850	20.0000
145.3306	-5.2000	20.0000
145.3500	-5.2104	20.0000
145.4000	-5.2357	20.0000
145.4305	-5.2500	20.0000
145.4500	-5.2601	20.0000
145.5000	-5.2840	20.0000
145.5366	-5.3000	20.0000
145.5500	-5.3065	20.0000
145.6000	-5.3292	20.0000
145.6484	-5.3500	20.0000
145.6500	-5.3508	20.0000
145.7000	-5.3745	20.0000
145.7500	-5.3981	20.0000
145.7538	-5.4000	20.0000
145.8000	-5.4251	20.0000
145.8447	-5.4500	20.0000
145.8500	-5.4532	20.0000
145.9000	-5.4843	20.0000
145.9247	-5.5000	20.0000
145.9500	-5.5168	20.0000
146.0000	-5.5497	20.0000
146.0004	-5.5500	20.0000
146.0500	-5.5845	20.0000
146.0725	-5.6000	20.0000
146.1000	-5.6194	20.0000
146.1436	-5.6500	20.0000
146.1500	-5.6546	20.0000
146.2000	-5.6912	20.0000
146.2117	-5.7000	20.0000
146.2500	-5.7292	20.0000
146.2770	-5.7500	20.0000
146.3000	-5.7680	20.0000
146.3409	-5.8000	20.0000
146.3500	-5.8072	20.0000
146.4000	-5.8463	20.0000
146.4047	-5.8500	20.0000
146.4500	-5.8850	20.0000
146.4704	-5.9000	20.0000
146.5000	-5.9216	20.0000
146.5417	-5.9500	20.0000
146.5500	-5.9556	20.0000
146.6000	-5.9875	20.0000
146.6213	-6.0000	20.0000
146.6500	-6.0171	20.0000
146.7000	-6.0439	20.0000
146.7121	-6.0500	20.0000
146.7500	-6.0699	20.0000
146.8000	-6.0939	20.0000
146.8130	-6.1000	20.0000
146.8500	-6.1188	20.0000
146.9000	-6.1437	20.0000
146.9124	-6.1500	20.0000
146.9500	-6.1712	20.0000
147.0000	-6.1999	20.0000
147.0002	-6.2000	20.0000
147.0500	-6.2317	20.0000
147.0792	-6.2500	20.0000
147.1000	-6.2643	20.0000
147.1500	-6.2968	20.0000
147.1552	-6.3000	20.0000
147.2000	-6.3288	20.0000
147.2356	-6.3500	20.0000
147.2500	-6.3589	20.0000
147.3000	-6.3870	20.0000
147.3250	-6.4000	20.0000
147.3500	-6.4131	20.0000
147.4000	-6.4377	20.0000
147.4266	-6.4500	20.0000
147.4500	-6.4609	20.0000
147.5000	-6.4828	20.0000
147.5412	-6.5000	20.0000
147.5500	-6.5037	20.0000
147.6000	-6.5229	20.0000
147.6500	-6.5406	20.0000
147.6797	-6.5500	20.0000
147.7000	-6.5565	20.0000
147.7500	-6.5701	20.0000
147.8000	-6.5821	20.0000
147.8500	-6.5928	20.0000
147.8868	-6.6000	20.0000
147.9000	-6.6026	20.0000
147.9500	-6.6118	20.0000
148.0000	-6.6217	20.0000
148.0500	-6.6328	20.0000
148.1000	-6.6460	20.0000
148.1136	-6.6500	20.0000
148.1500	-6.6614	20.0000
148.2000	-6.6796	20.0000
148.2499	-6.7000	20.0000
148.2500	-6.7000	20.0000
148.3000	-6.7224	20.0000
148.3500	-6.7431	20.0000
148.3700	-6.7500	20.0000
148.4000	-6.7607	20.0000
148.4500	-6.7730	20.0000
148.5000	-6.7799	20.0000
148.5500	-6.7823	20.0000
148.6000	-6.7811	20.0000
148.6500	-6.7771	20.0000
148.7000	-6.7707	20.0000
148.7500	-6.7620	20.0000
148.8000	-6.7514	20.0000
148.8056	-6.7500	20.0000
148.8500	-6.7393	20.0000
148.9000	-6.7258	20.0000
148.9500	-6.7111	20.0000
148.9849	-6.7000	20.0000
149.0000	-6.6954	20.0000
149.0500	-6.6793	20.0000
149.1000	-6.6627	20.0000
149.1378	-6.6500	20.0000
149.1500	-6.6460	20.0000
149.2000	-6.6297	20.0000
149.2500	-6.6136	20.0000
149.2927	-6.6000	20.0000
149.3000	-6.5977	20.0000
149.3500	-6.5828	20.0000
149.4000	-6.5682	20.0000
149.4500	-6.5540	20.0000
149.4644	-6.5500	20.0000
149.5000	-6.5404	20.0000
149.5500	-6.5272	20.0000
149.6000	-6.5140	20.0000
149.6500	-6.5007	20.0000
149.6525	-6.5000	20.0000
149.7000	-6.4876	20.0000
149.7500	-6.4745	20.0000
149.8000	-6.4611	20.0000
149.8407	-6.4500	20.0000
149.8500	-6.4475	20.0000
149.9000	-6.4343	20.0000
149.9500	-6.4209	20.0000
150.0000	-6.4074	20.0000
150.0271	-6.4000	20.0000
150.0500	-6.3939	20.0000
150.1000	-6.3806	20.0000
150.1500	-6.3668	20.0000
150.2000	-6.3522	20.0000
150.2073	-6.3500	20.0000
150.2500	-6.3375	20.0000
150.3000	-6.3220	20.0000
150.3500	-6.3052	20.0000
150.3647	-6.3000	20.0000
150.4000	-6.2879	20.0000
150.4500	-6.2697	20.0000
150.5000	-6.2501	20.0000
150.5002	-6.2500	20.0000
150.5500	-6.2302	20.0000
150.6000	-6.2090	20.0000
150.6201	-6.2000	20.0000
150.6500	-6.1869	20.0000
150.7000	-6.1640	20.0000
150.7288	-6.1500	20.0000
150.7500	-6.1399	20.0000
150.8000	-6.1151	20.0000
150.8290	-6.1000	20.0000
150.8500	-6.0893	20.0000
150.9000	-6.0630	20.0000
150.9238	-6.0500	20.0000
150.9500	-6.0361	20.0000
151.0000	-6.0092	20.0000
151.0168	-6.0000	20.0000
151.0500	-5.9824	20.0000
151.1000	-5.9559	20.0000
151.1113	-5.9500	20.0000
151.1500	-5.9302	20.0000
151.2000	-5.9047	20.0000
151.2094	-5.9000	20.0000
151.2500	-5.8799	20.0000
151.3000	-5.8555	20.0000
151.3113	-5.8500	20.0000
151.3500	-5.8315	20.0000
151.4000	-5.8080	20.0000
151.4174	-5.8000	20.0000
151.4500	-5.7852	20.0000
151.5000	-5.7629	20.0000
151.5294	-5.7500	20.0000
151.5500	-5.7412	20.0000
151.6000	-5.7202	20.0000
151.6477	-5.7000	20.0000
151.6500	-5.6990	20.0000
151.7000	-5.6784	20.0000
151.7500	-5.6573	20.0000
151.7668	-5.6500	20.0000
151.8000	-5.6358	20.0000
151.8500	-5.6137	20.0000
151.8799	-5.6000	20.0000
151.9000	-5.5908	20.0000
151.9500	-5.5675	20.0000
151.9864	-5.5500	20.0000
152.0000	-5.5435	20.0000
152.0500	-5.5195	20.0000
152.0902	-5.5000	20.0000
152.1000	-5.4953	20.0000
152.1500	-5.4718	20.0000
152.1968	-5.4500	20.0000
152.2000	-5.4486	20.0000
152.2500	-5.4266	20.0000
152.3000	-5.4056	20.0000
152.3143	-5.4000	20.0000
152.3500	-5.3862	20.0000
152.4000	-5.3689	20.0000
152.4500	-5.3538	20.0000
152.4652	-5.3500	20.0000
152.5000	-5.3414	20.0000
152.5500	-5.3320	20.0000
152.6000	-5.3254	20.0000
152.6500	-5.3215	20.0000
152.7000	-5.3199	20.0000
152.7500	-5.3202	20.0000
152.8000	-5.3220	20.0000
152.8500	-5.3251	20.0000
152.9000	-5.3293	20.0000
152.9500	-5.3345	20.0000
153.0000	-5.3410	20.0000
153.0500	-5.3488	20.0000
153.0561	-5.3500	20.0000
153.1000	-5.3584	20.0000
153.1500	-5.3700	20.0000
153.2000	-5.3839	20.0000
153.2487	-5.4000	20.0000
153.2500	-5.4005	20.0000
153.3000	-5.4202	20.0000
153.3500	-5.4426	20.0000
153.3647	-5.4500	20.0000
153.4000	-5.4681	20.0000
153.4500	-5.4959	20.0000
153.4567	-5.5000	20.0000
153.5000	-5.5267	20.0000
153.5361	-5.5500	20.0000
153.5500	-5.5592	20.0000
153.6000	-5.5936	20.0000
153.6088	-5.6000	20.0000
153.6500	-5.6301	20.0000
153.6764	-5.6500	20.0000
153.7000	-5.6679	20.0000
153.7414	-5.7000	20.0000
153.7500	-5.7067	20.0000
153.8000	-5.7464	20.0000
153.8044	-5.7500	20.0000
153.8500	-5.7870	20.0000
153.8660	-5.8000	20.0000
153.9000	-5.8276	20.0000
153.9277	-5.8500	20.0000
153.9500	-5.8679	20.0000
153.9899	-5.9000	20.0000
154.0000	-5.9081	20.0000
154.0500	-5.9484	20.0000
154.0519	-5.9500	20.0000
154.1000	-5.9897	20.0000
154.1122	-6.0000	20.0000
154.1500	-6.0313	20.0000
154.1721	-6.0500	20.0000
154.2000	-6.0732	20.0000
154.2319	-6.1000	20.0000
154.2500	-6.1151	20.0000
154.2921	-6.1500	20.0000
154.3000	-6.1566	20.0000
154.3500	-6.1979	20.0000
154.3526	-6.2000	20.0000
154.4000	-6.2400	20.0000
154.4122	-6.2500	20.0000
154.4500	-6.2828	20.0000
154.4702	-6.3000	20.0000
154.5000	-6.3274	20.0000
154.5248	-6.3500	20.0000
154.5500	-6.3749	20.0000
154.5755	-6.4000	20.0000
154.6000	-6.4259	20.0000
154.6229	-6.4500	20.0000
154.6500	-6.4799	20.0000
154.6683	-6.5000	20.0000
154.7000	-6.5354	20.0000
154.7132	-6.5500	20.0000
154.7500	-6.5902	20.0000
154.7589	-6.6000	20.0000
154.8000	-6.6430	20.0000
154.8067	-6.6500	20.0000
154.8500	-6.6930	20.0000
154.8571	-6.7000	20.0000
154.9000	-6.7406	20.0000
154.9101	-6.7500	20.0000
154.9500	-6.7862	20.0000
154.9656	-6.8000	20.0000
155.0000	-6.8301	20.0000
155.0233	-6.8500	20.0000
155.0500	-6.8727	20.0000
155.0831	-6.9000	20.0000
155.1000	-6.9142	20.0000
155.1445	-6.9500	20.0000
155.1500	-6.9546	20.0000
155.2000	-6.9947	20.0000
155.2069	-7.0000	20.0000
155.2500	-7.0344	20.0000
155.2704	-7.0500	20.0000
155.3000	-7.0736	20.0000
155.3337	-7.1000	20.0000
155.3500	-7.1136	20.0000
155.3925	-7.1500	20.0000
155.4000	-7.1569	20.0000
155.4436	-7.2000	20.0000
155.4500	-7.2069	20.0000
155.4876	-7.2500	20.0000
155.5000	-7.2651	20.0000
155.5275	-7.3000	20.0000
155.5500	-7.3288	20.0000
155.5662	-7.3500	20.0000
155.6000	-7.3927	20.0000
155.6058	-7.4000	20.0000
155.6476	-7.4500	20.0000
155.6500	-7.4527	20.0000
155.6927	-7.5000	20.0000
155.7000	-7.5075	20.0000
155.7427	-7.5500	20.0000
155.7500	-7.5567	20.0000
155.7987	-7.6000	20.0000
155.8000	-7.6011	20.0000
155.8500	-7.6421	20.0000
155.8599	-7.6500	20.0000
155.9000	-7.6807	20.0000
155.9258	-7.7000	20.0000
155.9500	-7.7178	20.0000
155.9943	-7.7500	20.0000
156.0000	-7.7541	20.0000
156.0500	-7.7912	20.0000
156.0617	-7.8000	20.0000
156.1000	-7.8291	20.0000
156.1274	-7.8500	20.0000
156.1500	-7.8674	20.0000
156.1926	-7.9000	20.0000
156.2000	-7.9057	20.0000
156.2500	-7.9442	20.0000
156.2576	-7.9500	20.0000
156.3000	-7.9825	20.0000
156.3235	-8.0000	20.0000
156.3500	-8.0198	20.0000
156.3917	-8.0500	20.0000
156.4000	-8.0561	20.0000
156.4500	-8.0922	20.0000
156.4609	-8.1000	20.0000
156.5000	-8.1283	20.0000
156.5307	-8.1500	20.0000
156.5500	-8.1640	20.0000
156.6000	-8.1991	20.0000
156.6013	-8.2000	20.0000
156.6500	-8.2348	20.0000
156.6729	-8.2500	20.0000
156.7000	-8.2688	20.0000
156.7496	-8.3000	20.0000
156.7500	-8.3002	20.0000
156.8000	-8.3310	20.0000
156.8355	-8.3500	20.0000
156.8500	-8.3583	20.0000
156.9000	-8.3843	20.0000
156.9338	-8.4000	20.0000
156.9500	-8.4082	20.0000
157.0000	-8.4317	20.0000
157.0417	-8.4500	20.0000
157.0500	-8.4540	20.0000
157.1000	-8.4776	20.0000
157.1495	-8.5000	20.0000
157.1500	-8.5003	20.0000
157.2000	-8.5252	20.0000
157.2500	-8.5485	20.0000
157.2532	-8.5500	20.0000
157.3000	-8.5730	20.0000
157.3500	-8.5952	20.0000
157.3612	-8.6000	20.0000
157.4000	-8.6173	20.0000
157.4500	-8.6373	20.0000
157.4853	-8.6500	20.0000
157.5000	-8.6557	20.0000
157.5500	-8.6740	20.0000
157.6000	-8.6903	20.0000
157.6316	-8.7000	20.0000
157.6500	-8.7064	20.0000
157.7000	-8.7229	20.0000
157.7500	-8.7385	20.0000
157.7877	-8.7500	20.0000
157.8000	-8.7544	20.0000
157.8500	-8.7718	20.0000
157.9000	-8.7889	20.0000
157.9323	-8.8000	20.0000
157.9500	-8.8070	20.0000
158.0000	-8.8268	20.0000
158.0500	-8.8465	20.0000
158.0584	-8.8500	20.0000
158.1000	-8.8689	20.0000
158.1500	-8.8915	20.0000
158.1682	-8.9000	20.0000
158.2000	-8.9158	20.0000
158.2500	-8.9403	20.0000
158.2698	-8.9500	20.0000
158.3000	-8.9655	20.0000
158.3500	-8.9901	20.0000
158.3707	-9.0000	20.0000
158.4000	-9.0146	20.0000
158.4500	-9.0382	20.0000
158.4763	-9.0500	20.0000
158.5000	-9.0613	20.0000
158.5500	-9.0837	20.0000
158.5893	-9.1000	20.0000
158.6000	-9.1049	20.0000
158.6500	-9.1264	20.0000
158.7000	-9.1463	20.0000
158.7095	-9.1500	20.0000
158.7500	-9.1673	20.0000
158.8000	-9.1875	20.0000
158.8319	-9.2000	20.0000
158.8500	-9.2080	20.0000
158.9000	-9.2293	20.0000
158.9499	-9.2500	20.0000
158.9500	-9.2501	20.0000
159.0000	-9.2739	20.0000
159.0500	-9.2974	20.0000
159.0551	-9.3000	20.0000
159.1000	-9.3250	20.0000
159.1445	-9.3500	20.0000
159.1500	-9.3535	20.0000
159.2000	-9.3863	20.0000
159.2209	-9.4000	20.0000
159.2500	-9.4214	20.0000
159.2902	-9.4500	20.0000
159.3000	-9.4578	20.0000
159.3500	-9.4964	20.0000
159.3548	-9.5000	20.0000
159.4000	-9.5374	20.0000
159.4159	-9.5500	20.0000
159.4500	-9.5790	20.0000
159.4758	-9.6000	20.0000
159.5000	-9.6209	20.0000
159.5355	-9.6500	20.0000
159.5500	-9.6624	20.0000
159.5963	-9.7000	20.0000
159.6000	-9.7031	20.0000
159.6500	-9.7439	20.0000
159.6577	-9.7500	20.0000
159.7000	-9.7841	20.0000
159.7207	-9.8000	20.0000
159.7500	-9.8228	20.0000
159.7873	-9.8500	20.0000
159.8000	-9.8593	20.0000
159.8500	-9.8938	20.0000
159.8597	-9.9000	20.0000
159.9000	-9.9259	20.0000
159.9439	-9.9500	20.0000
159.9500	-9.9534	20.0000
160.0000	-9.9795	20.0000
160.0460	-10.0000	20.0000
160.0500	-10.0018	20.0000
160.1000	-10.0249	20.0000
160.1500	-10.0459	20.0000
160.1596	-10.0500	20.0000
160.2000	-10.0693	20.0000
160.2500	-10.0927	20.0000
160.2651	-10.1000	20.0000
160.3000	-10.1196	20.0000
160.3500	-10.1474	20.0000
160.3545	-10.1500	20.0000
160.4000	-10.1802	20.0000
160.4305	-10.2000	20.0000
160.4500	-10.2141	20.0000
160.5000	-10.2488	20.0000
160.5017	-10.2500	20.0000
160.5500	-10.2856	20.0000
160.5709	-10.3000	20.0000
160.6000	-10.3210	20.0000
160.6435	-10.3500	20.0000
160.6500	-10.3545	20.0000
160.7000	-10.3884	20.0000
160.7180	-10.4000	20.0000
160.7500	-10.4220	20.0000
160.7930	-10.4500	20.0000
160.8000	-10.4550	20.0000
160.8500	-10.4898	20.0000
160.8652	-10.5000	20.0000
160.9000	-10.5253	20.0000
160.9356	-10.5500	20.0000
160.9500	-10.5606	20.0000
161.0000	-10.5960	20.0000
161.0059	-10.6000	20.0000
161.0500	-10.6315	20.0000
161.0779	-10.6500	20.0000
161.1000	-10.6652	20.0000
161.1500	-10.6970	20.0000
161.1550	-10.7000	20.0000
161.2000	-10.7278	20.0000
161.2399	-10.7500	20.0000
161.2500	-10.7558	20.0000
161.3000	-10.7825	20.0000
161.3363	-10.8000	20.0000
161.3500	-10.8068	20.0000
161.4000	-10.8299	20.0000
161.4493	-10.8500	20.0000
161.4500	-10.8503	20.0000
161.5000	-10.8705	20.0000
161.5500	-10.8885	20.0000
161.5849	-10.9000	20.0000
161.6000	-10.9054	20.0000
161.6500	-10.9220	20.0000
161.7000	-10.9371	20.0000
161.7461	-10.9500	20.0000
161.7500	-10.9512	20.0000
161.8000	-10.9658	20.0000
161.8500	-10.9792	20.0000
161.9000	-10.9917	20.0000
161.9350	-11.0000	20.0000
161.9500	-11.0039	20.0000
162.0000	-11.0166	20.0000
162.0500	-11.0286	20.0000
162.1000	-11.0398	20.0000
162.1481	-11.0500	20.0000
162.1500	-11.0504	20.0000
162.2000	-11.0619	20.0000
162.2500	-11.0723	20.0000
162.3000	-11.0815	20.0000
162.3500	-11.0895	20.0000
162.4000	-11.0962	20.0000
162.4354	-11.1000	20.0000
162.4500	-11.1018	20.0000
162.5000	-11.1063	20.0000
162.5500	-11.1094	20.0000
162.6000	-11.1113	20.0000
162.6500	-11.1130	20.0000
162.7000	-11.1160	20.0000
162.7500	-11.1237	20.0000
> 20 contour -Z20
143.1000	-5.5126	20.0000
143.1500	-5.5051	20.0000
143.2000	-5.5038	20.0000
143.2500	-5.5077	20.0000
143.3000	-5.5152	20.0000
143.3500	-5.5244	20.0000
143.4000	-5.5336	20.0000
143.4500	-5.5422	20.0000
143.5000	-5.5497	20.0000
143.5023	-5.5500	20.0000
143.5500	-5.5559	20.0000
143.6000	-5.5613	20.0000
143.6500	-5.5661	20.0000
143.7000	-5.5704	20.0000
143.7500	-5.5744	20.0000
143.8000	-5.5781	20.0000
143.8500	-5.5818	20.0000
143.9000	-5.5858	20.0000
143.9500	-5.5908	20.0000
144.0000	-5.5977	20.0000
> 20 contour -Z20
145.0500	-6.3390	20.0000
145.0647	-6.3500	20.0000
145.1000	-6.3754	20.0000
145.1353	-6.4000	20.0000
145.1500	-6.4100	20.0000
145.2000	-6.4426	20.0000
145.2114	-6.4500	20.0000
145.2500	-6.4743	20.0000
145.2897	-6.5000	20.0000
145.3000	-6.5066	20.0000
145.3500	-6.5422	20.0000
145.3596	-6.5500	20.0000
145.4000	-6.5867	20.0000
145.4129	-6.6000	20.0000
145.4488	-6.6500	20.0000
145.4500	-6.6534	20.0000
145.4668	-6.7000	20.0000
145.4642	-6.7500	20.0000
> 20 contour -Z20
145.7721	-7.4000	20.0000
145.8000	-7.4263	20.0000
145.8170	-7.4500	20.0000
145.8500	-7.4995	20.0000
145.8503	-7.5000	20.0000
145.8778	-7.5500	20.0000
145.9000	-7.5946	20.0000
145.9027	-7.6000	20.0000
145.9202	-7.6500	20.0000
> 20 contour -Z20
148.4000	-8.3920	20.0000
148.3500	-8.3731	20.0000
148.3000	-8.3544	20.0000
148.2849	-8.3500	20.0000
148.2500	-8.3375	20.0000
148.2000	-8.3226	20.0000
148.1500	-8.3051	20.0000
148.1366	-8.3000	20.0000
148.1000	-8.2791	20.0000
148.0708	-8.2500	20.0000
148.0500	-8.2053	20.0000
148.0476	-8.2000	20.0000
148.0334	-8.1500	20.0000
148.0327	-8.1000	20.0000
148.0449	-8.0500	20.0000
148.0500	-8.0405	20.0000
148.0637	-8.0000	20.0000
148.0873	-7.9500	20.0000
148.1000	-7.9259	20.0000
148.1095	-7.9000	20.0000
148.1259	-7.8500	20.0000
148.1379	-7.8000	20.0000
148.1448	-7.7500	20.0000
148.1472	-7.7000	20.0000
148.1469	-7.6500	20.0000
148.1463	-7.6000	20.0000
148.1491	-7.5500	20.0000
148.1500	-7.5459	20.0000
148.1658	-7.5000	20.0000
148.2000	-7.4675	20.0000
148.2500	-7.4644	20.0000
148.3000	-7.4825	20.0000
148.3283	-7.5000	20.0000
148.3500	-7.5134	20.0000
148.3939	-7.5500	20.0000
148.4000	-7.5552	20.0000
148.4406	-7.6000	20.0000
148.4500	-7.6108	20.0000
148.4769	-7.6500	20.0000
148.5000	-7.6866	20.0000
148.5072	-7.7000	20.0000
148.5317	-7.7500	20.0000
148.5500	-7.7848	20.0000
148.5581	-7.8000	20.0000
148.5953	-7.8500	20.0000
148.6000	-7.8542	20.0000
148.6500	-7.8842	20.0000
> 40 contour -Z40
141.9000	-4.7853	40.0000
141.9148	-4.7500	40.0000
141.9384	-4.7000	40.0000
141.9500	-4.6778	40.0000
141.9635	-4.6500	40.0000
141.9897	-4.6000	40.0000
142.0000	-4.5820	40.0000
142.0164	-4.5500	40.0000
142.0444	-4.5000	40.0000
142.0500	-4.4910	40.0000
142.0725	-4.4500	40.0000
142.1000	-4.4051	40.0000
142.1027	-4.4000	40.0000
142.1331	-4.3500	40.0000
142.1500	-4.3254	40.0000
142.1652	-4.3000	40.0000
142.1987	-4.2500	40.0000
142.2000	-4.2483	40.0000
142.2323	-4.2000	40.0000
142.2500	-4.1759	40.0000
142.2677	-4.1500	40.0000
142.3000	-4.1064	40.0000
142.3048	-4.1000	40.0000
142.3440	-4.0500	40.0000
142.3500	-4.0426	40.0000
142.3876	-4.0000	40.0000
142.4000	-3.9858	40.0000
142.4372	-3.9500	40.0000
142.4500	-3.9368	40.0000
142.4951	-3.9000	40.0000
142.5000	-3.8955	40.0000
142.5500	-3.8609	40.0000
142.5707	-3.8500	40.0000
> 40 contour -Z40
143.5062	-3.8500	40.0000
143.5500	-3.8879	40.0000
143.5638	-3.9000	40.0000
143.6000	-3.9382	40.0000
143.6110	-3.9500	40.0000
143.6492	-4.0000	40.0000
143.6500	-4.0012	40.0000
143.6793	-4.0500	40.0000
143.7000	-4.0894	40.0000
143.7053	-4.1000	40.0000
143.7290	-4.1500	40.0000
143.7500	-4.1894	40.0000
143.7553	-4.2000	40.0000
143.7852	-4.2500	40.0000
143.8000	-4.2696	40.0000
143.8215	-4.3000	40.0000
143.8500	-4.3320	40.0000
143.8652	-4.3500	40.0000
143.9000	-4.3832	40.0000
143.9170	-4.4000	40.0000
143.9500	-4.4266	40.0000
143.9787	-4.4500	40.0000
144.0000	-4.4645	40.0000
144.0500	-4.4980	40.0000
144.0531	-4.5000	40.0000
144.1000	-4.5259	40.0000
144.1453	-4.5500	40.0000
144.1500	-4.5521	40.0000
144.2000	-4.5740	40.0000
144.2500	-4.5951	40.0000
144.2618	-4.6000	40.0000
144.3000	-4.6136	40.0000
144.3500	-4.6312	40.0000
144.4000	-4.6492	40.0000
144.4020	-4.6500	40.0000
144.4500	-4.6656	40.0000
144.5000	-4.6829	40.0000
144.5452	-4.7000	40.0000
144.5500	-4.7017	40.0000
144.6000	-4.7199	40.0000
144.6500	-4.7400	40.0000
144.6727	-4.7500	40.0000
144.7000	-4.7613	40.0000
144.7500	-4.7836	40.0000
144.7836	-4.8000	40.0000
144.8000	-4.8077	40.0000
144.8500	-4.8322	40.0000
144.8838	-4.8500	40.0000
144.9000	-4.8581	40.0000
144.9500	-4.8836	40.0000
144.9808	-4.9000	40.0000
145.0000	-4.9096	40.0000
145.0500	-4.9346	40.0000
145.0798	-4.9500	40.0000
145.1000	-4.9596	40.0000
145.1500	-4.9835	40.0000
145.1835	-5.0000	40.0000
145.2000	-5.0076	40.0000
145.2500	-5.0304	40.0000
145.2920	-5.0500	40.0000
145.3000	-5.0536	40.0000
145.3500	-5.0751	40.0000
145.4000	-5.0968	40.0000
145.4076	-5.1000	40.0000
145.4500	-5.1170	40.0000
145.5000	-5.1367	40.0000
145.5343	-5.1500	40.0000
145.5500	-5.1559	40.0000
145.6000	-5.1740	40.0000
145.6500	-5.1923	40.0000
145.6708	-5.2000	40.0000
145.7000	-5.2106	40.0000
145.7500	-5.2295	40.0000
145.7989	-5.2500	40.0000
145.8000	-5.2505	40.0000
145.8500	-5.2728	40.0000
145.9000	-5.2985	40.0000
145.9026	-5.3000	40.0000
145.9500	-5.3264	40.0000
145.9879	-5.3500	40.0000
146.0000	-5.3575	40.0000
146.0500	-5.3907	40.0000
146.0631	-5.4000	40.0000
146.1000	-5.4258	40.0000
146.1325	-5.4500	40.0000
146.1500	-5.4628	40.0000
146.1981	-5.5000	40.0000
146.2000	-5.5014	40.0000
146.2500	-5.5408	40.0000
146.2611	-5.5500	40.0000
146.3000	-5.5813	40.0000
146.3222	-5.6000	40.0000
146.3500	-5.6227	40.0000
146.3825	-5.6500	40.0000
146.4000	-5.6643	40.0000
146.4434	-5.7000	40.0000
146.4500	-5.7053	40.0000
146.5000	-5.7447	40.0000
146.5069	-5.7500	40.0000
146.5500	-5.7819	40.0000
146.5756	-5.8000	40.0000
146.6000	-5.8168	40.0000
146.6500	-5.8492	40.0000
146.6513	-5.8500	40.0000
146.7000	-5.8778	40.0000
146.7419	-5.9000	40.0000
146.7500	-5.9041	40.0000
146.8000	-5.9269	40.0000
146.8500	-5.9480	40.0000
146.8552	-5.9500	40.0000
146.9000	-5.9664	40.0000
146.9500	-5.9837	40.0000
146.9987	-6.0000	40.0000
147.0000	-6.0004	40.0000
147.0500	-6.0159	40.0000
147.1000	-6.0312	40.0000
147.1500	-6.0461	40.0000
147.1650	-6.0500	40.0000
147.2000	-6.0596	40.0000
147.2500	-6.0718	40.0000
147.3000	-6.0822	40.0000
147.3500	-6.0905	40.0000
147.4000	-6.0963	40.0000
147.4500	-6.0993	40.0000
147.5000	-6.0995	40.0000
147.5500	-6.0967	40.0000
147.6000	-6.0912	40.0000
147.6500	-6.0835	40.0000
147.7000	-6.0741	40.0000
147.7500	-6.0637	40.0000
147.8000	-6.0532	40.0000
147.8163	-6.0500	40.0000
147.8500	-6.0437	40.0000
147.9000	-6.0356	40.0000
147.9500	-6.0289	40.0000
148.0000	-6.0236	40.0000
148.0500	-6.0194	40.0000
148.1000	-6.0160	40.0000
148.1500	-6.0128	40.0000
148.2000	-6.0095	40.0000
148.2500	-6.0057	40.0000
148.3000	-6.0011	40.0000
148.3106	-6.0000	40.0000
148.3500	-5.9961	40.0000
148.4000	-5.9906	40.0000
148.4500	-5.9848	40.0000
148.5000	-5.9789	40.0000
148.5500	-5.9732	40.0000
148.6000	-5.9681	40.0000
148.6500	-5.9639	40.0000
148.7000	-5.9610	40.0000
148.7500	-5.9598	40.0000
148.8000	-5.9606	40.0000
148.8500	-5.9636	40.0000
148.9000	-5.9688	40.0000
148.9500	-5.9759	40.0000
149.0000	-5.9842	40.0000
149.0500	-5.9928	40.0000
149.0960	-6.0000	40.0000
149.1000	-6.0009	40.0000
149.1500	-6.0092	40.0000
149.2000	-6.0144	40.0000
149.2500	-6.0162	40.0000
149.3000	-6.0147	40.0000
149.3500	-6.0104	40.0000
149.4000	-6.0038	40.0000
149.4228	-6.0000	40.0000
149.4500	-5.9963	40.0000
149.5000	-5.9884	40.0000
149.5500	-5.9798	40.0000
149.6000	-5.9706	40.0000
149.6500	-5.9611	40.0000
149.7000	-5.9513	40.0000
149.7064	-5.9500	40.0000
149.7500	-5.9423	40.0000
149.8000	-5.9330	40.0000
149.8500	-5.9229	40.0000
149.9000	-5.9122	40.0000
149.9500	-5.9006	40.0000
149.9525	-5.9000	40.0000
150.0000	-5.8896	40.0000
150.0500	-5.8776	40.0000
150.1000	-5.8642	40.0000
150.1478	-5.8500	40.0000
150.1500	-5.8494	40.0000
150.2000	-5.8345	40.0000
150.2500	-5.8170	40.0000
150.2915	-5.8000	40.0000
150.3000	-5.7968	40.0000
150.3500	-5.7754	40.0000
150.3987	-5.7500	40.0000
150.4000	-5.7494	40.0000
150.4500	-5.7232	40.0000
150.4874	-5.7000	40.0000
150.5000	-5.6931	40.0000
150.5500	-5.6625	40.0000
150.5689	-5.6500	40.0000
150.6000	-5.6318	40.0000
150.6495	-5.6000	40.0000
150.6500	-5.5997	40.0000
150.7000	-5.5723	40.0000
150.7376	-5.5500	40.0000
150.7500	-5.5438	40.0000
150.8000	-5.5186	40.0000
150.8344	-5.5000	40.0000
150.8500	-5.4929	40.0000
150.9000	-5.4692	40.0000
150.9364	-5.4500	40.0000
150.9500	-5.4438	40.0000
151.0000	-5.4195	40.0000
151.0354	-5.4000	40.0000
151.0500	-5.3928	40.0000
151.1000	-5.3661	40.0000
151.1274	-5.3500	40.0000
151.1500	-5.3374	40.0000
151.2000	-5.3070	40.0000
151.2109	-5.3000	40.0000
151.2500	-5.2752	40.0000
151.2856	-5.2500	40.0000
151.3000	-5.2398	40.0000
151.3500	-5.2005	40.0000
151.3506	-5.2000	40.0000
151.4000	-5.1595	40.0000
151.4105	-5.1500	40.0000
151.4500	-5.1170	40.0000
151.4688	-5.1000	40.0000
151.5000	-5.0750	40.0000
151.5293	-5.0500	40.0000
151.5500	-5.0346	40.0000
151.5938	-5.0000	40.0000
151.6000	-4.9957	40.0000
151.6500	-4.9601	40.0000
151.6634	-4.9500	40.0000
151.7000	-4.9258	40.0000
151.7367	-4.9000	40.0000
151.7500	-4.8916	40.0000
151.8000	-4.8587	40.0000
151.8125	-4.8500	40.0000
151.8500	-4.8264	40.0000
151.8892	-4.8000	40.0000
151.9000	-4.7933	40.0000
151.9500	-4.7615	40.0000
151.9671	-4.7500	40.0000
152.0000	-4.7298	40.0000
152.0467	-4.7000	40.0000
152.0500	-4.6980	40.0000
152.1000	-4.6680	40.0000
152.1289	-4.6500	40.0000
152.1500	-4.6377	40.0000
152.2000	-4.6081	40.0000
152.2133	-4.6000	40.0000
152.2500	-4.5788	40.0000
152.2986	-4.5500	40.0000
152.3000	-4.5492	40.0000
152.3500	-4.5201	40.0000
152.3837	-4.5000	40.0000
152.4000	-4.4904	40.0000
152.4500	-4.4613	40.0000
152.4694	-4.4500	40.0000
152.5000	-4.4324	40.0000
152.5500	-4.4050	40.0000
152.5597	-4.4000	40.0000
152.6000	-4.3791	40.0000
152.6500	-4.3564	40.0000
152.6669	-4.3500	40.0000
152.7000	-4.3371	40.0000
152.7500	-4.3228	40.0000
152.8000	-4.3143	40.0000
152.8500	-4.3117	40.0000
152.9000	-4.3147	40.0000
152.9500	-4.3227	40.0000
153.0000	-4.3354	40.0000
153.0432	-4.3500	40.0000
153.0500	-4.3523	40.0000
153.1000	-4.3722	40.0000
153.1500	-4.3961	40.0000
153.1573	-4.4000	40.0000
153.2000	-4.4231	40.0000
153.2436	-4.4500	40.0000
153.2500	-4.4540	40.0000
153.3000	-4.4881	40.0000
153.3159	-4.5000	40.0000
153.3500	-4.5261	40.0000
153.3787	-4.5500	40.0000
153.4000	-4.5685	40.0000
153.4339	-4.6000	40.0000
153.4500	-4.6162	40.0000
153.4819	-4.6500	40.0000
153.5000	-4.6713	40.0000
153.5234	-4.7000	40.0000
153.5500	-4.7371	40.0000
153.5591	-4.7500	40.0000
153.5889	-4.8000	40.0000
153.6000	-4.8231	40.0000
153.6131	-4.8500	40.0000
153.6316	-4.9000	40.0000
153.6452	-4.9500	40.0000
153.6500	-4.9771	40.0000
153.6541	-5.0000	40.0000
153.6605	-5.0500	40.0000
153.6681	-5.1000	40.0000
153.6805	-5.1500	40.0000
153.6996	-5.2000	40.0000
153.7000	-5.2006	40.0000
153.7243	-5.2500	40.0000
153.7500	-5.2911	40.0000
153.7550	-5.3000	40.0000
153.7894	-5.3500	40.0000
153.8000	-5.3631	40.0000
153.8273	-5.4000	40.0000
153.8500	-5.4269	40.0000
153.8681	-5.4500	40.0000
153.9000	-5.4863	40.0000
153.9114	-5.5000	40.0000
153.9500	-5.5421	40.0000
153.9569	-5.5500	40.0000
154.0000	-5.5954	40.0000
154.0042	-5.6000	40.0000
154.0500	-5.6470	40.0000
154.0528	-5.6500	40.0000
154.1000	-5.6977	40.0000
154.1022	-5.7000	40.0000
154.1500	-5.7481	40.0000
154.1519	-5.7500	40.0000
154.2000	-5.7985	40.0000
154.2015	-5.8000	40.0000
154.2500	-5.8489	40.0000
154.2510	-5.8500	40.0000
154.3000	-5.8990	40.0000
154.3010	-5.9000	40.0000
154.3500	-5.9479	40.0000
154.3522	-5.9500	40.0000
154.4000	-5.9949	40.0000
154.4054	-6.0000	40.0000
154.4500	-6.0398	40.0000
154.4616	-6.0500	40.0000
154.5000	-6.0825	40.0000
154.5210	-6.1000	40.0000
154.5500	-6.1235	40.0000
154.5829	-6.1500	40.0000
154.6000	-6.1636	40.0000
154.6455	-6.2000	40.0000
154.6500	-6.2036	40.0000
154.7000	-6.2445	40.0000
154.7065	-6.2500	40.0000
154.7500	-6.2876	40.0000
154.7640	-6.3000	40.0000
154.8000	-6.3335	40.0000
154.8174	-6.3500	40.0000
154.8500	-6.3824	40.0000
154.8675	-6.4000	40.0000
154.9000	-6.4339	40.0000
154.9153	-6.4500	40.0000
154.9500	-6.4873	40.0000
154.9619	-6.5000	40.0000
155.0000	-6.5408	40.0000
155.0087	-6.5500	40.0000
155.0500	-6.5929	40.0000
155.0569	-6.6000	40.0000
155.1000	-6.6426	40.0000
155.1076	-6.6500	40.0000
155.1500	-6.6896	40.0000
155.1614	-6.7000	40.0000
155.2000	-6.7340	40.0000
155.2186	-6.7500	40.0000
155.2500	-6.7762	40.0000
155.2789	-6.8000	40.0000
155.3000	-6.8168	40.0000
155.3421	-6.8500	40.0000
155.3500	-6.8561	40.0000
155.4000	-6.8942	40.0000
155.4075	-6.9000	40.0000
155.4500	-6.9322	40.0000
155.4731	-6.9500	40.0000
155.5000	-6.9711	40.0000
155.5356	-7.0000	40.0000
155.5500	-7.0122	40.0000
155.5928	-7.0500	40.0000
155.6000	-7.0568	40.0000
155.6444	-7.1000	40.0000
155.6500	-7.1059	40.0000
155.6918	-7.1500	40.0000
155.7000	-7.1592	40.0000
155.7366	-7.2000	40.0000
155.7500	-7.2155	40.0000
155.7803	-7.2500	40.0000
155.8000	-7.2729	40.0000
155.8238	-7.3000	40.0000
155.8500	-7.3300	40.0000
155.8678	-7.3500	40.0000
155.9000	-7.3855	40.0000
155.9133	-7.4000	40.0000
155.9500	-7.4383	40.0000
155.9613	-7.4500	40.0000
156.0000	-7.4879	40.0000
156.0124	-7.5000	40.0000
156.0500	-7.5345	40.0000
156.0668	-7.5500	40.0000
156.1000	-7.5791	40.0000
156.1236	-7.6000	40.0000
156.1500	-7.6224	40.0000
156.1818	-7.6500	40.0000
156.2000	-7.6652	40.0000
156.2406	-7.7000	40.0000
156.2500	-7.7078	40.0000
156.2999	-7.7500	40.0000
156.3000	-7.7501	40.0000
156.3500	-7.7913	40.0000
156.3605	-7.8000	40.0000
156.4000	-7.8319	40.0000
156.4224	-7.8500	40.0000
156.4500	-7.8717	40.0000
156.4860	-7.9000	40.0000
156.5000	-7.9107	40.0000
156.5500	-7.9488	40.0000
156.5516	-7.9500	40.0000
156.6000	-7.9853	40.0000
156.6202	-8.0000	40.0000
156.6500	-8.0210	40.0000
156.6918	-8.0500	40.0000
156.7000	-8.0555	40.0000
156.7500	-8.0878	40.0000
156.7697	-8.1000	40.0000
156.8000	-8.1181	40.0000
156.8500	-8.1464	40.0000
156.8567	-8.1500	40.0000
156.9000	-8.1722	40.0000
156.9500	-8.1968	40.0000
156.9566	-8.2000	40.0000
157.0000	-8.2200	40.0000
157.0500	-8.2430	40.0000
157.0647	-8.2500	40.0000
157.1000	-8.2661	40.0000
157.1500	-8.2900	40.0000
157.1697	-8.3000	40.0000
157.2000	-8.3150	40.0000
157.2500	-8.3410	40.0000
157.2665	-8.3500	40.0000
157.3000	-8.3678	40.0000
157.3500	-8.3947	40.0000
157.3599	-8.4000	40.0000
157.4000	-8.4207	40.0000
157.4500	-8.4455	40.0000
157.4596	-8.4500	40.0000
157.5000	-8.4682	40.0000
157.5500	-8.4890	40.0000
157.5785	-8.5000	40.0000
157.6000	-8.5079	40.0000
157.6500	-8.5247	40.0000
157.7000	-8.5402	40.0000
157.7341	-8.5500	40.0000
157.7500	-8.5545	40.0000
157.8000	-8.5675	40.0000
157.8500	-8.5800	40.0000
157.9000	-8.5924	40.0000
157.9303	-8.6000	40.0000
157.9500	-8.6050	40.0000
158.0000	-8.6179	40.0000
158.0500	-8.6320	40.0000
158.1000	-8.6476	40.0000
158.1070	-8.6500	40.0000
158.1500	-8.6651	40.0000
158.2000	-8.6847	40.0000
158.2347	-8.7000	40.0000
158.2500	-8.7069	40.0000
158.3000	-8.7310	40.0000
158.3364	-8.7500	40.0000
158.3500	-8.7571	40.0000
158.4000	-8.7838	40.0000
158.4297	-8.8000	40.0000
158.4500	-8.8108	40.0000
158.5000	-8.8369	40.0000
158.5256	-8.8500	40.0000
158.5500	-8.8618	40.0000
158.6000	-8.8850	40.0000
158.6339	-8.9000	40.0000
158.6500	-8.9068	40.0000
158.7000	-8.9265	40.0000
158.7500	-8.9457	40.0000
158.7617	-8.9500	40.0000
158.8000	-8.9634	40.0000
158.8500	-8.9808	40.0000
158.9000	-8.9987	40.0000
158.9037	-9.0000	40.0000
158.9500	-9.0160	40.0000
159.0000	-9.0344	40.0000
159.0393	-9.0500	40.0000
159.0500	-9.0541	40.0000
159.1000	-9.0747	40.0000
159.1500	-9.0978	40.0000
159.1545	-9.1000	40.0000
159.2000	-9.1223	40.0000
159.2500	-9.1496	40.0000
159.2506	-9.1500	40.0000
159.3000	-9.1782	40.0000
159.3353	-9.2000	40.0000
159.3500	-9.2090	40.0000
159.4000	-9.2411	40.0000
159.4133	-9.2500	40.0000
159.4500	-9.2745	40.0000
159.4859	-9.3000	40.0000
159.5000	-9.3101	40.0000
159.5500	-9.3483	40.0000
159.5521	-9.3500	40.0000
159.6000	-9.3895	40.0000
159.6116	-9.4000	40.0000
159.6500	-9.4342	40.0000
159.6662	-9.4500	40.0000
159.7000	-9.4816	40.0000
159.7184	-9.5000	40.0000
159.7500	-9.5301	40.0000
159.7700	-9.5500	40.0000
159.8000	-9.5781	40.0000
159.8227	-9.6000	40.0000
159.8500	-9.6247	40.0000
159.8777	-9.6500	40.0000
159.9000	-9.6693	40.0000
159.9361	-9.7000	40.0000
159.9500	-9.7113	40.0000
159.9994	-9.7500	40.0000
160.0000	-9.7505	40.0000
160.0500	-9.7863	40.0000
160.0702	-9.8000	40.0000
160.1000	-9.8192	40.0000
160.1500	-9.8491	40.0000
160.1516	-9.8500	40.0000
160.2000	-9.8760	40.0000
160.2473	-9.9000	40.0000
160.2500	-9.9013	40.0000
160.3000	-9.9250	40.0000
160.3500	-9.9486	40.0000
160.3530	-9.9500	40.0000
160.4000	-9.9725	40.0000
160.4500	-9.9980	40.0000
160.4538	-10.0000	40.0000
160.5000	-10.0255	40.0000
160.5412	-10.0500	40.0000
160.5500	-10.0554	40.0000
160.6000	-10.0872	40.0000
160.6195	-10.1000	40.0000
160.6500	-10.1203	40.0000
160.6946	-10.1500	40.0000
160.7000	-10.1537	40.0000
160.7500	-10.1862	40.0000
160.7716	-10.2000	40.0000
160.8000	-10.2179	40.0000
160.8500	-10.2483	40.0000
160.8529	-10.2500	40.0000
160.9000	-10.2777	40.0000
160.9391	-10.3000	40.0000
160.9500	-10.3063	40.0000
161.0000	-10.3345	40.0000
161.0281	-10.3500	40.0000
161.0500	-10.3625	40.0000
161.1000	-10.3902	40.0000
161.1183	-10.4000	40.0000
161.1500	-10.4178	40.0000
161.2000	-10.4449	40.0000
161.2098	-10.4500	40.0000
161.2500	-10.4718	40.0000
161.3000	-10.4979	40.0000
161.3043	-10.5000	40.0000
161.3500	-10.5234	40.0000
161.4000	-10.5478	40.0000
161.4046	-10.5500	40.0000
161.4500	-10.5714	40.0000
161.5000	-10.5941	40.0000
161.5134	-10.6000	40.0000
161.5500	-10.6159	40.0000
161.6000	-10.6371	40.0000
161.6309	-10.6500	40.0000
161.6500	-10.6577	40.0000
161.7000	-10.6778	40.0000
161.7500	-10.6977	40.0000
161.7557	-10.7000	40.0000
161.8000	-10.7170	40.0000
161.8500	-10.7359	40.0000
161.8871	-10.7500	40.0000
161.9000	-10.7547	40.0000
161.9500	-10.7726	40.0000
162.0000	-10.7903	40.0000
162.0275	-10.8000	40.0000
162.0500	-10.8075	40.0000
162.1000	-10.8238	40.0000
162.1500	-10.8397	40.0000
162.1832	-10.8500	40.0000
162.2000	-10.8549	40.0000
162.2500	-10.8686	40.0000
162.3000	-10.8813	40.0000
162.3500	-10.8927	40.0000
162.3871	-10.9000	40.0000
162.4000	-10.9024	40.0000
162.4500	-10.9096	40.0000
162.5000	-10.9145	40.0000
162.5500	-10.9167	40.0000
162.6000	-10.9159	40.0000
162.6500	-10.9119	40.0000
162.7000	-10.9047	40.0000
162.7229	-10.9000	40.0000
162.7500	-10.8942	40.0000
162.8000	-10.8814	40.0000
162.8500	-10.8680	40.0000
162.9000	-10.8555	40.0000
162.9323	-10.8500	40.0000
162.9500	-10.8472	40.0000
163.0000	-10.8462	40.0000
163.0282	-10.8500	40.0000
163.0500	-10.8546	40.0000
> 40 contour -Z40
141.8500	-4.9319	40.0000
141.8584	-4.9000	40.0000
141.8742	-4.8500	40.0000
> 40 contour -Z40
146.3565	-7.8500	40.0000
146.3500	-7.8347	40.0000
146.3387	-7.8000	40.0000
146.3124	-7.7500	40.0000
146.3000	-7.7315	40.0000
146.2823	-7.7000	40.0000
146.2500	-7.6506	40.0000
146.2496	-7.6500	40.0000
146.2190	-7.6000	40.0000
146.2000	-7.5713	40.0000
146.1872	-7.5500	40.0000
146.1552	-7.5000	40.0000
146.1500	-7.4921	40.0000
146.1241	-7.4500	40.0000
146.1000	-7.4133	40.0000
146.0919	-7.4000	40.0000
146.0612	-7.3500	40.0000
146.0500	-7.3318	40.0000
146.0324	-7.3000	40.0000
146.0052	-7.2500	40.0000
146.0000	-7.2400	40.0000
145.9813	-7.2000	40.0000
145.9584	-7.1500	40.0000
145.9500	-7.1314	40.0000
145.9363	-7.1000	40.0000
145.9139	-7.0500	40.0000
145.9000	-7.0208	40.0000
145.8898	-7.0000	40.0000
145.8643	-6.9500	40.0000
145.8500	-6.9237	40.0000
145.8371	-6.9000	40.0000
145.8095	-6.8500	40.0000
145.8000	-6.8335	40.0000
145.7824	-6.8000	40.0000
145.7551	-6.7500	40.0000
145.7500	-6.7412	40.0000
145.7288	-6.7000	40.0000
145.7000	-6.6509	40.0000
145.6995	-6.6500	40.0000
145.6706	-6.6000	40.0000
145.6500	-6.5695	40.0000
145.6370	-6.5500	40.0000
145.6000	-6.5022	40.0000
145.5982	-6.5000	40.0000
145.5547	-6.4500	40.0000
145.5500	-6.4448	40.0000
145.5033	-6.4000	40.0000
145.5000	-6.3968	40.0000
145.4500	-6.3542	40.0000
145.4444	-6.3500	40.0000
145.4000	-6.3139	40.0000
145.3808	-6.3000	40.0000
145.3500	-6.2752	40.0000
145.3159	-6.2500	40.0000
145.3000	-6.2365	40.0000
145.2551	-6.2000	40.0000
145.2500	-6.1951	40.0000
145.2022	-6.1500	40.0000
145.2000	-6.1475	40.0000
145.1583	-6.1000	40.0000
145.1500	-6.0888	40.0000
145.1219	-6.0500	40.0000
145.1000	-6.0148	40.0000
145.0910	-6.0000	40.0000
145.0696	-5.9500	40.0000
145.0580	-5.9000	40.0000
145.1000	-5.8640	40.0000
145.1500	-5.8771	40.0000
145.2000	-5.8986	40.0000
145.2022	-5.9000	40.0000
145.2500	-5.9300	40.0000
145.2806	-5.9500	40.0000
145.3000	-5.9631	40.0000
145.3500	-5.9983	40.0000
145.3523	-6.0000	40.0000
145.4000	-6.0378	40.0000
145.4156	-6.0500	40.0000
145.4500	-6.0779	40.0000
145.4784	-6.1000	40.0000
145.5000	-6.1177	40.0000
145.5427	-6.1500	40.0000
145.5500	-6.1559	40.0000
145.6000	-6.1935	40.0000
145.6093	-6.2000	40.0000
145.6500	-6.2297	40.0000
145.6819	-6.2500	40.0000
145.7000	-6.2619	40.0000
145.7500	-6.2918	40.0000
145.7645	-6.3000	40.0000
145.8000	-6.3207	40.0000
145.8500	-6.3467	40.0000
145.8564	-6.3500	40.0000
145.9000	-6.3741	40.0000
145.9500	-6.3997	40.0000
145.9506	-6.4000	40.0000
146.0000	-6.4287	40.0000
146.0372	-6.4500	40.0000
146.0500	-6.4581	40.0000
146.1000	-6.4906	40.0000
146.1139	-6.5000	40.0000
146.1500	-6.5266	40.0000
146.1813	-6.5500	40.0000
146.2000	-6.5650	40.0000
146.2433	-6.6000	40.0000
146.2500	-6.6057	40.0000
146.3000	-6.6486	40.0000
146.3016	-6.6500	40.0000
146.3500	-6.6937	40.0000
146.3568	-6.7000	40.0000
146.4000	-6.7413	40.0000
146.4090	-6.7500	40.0000
146.4500	-6.7917	40.0000
146.4580	-6.8000	40.0000
146.5000	-6.8453	40.0000
146.5043	-6.8500	40.0000
146.5483	-6.9000	40.0000
146.5500	-6.9021	40.0000
146.5894	-6.9500	40.0000
146.6000	-6.9636	40.0000
146.6276	-7.0000	40.0000
146.6500	-7.0311	40.0000
146.6631	-7.0500	40.0000
146.6962	-7.1000	40.0000
146.7000	-7.1057	40.0000
146.7274	-7.1500	40.0000
146.7500	-7.1850	40.0000
146.7592	-7.2000	40.0000
146.7913	-7.2500	40.0000
146.8000	-7.2627	40.0000
146.8243	-7.3000	40.0000
146.8500	-7.3364	40.0000
146.8594	-7.3500	40.0000
146.8958	-7.4000	40.0000
146.9000	-7.4057	40.0000
146.9325	-7.4500	40.0000
146.9500	-7.4742	40.0000
146.9689	-7.5000	40.0000
147.0000	-7.5456	40.0000
147.0030	-7.5500	40.0000
147.0325	-7.6000	40.0000
147.0500	-7.6338	40.0000
147.0584	-7.6500	40.0000
147.0796	-7.7000	40.0000
147.0976	-7.7500	40.0000
147.1000	-7.7599	40.0000
147.1091	-7.8000	40.0000
147.1134	-7.8500	40.0000
147.1059	-7.9000	40.0000
147.1000	-7.9118	40.0000
147.0538	-7.9500	40.0000
147.0500	-7.9516	40.0000
147.0000	-7.9611	40.0000
146.9500	-7.9664	40.0000
146.9000	-7.9741	40.0000
146.8500	-7.9918	40.0000
146.8378	-8.0000	40.0000
146.8042	-8.0500	40.0000
146.8011	-8.1000	40.0000
146.8124	-8.1500	40.0000
146.8347	-8.2000	40.0000
146.8500	-8.2218	40.0000
146.8700	-8.2500	40.0000
146.9000	-8.2811	40.0000
146.9202	-8.3000	40.0000
146.9500	-8.3242	40.0000
146.9859	-8.3500	40.0000
147.0000	-8.3604	40.0000
147.0500	-8.3928	40.0000
147.0629	-8.4000	40.0000
147.1000	-8.4233	40.0000
147.1454	-8.4500	40.0000
147.1500	-8.4531	40.0000
147.2000	-8.4791	40.0000
147.2381	-8.5000	40.0000
147.2500	-8.5076	40.0000
147.3000	-8.5462	40.0000
147.3034	-8.5500	40.0000
147.3405	-8.6000	40.0000
147.3500	-8.6178	40.0000
147.3640	-8.6500	40.0000
147.3808	-8.7000	40.0000
147.3928	-8.7500	40.0000
147.4000	-8.7893	40.0000
147.4018	-8.8000	40.0000
> 40 contour -Z40
147.6500	-9.3965	40.0000
147.7000	-9.3844	40.0000
147.7500	-9.3652	40.0000
147.7798	-9.3500	40.0000
147.8000	-9.3413	40.0000
147.8500	-9.3162	40.0000
147.8794	-9.3000	40.0000
147.9000	-9.2902	40.0000
147.9500	-9.2672	40.0000
> 60 contour -Z60
144.1267	-3.9500	60.0000
144.1463	-4.0000	60.0000
144.1500	-4.0127	60.0000
144.1618	-4.0500	60.0000
144.1742	-4.1000	60.0000
144.1864	-4.1500	60.0000
144.2000	-4.1947	60.0000
144.2017	-4.2000	60.0000
144.2248	-4.2500	60.0000
144.2500	-4.2909	60.0000
144.2558	-4.3000	60.0000
144.2995	-4.3500	60.0000
144.3000	-4.3504	60.0000
144.3500	-4.3916	60.0000
144.3605	-4.4000	60.0000
144.4000	-4.4243	60.0000
144.4417	-4.4500	60.0000
144.4500	-4.4541	60.0000
144.5000	-4.4776	60.0000
144.5457	-4.5000	60.0000
144.5500	-4.5017	60.0000
144.6000	-4.5213	60.0000
144.6500	-4.5426	60.0000
144.6666	-4.5500	60.0000
144.7000	-4.5624	60.0000
144.7500	-4.5831	60.0000
144.7858	-4.6000	60.0000
144.8000	-4.6058	60.0000
144.8500	-4.6284	60.0000
144.8901	-4.6500	60.0000
144.9000	-4.6547	60.0000
144.9500	-4.6807	60.0000
144.9822	-4.7000	60.0000
145.0000	-4.7094	60.0000
145.0500	-4.7379	60.0000
145.0699	-4.7500	60.0000
145.1000	-4.7660	60.0000
145.1500	-4.7941	60.0000
145.1605	-4.8000	60.0000
145.2000	-4.8191	60.0000
145.2500	-4.8442	60.0000
145.2621	-4.8500	60.0000
145.3000	-4.8656	60.0000
145.3500	-4.8863	60.0000
145.3838	-4.9000	60.0000
145.4000	-4.9056	60.0000
145.4500	-4.9218	60.0000
145.5000	-4.9380	60.0000
145.5378	-4.9500	60.0000
145.5500	-4.9533	60.0000
145.6000	-4.9660	60.0000
145.6500	-4.9790	60.0000
145.7000	-4.9926	60.0000
145.7262	-5.0000	60.0000
145.7500	-5.0057	60.0000
145.8000	-5.0184	60.0000
145.8500	-5.0330	60.0000
145.8991	-5.0500	60.0000
145.9000	-5.0503	60.0000
145.9500	-5.0673	60.0000
146.0000	-5.0885	60.0000
146.0234	-5.1000	60.0000
146.0500	-5.1125	60.0000
146.1000	-5.1405	60.0000
146.1147	-5.1500	60.0000
146.1500	-5.1724	60.0000
146.1861	-5.2000	60.0000
146.2000	-5.2104	60.0000
146.2448	-5.2500	60.0000
146.2500	-5.2545	60.0000
146.2964	-5.3000	60.0000
146.3000	-5.3034	60.0000
146.3447	-5.3500	60.0000
146.3500	-5.3552	60.0000
146.3926	-5.4000	60.0000
146.4000	-5.4072	60.0000
146.4422	-5.4500	60.0000
146.4500	-5.4573	60.0000
146.4955	-5.5000	60.0000
146.5000	-5.5039	60.0000
146.5500	-5.5459	60.0000
146.5551	-5.5500	60.0000
146.6000	-5.5826	60.0000
146.6252	-5.6000	60.0000
146.6500	-5.6158	60.0000
146.7000	-5.6454	60.0000
146.7088	-5.6500	60.0000
146.7500	-5.6696	60.0000
146.8000	-5.6909	60.0000
146.8256	-5.7000	60.0000
146.8500	-5.7078	60.0000
146.9000	-5.7199	60.0000
146.9500	-5.7282	60.0000
147.0000	-5.7326	60.0000
147.0500	-5.7332	60.0000
147.1000	-5.7306	60.0000
147.1500	-5.7255	60.0000
147.2000	-5.7189	60.0000
147.2500	-5.7116	60.0000
147.3000	-5.7041	60.0000
147.3288	-5.7000	60.0000
147.3500	-5.6967	60.0000
147.4000	-5.6892	60.0000
147.4500	-5.6821	60.0000
147.5000	-5.6751	60.0000
147.5500	-5.6683	60.0000
147.6000	-5.6615	60.0000
147.6500	-5.6549	60.0000
147.6886	-5.6500	60.0000
147.7000	-5.6484	60.0000
147.7500	-5.6419	60.0000
147.8000	-5.6362	60.0000
147.8500	-5.6319	60.0000
147.9000	-5.6290	60.0000
147.9500	-5.6277	60.0000
148.0000	-5.6280	60.0000
148.0500	-5.6295	60.0000
148.1000	-5.6320	60.0000
148.1500	-5.6350	60.0000
148.2000	-5.6382	60.0000
148.2500	-5.6412	60.0000
148.3000	-5.6438	60.0000
148.3500	-5.6457	60.0000
148.4000	-5.6468	60.0000
148.4500	-5.6469	60.0000
148.5000	-5.6461	60.0000
148.5500	-5.6446	60.0000
148.6000	-5.6425	60.0000
148.6500	-5.6402	60.0000
148.7000	-5.6380	60.0000
148.7500	-5.6363	60.0000
148.8000	-5.6355	60.0000
148.8500	-5.6358	60.0000
148.9000	-5.6370	60.0000
148.9500	-5.6390	60.0000
149.0000	-5.6413	60.0000
149.0500	-5.6435	60.0000
149.1000	-5.6450	60.0000
149.1500	-5.6455	60.0000
149.2000	-5.6445	60.0000
149.2500	-5.6417	60.0000
149.3000	-5.6373	60.0000
149.3500	-5.6313	60.0000
149.4000	-5.6241	60.0000
149.4500	-5.6159	60.0000
149.5000	-5.6074	60.0000
149.5437	-5.6000	60.0000
149.5500	-5.5989	60.0000
149.6000	-5.5903	60.0000
149.6500	-5.5824	60.0000
149.7000	-5.5751	60.0000
149.7500	-5.5681	60.0000
149.8000	-5.5609	60.0000
149.8500	-5.5533	60.0000
149.8696	-5.5500	60.0000
149.9000	-5.5446	60.0000
149.9500	-5.5344	60.0000
150.0000	-5.5231	60.0000
150.0500	-5.5105	60.0000
150.0877	-5.5000	60.0000
150.1000	-5.4964	60.0000
150.1500	-5.4802	60.0000
150.2000	-5.4630	60.0000
150.2355	-5.4500	60.0000
150.2500	-5.4444	60.0000
150.3000	-5.4238	60.0000
150.3500	-5.4026	60.0000
150.3557	-5.4000	60.0000
150.4000	-5.3790	60.0000
150.4500	-5.3552	60.0000
150.4604	-5.3500	60.0000
150.5000	-5.3296	60.0000
150.5500	-5.3042	60.0000
150.5582	-5.3000	60.0000
150.6000	-5.2775	60.0000
150.6500	-5.2517	60.0000
150.6533	-5.2500	60.0000
150.7000	-5.2241	60.0000
150.7449	-5.2000	60.0000
150.7500	-5.1970	60.0000
150.8000	-5.1672	60.0000
150.8290	-5.1500	60.0000
150.8500	-5.1360	60.0000
150.9000	-5.1026	60.0000
150.9037	-5.1000	60.0000
150.9500	-5.0645	60.0000
150.9687	-5.0500	60.0000
151.0000	-5.0232	60.0000
151.0271	-5.0000	60.0000
151.0500	-4.9787	60.0000
151.0815	-4.9500	60.0000
151.1000	-4.9321	60.0000
151.1347	-4.9000	60.0000
151.1500	-4.8853	60.0000
151.1893	-4.8500	60.0000
151.2000	-4.8402	60.0000
151.2481	-4.8000	60.0000
151.2500	-4.7983	60.0000
151.3000	-4.7595	60.0000
151.3138	-4.7500	60.0000
151.3500	-4.7242	60.0000
151.3886	-4.7000	60.0000
151.4000	-4.6925	60.0000
151.4500	-4.6624	60.0000
151.4725	-4.6500	60.0000
151.5000	-4.6337	60.0000
151.5500	-4.6058	60.0000
151.5605	-4.6000	60.0000
151.6000	-4.5762	60.0000
151.6453	-4.5500	60.0000
151.6500	-4.5469	60.0000
151.7000	-4.5144	60.0000
151.7230	-4.5000	60.0000
151.7500	-4.4807	60.0000
151.7953	-4.4500	60.0000
151.8000	-4.4463	60.0000
151.8500	-4.4085	60.0000
151.8620	-4.4000	60.0000
151.9000	-4.3683	60.0000
151.9239	-4.3500	60.0000
151.9500	-4.3261	60.0000
151.9812	-4.3000	60.0000
152.0000	-4.2810	60.0000
152.0335	-4.2500	60.0000
152.0500	-4.2317	60.0000
152.0813	-4.2000	60.0000
152.1000	-4.1779	60.0000
152.1259	-4.1500	60.0000
152.1500	-4.1215	60.0000
152.1698	-4.1000	60.0000
152.2000	-4.0670	60.0000
152.2168	-4.0500	60.0000
152.2500	-4.0187	60.0000
152.2711	-4.0000	60.0000
152.3000	-3.9773	60.0000
152.3361	-3.9500	60.0000
152.3500	-3.9409	60.0000
152.4000	-3.9079	60.0000
152.4120	-3.9000	60.0000
152.4500	-3.8778	60.0000
152.5000	-3.8500	60.0000
152.5000	-3.8500	60.0000
152.5500	-3.8258	60.0000
152.6000	-3.8058	60.0000
152.6193	-3.8000	60.0000
152.6500	-3.7913	60.0000
152.7000	-3.7829	60.0000
152.7500	-3.7808	60.0000
152.8000	-3.7846	60.0000
152.8500	-3.7938	60.0000
152.8723	-3.8000	60.0000
152.9000	-3.8073	60.0000
152.9500	-3.8240	60.0000
153.0000	-3.8441	60.0000
153.0128	-3.8500	60.0000
153.0500	-3.8663	60.0000
153.1000	-3.8911	60.0000
153.1159	-3.9000	60.0000
153.1500	-3.9179	60.0000
153.2000	-3.9476	60.0000
153.2036	-3.9500	60.0000
153.2500	-3.9788	60.0000
153.2805	-4.0000	60.0000
153.3000	-4.0129	60.0000
153.3500	-4.0498	60.0000
153.3503	-4.0500	60.0000
153.4000	-4.0891	60.0000
153.4126	-4.1000	60.0000
153.4500	-4.1324	60.0000
153.4685	-4.1500	60.0000
153.5000	-4.1805	60.0000
153.5183	-4.2000	60.0000
153.5500	-4.2348	60.0000
153.5627	-4.2500	60.0000
153.6000	-4.2965	60.0000
153.6026	-4.3000	60.0000
153.6393	-4.3500	60.0000
153.6500	-4.3649	60.0000
153.6740	-4.4000	60.0000
153.7000	-4.4385	60.0000
153.7076	-4.4500	60.0000
153.7411	-4.5000	60.0000
153.7500	-4.5130	60.0000
153.7754	-4.5500	60.0000
153.8000	-4.5858	60.0000
153.8100	-4.6000	60.0000
153.8454	-4.6500	60.0000
153.8500	-4.6565	60.0000
153.8819	-4.7000	60.0000
153.9000	-4.7258	60.0000
153.9176	-4.7500	60.0000
153.9500	-4.7976	60.0000
153.9517	-4.8000	60.0000
153.9844	-4.8500	60.0000
154.0000	-4.8768	60.0000
154.0138	-4.9000	60.0000
154.0401	-4.9500	60.0000
154.0500	-4.9711	60.0000
154.0640	-5.0000	60.0000
154.0857	-5.0500	60.0000
154.1000	-5.0859	60.0000
154.1059	-5.1000	60.0000
154.1259	-5.1500	60.0000
154.1456	-5.2000	60.0000
154.1500	-5.2110	60.0000
154.1666	-5.2500	60.0000
154.1890	-5.3000	60.0000
154.2000	-5.3229	60.0000
154.2139	-5.3500	60.0000
154.2413	-5.4000	60.0000
154.2500	-5.4145	60.0000
154.2722	-5.4500	60.0000
154.3000	-5.4920	60.0000
154.3056	-5.5000	60.0000
154.3422	-5.5500	60.0000
154.3500	-5.5603	60.0000
154.3816	-5.6000	60.0000
154.4000	-5.6229	60.0000
154.4230	-5.6500	60.0000
154.4500	-5.6820	60.0000
154.4661	-5.7000	60.0000
154.5000	-5.7382	60.0000
154.5111	-5.7500	60.0000
154.5500	-5.7917	60.0000
154.5581	-5.8000	60.0000
154.6000	-5.8427	60.0000
154.6073	-5.8500	60.0000
154.6500	-5.8913	60.0000
154.6588	-5.9000	60.0000
154.7000	-5.9379	60.0000
154.7126	-5.9500	60.0000
154.7500	-5.9829	60.0000
154.7683	-6.0000	60.0000
154.8000	-6.0272	60.0000
154.8248	-6.0500	60.0000
154.8500	-6.0716	60.0000
154.8809	-6.1000	60.0000
154.9000	-6.1167	60.0000
154.9358	-6.1500	60.0000
154.9500	-6.1628	60.0000
154.9892	-6.2000	60.0000
155.0000	-6.2102	60.0000
155.0409	-6.2500	60.0000
155.0500	-6.2589	60.0000
155.0911	-6.3000	60.0000
155.1000	-6.3090	60.0000
155.1402	-6.3500	60.0000
155.1500	-6.3601	60.0000
155.1889	-6.4000	60.0000
155.2000	-6.4115	60.0000
155.2379	-6.4500	60.0000
155.2500	-6.4622	60.0000
155.2881	-6.5000	60.0000
155.3000	-6.5115	60.0000
155.3402	-6.5500	60.0000
155.3500	-6.5590	60.0000
155.3945	-6.6000	60.0000
155.4000	-6.6048	60.0000
155.4500	-6.6488	60.0000
155.4514	-6.6500	60.0000
155.5000	-6.6904	60.0000
155.5113	-6.7000	60.0000
155.5500	-6.7309	60.0000
155.5733	-6.7500	60.0000
155.6000	-6.7708	60.0000
155.6362	-6.8000	60.0000
155.6500	-6.8107	60.0000
155.6987	-6.8500	60.0000
155.7000	-6.8511	60.0000
155.7500	-6.8914	60.0000
155.7605	-6.9000	60.0000
155.8000	-6.9329	60.0000
155.8204	-6.9500	60.0000
155.8500	-6.9755	60.0000
155.8786	-7.0000	60.0000
155.9000	-7.0190	60.0000
155.9353	-7.0500	60.0000
155.9500	-7.0635	60.0000
155.9905	-7.1000	60.0000
156.0000	-7.1091	60.0000
156.0438	-7.1500	60.0000
156.0500	-7.1561	60.0000
156.0952	-7.2000	60.0000
156.1000	-7.2049	60.0000
156.1452	-7.2500	60.0000
156.1500	-7.2550	60.0000
156.1946	-7.3000	60.0000
156.2000	-7.3056	60.0000
156.2446	-7.3500	60.0000
156.2500	-7.3554	60.0000
156.2963	-7.4000	60.0000
156.3000	-7.4035	60.0000
156.3500	-7.4498	60.0000
156.3503	-7.4500	60.0000
156.4000	-7.4935	60.0000
156.4075	-7.5000	60.0000
156.4500	-7.5358	60.0000
156.4669	-7.5500	60.0000
156.5000	-7.5772	60.0000
156.5276	-7.6000	60.0000
156.5500	-7.6181	60.0000
156.5888	-7.6500	60.0000
156.6000	-7.6589	60.0000
156.6500	-7.6996	60.0000
156.6505	-7.7000	60.0000
156.7000	-7.7382	60.0000
156.7148	-7.7500	60.0000
156.7500	-7.7761	60.0000
156.7812	-7.8000	60.0000
156.8000	-7.8132	60.0000
156.8500	-7.8493	60.0000
156.8509	-7.8500	60.0000
156.9000	-7.8816	60.0000
156.9272	-7.9000	60.0000
156.9500	-7.9137	60.0000
157.0000	-7.9453	60.0000
157.0071	-7.9500	60.0000
157.0500	-7.9749	60.0000
157.0897	-8.0000	60.0000
157.1000	-8.0057	60.0000
157.1500	-8.0351	60.0000
157.1737	-8.0500	60.0000
157.2000	-8.0646	60.0000
157.2500	-8.0947	60.0000
157.2584	-8.1000	60.0000
157.3000	-8.1234	60.0000
157.3439	-8.1500	60.0000
157.3500	-8.1534	60.0000
157.4000	-8.1812	60.0000
157.4328	-8.2000	60.0000
157.4500	-8.2090	60.0000
157.5000	-8.2348	60.0000
157.5298	-8.2500	60.0000
157.5500	-8.2592	60.0000
157.6000	-8.2812	60.0000
157.6437	-8.3000	60.0000
157.6500	-8.3024	60.0000
157.7000	-8.3195	60.0000
157.7500	-8.3358	60.0000
157.7968	-8.3500	60.0000
157.8000	-8.3508	60.0000
157.8500	-8.3625	60.0000
157.9000	-8.3733	60.0000
157.9500	-8.3836	60.0000
158.0000	-8.3935	60.0000
158.0325	-8.4000	60.0000
158.0500	-8.4031	60.0000
158.1000	-8.4125	60.0000
158.1500	-8.4229	60.0000
158.2000	-8.4350	60.0000
158.2500	-8.4492	60.0000
158.2526	-8.4500	60.0000
158.3000	-8.4644	60.0000
158.3500	-8.4819	60.0000
158.3961	-8.5000	60.0000
158.4000	-8.5015	60.0000
158.4500	-8.5217	60.0000
158.5000	-8.5431	60.0000
158.5163	-8.5500	60.0000
158.5500	-8.5643	60.0000
158.6000	-8.5851	60.0000
158.6372	-8.6000	60.0000
158.6500	-8.6051	60.0000
158.7000	-8.6236	60.0000
158.7500	-8.6412	60.0000
158.7767	-8.6500	60.0000
158.8000	-8.6575	60.0000
158.8500	-8.6725	60.0000
158.9000	-8.6871	60.0000
158.9453	-8.7000	60.0000
158.9500	-8.7013	60.0000
159.0000	-8.7152	60.0000
159.0500	-8.7298	60.0000
159.1000	-8.7456	60.0000
159.1128	-8.7500	60.0000
159.1500	-8.7627	60.0000
159.2000	-8.7818	60.0000
159.2428	-8.8000	60.0000
159.2500	-8.8031	60.0000
159.3000	-8.8262	60.0000
159.3475	-8.8500	60.0000
159.3500	-8.8513	60.0000
159.4000	-8.8774	60.0000
159.4420	-8.9000	60.0000
159.4500	-8.9043	60.0000
159.5000	-8.9322	60.0000
159.5302	-8.9500	60.0000
159.5500	-8.9618	60.0000
159.6000	-8.9951	60.0000
159.6062	-9.0000	60.0000
159.6500	-9.0355	60.0000
159.6644	-9.0500	60.0000
159.7000	-9.0871	60.0000
159.7099	-9.1000	60.0000
159.7474	-9.1500	60.0000
159.7500	-9.1536	60.0000
159.7792	-9.2000	60.0000
159.8000	-9.2323	60.0000
159.8104	-9.2500	60.0000
159.8415	-9.3000	60.0000
159.8500	-9.3127	60.0000
159.8745	-9.3500	60.0000
159.9000	-9.3859	60.0000
159.9102	-9.4000	60.0000
159.9496	-9.4500	60.0000
159.9500	-9.4505	60.0000
159.9943	-9.5000	60.0000
160.0000	-9.5060	60.0000
160.0447	-9.5500	60.0000
160.0500	-9.5548	60.0000
160.1000	-9.5979	60.0000
160.1026	-9.6000	60.0000
160.1500	-9.6352	60.0000
160.1715	-9.6500	60.0000
160.2000	-9.6683	60.0000
160.2500	-9.6982	60.0000
160.2534	-9.7000	60.0000
160.3000	-9.7230	60.0000
160.3500	-9.7462	60.0000
160.3592	-9.7500	60.0000
160.4000	-9.7659	60.0000
160.4500	-9.7849	60.0000
160.4890	-9.8000	60.0000
160.5000	-9.8041	60.0000
160.5500	-9.8234	60.0000
160.6000	-9.8462	60.0000
160.6075	-9.8500	60.0000
160.6500	-9.8713	60.0000
160.6976	-9.9000	60.0000
160.7000	-9.9014	60.0000
160.7500	-9.9331	60.0000
160.7740	-9.9500	60.0000
160.8000	-9.9672	60.0000
160.8464	-10.0000	60.0000
160.8500	-10.0024	60.0000
160.9000	-10.0353	60.0000
160.9217	-10.0500	60.0000
160.9500	-10.0673	60.0000
161.0000	-10.0984	60.0000
161.0025	-10.1000	60.0000
161.0500	-10.1261	60.0000
161.0930	-10.1500	60.0000
161.1000	-10.1535	60.0000
161.1500	-10.1782	60.0000
161.1947	-10.2000	60.0000
161.2000	-10.2024	60.0000
161.2500	-10.2244	60.0000
161.3000	-10.2460	60.0000
161.3098	-10.2500	60.0000
161.3500	-10.2660	60.0000
161.4000	-10.2855	60.0000
161.4377	-10.3000	60.0000
161.4500	-10.3047	60.0000
161.5000	-10.3231	60.0000
161.5500	-10.3417	60.0000
161.5726	-10.3500	60.0000
161.6000	-10.3601	60.0000
161.6500	-10.3784	60.0000
161.7000	-10.3971	60.0000
161.7082	-10.4000	60.0000
161.7500	-10.4151	60.0000
161.8000	-10.4330	60.0000
161.8473	-10.4500	60.0000
161.8500	-10.4510	60.0000
161.9000	-10.4676	60.0000
161.9500	-10.4843	60.0000
161.9968	-10.5000	60.0000
162.0000	-10.5010	60.0000
162.0500	-10.5164	60.0000
162.1000	-10.5323	60.0000
162.1500	-10.5492	60.0000
162.1524	-10.5500	60.0000
162.2000	-10.5642	60.0000
162.2500	-10.5798	60.0000
162.3000	-10.5960	60.0000
162.3127	-10.6000	60.0000
162.3500	-10.6096	60.0000
162.4000	-10.6218	60.0000
162.4500	-10.6330	60.0000
162.5000	-10.6426	60.0000
162.5481	-10.6500	60.0000
162.5500	-10.6502	60.0000
162.6000	-10.6547	60.0000
162.6500	-10.6571	60.0000
162.7000	-10.6572	60.0000
162.7500	-10.6552	60.0000
162.8000	-10.6515	60.0000
162.8145	-10.6500	60.0000
162.8500	-10.6464	60.0000
162.9000	-10.6410	60.0000
162.9500	-10.6360	60.0000
163.0000	-10.6322	60.0000
163.0500	-10.6296	60.0000
163.1000	-10.6286	60.0000
163.1500	-10.6292	60.0000
> 80 contour -Z80
148.4027	-4.4500	80.0000
148.4500	-4.4618	80.0000
148.5000	-4.4741	80.0000
> 80 contour -Z80
148.6087	-4.5000	80.0000
148.6500	-4.5082	80.0000
148.7000	-4.5177	80.0000
148.7500	-4.5268	80.0000
148.8000	-4.5354	80.0000
148.8500	-4.5434	80.0000
148.8962	-4.5500	80.0000
148.9000	-4.5505	80.0000
148.9500	-4.5559	80.0000
149.0000	-4.5599	80.0000
149.0500	-4.5622	80.0000
149.1000	-4.5624	80.0000
149.1500	-4.5604	80.0000
149.2000	-4.5560	80.0000
149.2435	-4.5500	80.0000
> 80 contour -Z80
149.3500	-4.5250	80.0000
149.4000	-4.5092	80.0000
149.4247	-4.5000	80.0000
