> 20 contour -Z20
171.0336	53.7000	20.0000
171.0500	53.6899	20.0000
171.1000	53.6567	20.0000
171.1093	53.6500	20.0000
171.1500	53.6215	20.0000
171.1785	53.6000	20.0000
171.2000	53.5842	20.0000
171.2434	53.5500	20.0000
171.2500	53.5449	20.0000
171.3000	53.5036	20.0000
171.3041	53.5000	20.0000
171.3500	53.4605	20.0000
171.3617	53.4500	20.0000
171.4000	53.4160	20.0000
171.4175	53.4000	20.0000
171.4500	53.3708	20.0000
171.4727	53.3500	20.0000
171.5000	53.3255	20.0000
171.5283	53.3000	20.0000
171.5500	53.2807	20.0000
171.5850	53.2500	20.0000
171.6000	53.2371	20.0000
171.6440	53.2000	20.0000
171.6500	53.1951	20.0000
171.7000	53.1547	20.0000
171.7059	53.1500	20.0000
171.7500	53.1160	20.0000
171.7714	53.1000	20.0000
171.8000	53.0791	20.0000
171.8411	53.0500	20.0000
171.8500	53.0438	20.0000
171.9000	53.0099	20.0000
171.9152	53.0000	20.0000
171.9500	52.9774	20.0000
171.9940	52.9500	20.0000
172.0000	52.9463	20.0000
172.0500	52.9162	20.0000
172.0779	52.9000	20.0000
172.1000	52.8873	20.0000
172.1500	52.8595	20.0000
172.1676	52.8500	20.0000
172.2000	52.8326	20.0000
172.2500	52.8067	20.0000
172.2634	52.8000	20.0000
172.3000	52.7816	20.0000
172.3500	52.7574	20.0000
172.3656	52.7500	20.0000
172.4000	52.7337	20.0000
172.4500	52.7107	20.0000
172.4740	52.7000	20.0000
172.5000	52.6882	20.0000
172.5500	52.6662	20.0000
172.5877	52.6500	20.0000
172.6000	52.6446	20.0000
172.6500	52.6231	20.0000
172.7000	52.6022	20.0000
172.7053	52.6000	20.0000
172.7500	52.5811	20.0000
172.8000	52.5604	20.0000
172.8253	52.5500	20.0000
172.8500	52.5396	20.0000
172.9000	52.5189	20.0000
172.9463	52.5000	20.0000
172.9500	52.4984	20.0000
173.0000	52.4774	20.0000
173.0500	52.4566	20.0000
173.0656	52.4500	20.0000
173.1000	52.4352	20.0000
173.1500	52.4136	20.0000
173.1812	52.4000	20.0000
173.2000	52.3916	20.0000
173.2500	52.3691	20.0000
173.2921	52.3500	20.0000
173.3000	52.3464	20.0000
173.3500	52.3230	20.0000
173.3989	52.3000	20.0000
173.4000	52.2995	20.0000
173.4500	52.2755	20.0000
173.5000	52.2517	20.0000
173.5035	52.2500	20.0000
173.5500	52.2276	20.0000
173.6000	52.2039	20.0000
173.6083	52.2000	20.0000
173.6500	52.1803	20.0000
173.7000	52.1573	20.0000
173.7162	52.1500	20.0000
173.7500	52.1347	20.0000
173.8000	52.1127	20.0000
173.8298	52.1000	20.0000
173.8500	52.0914	20.0000
173.9000	52.0707	20.0000
173.9500	52.0509	20.0000
173.9522	52.0500	20.0000
174.0000	52.0315	20.0000
174.0500	52.0130	20.0000
174.0866	52.0000	20.0000
174.1000	51.9952	20.0000
174.1500	51.9779	20.0000
174.2000	51.9615	20.0000
174.2361	51.9500	20.0000
174.2500	51.9456	20.0000
174.3000	51.9300	20.0000
174.3500	51.9151	20.0000
174.4000	51.9008	20.0000
174.4027	51.9000	20.0000
174.4500	51.8865	20.0000
174.5000	51.8726	20.0000
174.5500	51.8591	20.0000
174.5845	51.8500	20.0000
174.6000	51.8458	20.0000
174.6500	51.8325	20.0000
174.7000	51.8194	20.0000
174.7500	51.8065	20.0000
174.7754	51.8000	20.0000
174.8000	51.7936	20.0000
174.8500	51.7806	20.0000
174.9000	51.7678	20.0000
174.9500	51.7553	20.0000
174.9710	51.7500	20.0000
175.0000	51.7426	20.0000
175.0500	51.7300	20.0000
175.1000	51.7177	20.0000
175.1500	51.7056	20.0000
175.1740	51.7000	20.0000
175.2000	51.6937	20.0000
175.2500	51.6818	20.0000
175.3000	51.6704	20.0000
175.3500	51.6594	20.0000
175.3941	51.6500	20.0000
175.4000	51.6487	20.0000
175.4500	51.6380	20.0000
175.5000	51.6277	20.0000
175.5500	51.6180	20.0000
175.6000	51.6086	20.0000
175.6480	51.6000	20.0000
175.6500	51.5996	20.0000
175.7000	51.5906	20.0000
175.7500	51.5820	20.0000
175.8000	51.5737	20.0000
175.8500	51.5658	20.0000
175.9000	51.5582	20.0000
175.9500	51.5508	20.0000
175.9558	51.5500	20.0000
176.0000	51.5433	20.0000
176.0500	51.5359	20.0000
176.1000	51.5286	20.0000
176.1500	51.5212	20.0000
176.2000	51.5138	20.0000
176.2500	51.5063	20.0000
176.2904	51.5000	20.0000
176.3000	51.4984	20.0000
176.3500	51.4899	20.0000
176.4000	51.4811	20.0000
176.4500	51.4720	20.0000
176.5000	51.4625	20.0000
176.5500	51.4526	20.0000
176.5630	51.4500	20.0000
176.6000	51.4422	20.0000
176.6500	51.4315	20.0000
176.7000	51.4207	20.0000
176.7500	51.4100	20.0000
176.7974	51.4000	20.0000
176.8000	51.3994	20.0000
176.8500	51.3885	20.0000
176.9000	51.3780	20.0000
176.9500	51.3677	20.0000
177.0000	51.3577	20.0000
177.0394	51.3500	20.0000
177.0500	51.3479	20.0000
177.1000	51.3380	20.0000
177.1500	51.3284	20.0000
177.2000	51.3190	20.0000
177.2500	51.3098	20.0000
177.3000	51.3008	20.0000
177.3045	51.3000	20.0000
177.3500	51.2915	20.0000
177.4000	51.2823	20.0000
177.4500	51.2732	20.0000
177.5000	51.2642	20.0000
177.5500	51.2552	20.0000
177.5792	51.2500	20.0000
177.6000	51.2462	20.0000
177.6500	51.2370	20.0000
177.7000	51.2280	20.0000
177.7500	51.2192	20.0000
177.8000	51.2107	20.0000
177.8500	51.2025	20.0000
177.8654	51.2000	20.0000
177.9000	51.1943	20.0000
177.9500	51.1863	20.0000
178.0000	51.1788	20.0000
178.0500	51.1717	20.0000
178.1000	51.1651	20.0000
178.1500	51.1589	20.0000
178.2000	51.1531	20.0000
178.2290	51.1500	20.0000
178.2500	51.1477	20.0000
178.3000	51.1425	20.0000
178.3500	51.1377	20.0000
178.4000	51.1334	20.0000
178.4500	51.1294	20.0000
178.5000	51.1257	20.0000
178.5500	51.1223	20.0000
178.6000	51.1191	20.0000
178.6500	51.1162	20.0000
178.7000	51.1134	20.0000
178.7500	51.1108	20.0000
178.8000	51.1084	20.0000
178.8500	51.1061	20.0000
178.9000	51.1039	20.0000
178.9500	51.1018	20.0000
178.9970	51.1000	20.0000
179.0000	51.0999	20.0000
179.0500	51.0979	20.0000
179.1000	51.0961	20.0000
179.1500	51.0943	20.0000
179.2000	51.0927	20.0000
179.2500	51.0912	20.0000
179.3000	51.0897	20.0000
179.3500	51.0884	20.0000
179.4000	51.0872	20.0000
179.4500	51.0861	20.0000
179.5000	51.0851	20.0000
179.5500	51.0843	20.0000
179.6000	51.0836	20.0000
179.6500	51.0830	20.0000
179.7000	51.0826	20.0000
179.7500	51.0823	20.0000
179.8000	51.0822	20.0000
179.8500	51.0822	20.0000
179.9000	51.0824	20.0000
179.9500	51.0829	20.0000
180.0000	51.0835	20.0000
180.0500	51.0844	20.0000
180.1000	51.0855	20.0000
180.1500	51.0868	20.0000
180.2000	51.0884	20.0000
180.2500	51.0903	20.0000
180.3000	51.0924	20.0000
180.3500	51.0949	20.0000
180.4000	51.0976	20.0000
180.4404	51.1000	20.0000
180.4500	51.1005	20.0000
180.5000	51.1036	20.0000
180.5500	51.1070	20.0000
180.6000	51.1105	20.0000
180.6500	51.1143	20.0000
180.7000	51.1183	20.0000
180.7500	51.1226	20.0000
180.8000	51.1270	20.0000
180.8500	51.1315	20.0000
180.9000	51.1362	20.0000
180.9500	51.1410	20.0000
181.0000	51.1459	20.0000
181.0412	51.1500	20.0000
181.0500	51.1508	20.0000
181.1000	51.1554	20.0000
181.1500	51.1600	20.0000
181.2000	51.1646	20.0000
181.2500	51.1693	20.0000
181.3000	51.1739	20.0000
181.3500	51.1786	20.0000
181.4000	51.1832	20.0000
181.4500	51.1880	20.0000
181.5000	51.1928	20.0000
181.5500	51.1978	20.0000
181.5722	51.2000	20.0000
181.6000	51.2025	20.0000
181.6500	51.2072	20.0000
181.7000	51.2119	20.0000
181.7500	51.2168	20.0000
181.8000	51.2217	20.0000
181.8500	51.2268	20.0000
181.9000	51.2318	20.0000
181.9500	51.2370	20.0000
182.0000	51.2421	20.0000
182.0500	51.2472	20.0000
182.0778	51.2500	20.0000
182.1000	51.2520	20.0000
182.1500	51.2565	20.0000
182.2000	51.2609	20.0000
182.2500	51.2653	20.0000
182.3000	51.2696	20.0000
182.3500	51.2739	20.0000
182.4000	51.2781	20.0000
182.4500	51.2823	20.0000
182.5000	51.2865	20.0000
182.5500	51.2906	20.0000
182.6000	51.2947	20.0000
182.6500	51.2986	20.0000
182.6674	51.3000	20.0000
182.7000	51.3023	20.0000
182.7500	51.3056	20.0000
182.8000	51.3089	20.0000
182.8500	51.3121	20.0000
182.9000	51.3153	20.0000
182.9500	51.3186	20.0000
183.0000	51.3219	20.0000
183.0500	51.3253	20.0000
183.1000	51.3289	20.0000
183.1500	51.3327	20.0000
183.2000	51.3367	20.0000
183.2500	51.3411	20.0000
183.3000	51.3457	20.0000
183.3428	51.3500	20.0000
183.3500	51.3506	20.0000
183.4000	51.3554	20.0000
183.4500	51.3604	20.0000
183.5000	51.3657	20.0000
183.5500	51.3713	20.0000
183.6000	51.3772	20.0000
183.6500	51.3834	20.0000
183.7000	51.3899	20.0000
183.7500	51.3967	20.0000
183.7739	51.4000	20.0000
183.8000	51.4033	20.0000
183.8500	51.4097	20.0000
183.9000	51.4162	20.0000
183.9500	51.4229	20.0000
184.0000	51.4296	20.0000
184.0500	51.4363	20.0000
184.1000	51.4430	20.0000
184.1500	51.4495	20.0000
184.1543	51.4500	20.0000
184.2000	51.4551	20.0000
184.2500	51.4605	20.0000
184.3000	51.4655	20.0000
184.3500	51.4701	20.0000
184.4000	51.4742	20.0000
184.4500	51.4777	20.0000
184.5000	51.4808	20.0000
184.5500	51.4832	20.0000
184.6000	51.4850	20.0000
184.6500	51.4863	20.0000
184.7000	51.4870	20.0000
184.7500	51.4871	20.0000
184.8000	51.4868	20.0000
184.8500	51.4860	20.0000
184.9000	51.4849	20.0000
184.9500	51.4834	20.0000
185.0000	51.4818	20.0000
185.0500	51.4800	20.0000
185.1000	51.4782	20.0000
185.1500	51.4764	20.0000
185.2000	51.4746	20.0000
185.2500	51.4729	20.0000
185.3000	51.4712	20.0000
185.3500	51.4696	20.0000
185.4000	51.4680	20.0000
185.4500	51.4663	20.0000
185.5000	51.4645	20.0000
185.5500	51.4626	20.0000
185.6000	51.4605	20.0000
185.6500	51.4582	20.0000
185.7000	51.4558	20.0000
185.7500	51.4533	20.0000
185.8000	51.4508	20.0000
185.8184	51.4500	20.0000
185.8500	51.4484	20.0000
185.9000	51.4463	20.0000
185.9500	51.4447	20.0000
186.0000	51.4437	20.0000
186.0500	51.4435	20.0000
186.1000	51.4441	20.0000
186.1500	51.4455	20.0000
186.2000	51.4477	20.0000
186.2424	51.4500	20.0000
186.2500	51.4504	20.0000
186.3000	51.4534	20.0000
186.3500	51.4566	20.0000
186.4000	51.4599	20.0000
186.4500	51.4634	20.0000
186.5000	51.4668	20.0000
186.5500	51.4704	20.0000
186.6000	51.4741	20.0000
186.6500	51.4781	20.0000
186.7000	51.4825	20.0000
186.7500	51.4874	20.0000
186.8000	51.4929	20.0000
186.8500	51.4989	20.0000
186.8581	51.5000	20.0000
186.9000	51.5052	20.0000
186.9500	51.5119	20.0000
187.0000	51.5191	20.0000
187.0500	51.5267	20.0000
187.1000	51.5347	20.0000
187.1500	51.5431	20.0000
187.1903	51.5500	20.0000
187.2000	51.5516	20.0000
187.2500	51.5597	20.0000
187.3000	51.5681	20.0000
187.3500	51.5765	20.0000
187.4000	51.5851	20.0000
187.4500	51.5938	20.0000
187.4858	51.6000	20.0000
187.5000	51.6023	20.0000
187.5500	51.6104	20.0000
187.6000	51.6186	20.0000
187.6500	51.6268	20.0000
187.7000	51.6351	20.0000
187.7500	51.6436	20.0000
187.7880	51.6500	20.0000
187.8000	51.6519	20.0000
187.8500	51.6598	20.0000
187.9000	51.6679	20.0000
187.9500	51.6761	20.0000
188.0000	51.6844	20.0000
188.0500	51.6929	20.0000
188.0912	51.7000	20.0000
188.1000	51.7014	20.0000
188.1500	51.7095	20.0000
188.2000	51.7178	20.0000
188.2500	51.7261	20.0000
188.3000	51.7347	20.0000
188.3500	51.7433	20.0000
188.3881	51.7500	20.0000
188.4000	51.7520	20.0000
188.4500	51.7603	20.0000
188.5000	51.7689	20.0000
188.5500	51.7778	20.0000
188.6000	51.7870	20.0000
188.6500	51.7967	20.0000
188.6665	51.8000	20.0000
188.7000	51.8063	20.0000
188.7500	51.8162	20.0000
188.8000	51.8267	20.0000
188.8500	51.8377	20.0000
188.9000	51.8493	20.0000
188.9027	51.8500	20.0000
188.9500	51.8607	20.0000
189.0000	51.8725	20.0000
189.0500	51.8848	20.0000
189.1000	51.8976	20.0000
189.1090	51.9000	20.0000
189.1500	51.9100	20.0000
189.2000	51.9226	20.0000
189.2500	51.9355	20.0000
189.3000	51.9487	20.0000
189.3046	51.9500	20.0000
189.3500	51.9614	20.0000
189.4000	51.9743	20.0000
189.4500	51.9875	20.0000
189.4960	52.0000	20.0000
189.5000	52.0010	20.0000
189.5500	52.0139	20.0000
189.6000	52.0271	20.0000
189.6500	52.0407	20.0000
189.6833	52.0500	20.0000
189.7000	52.0544	20.0000
189.7500	52.0676	20.0000
189.8000	52.0812	20.0000
189.8500	52.0951	20.0000
189.8675	52.1000	20.0000
189.9000	52.1086	20.0000
189.9500	52.1220	20.0000
190.0000	52.1357	20.0000
190.0500	52.1496	20.0000
190.0515	52.1500	20.0000
190.1000	52.1626	20.0000
190.1500	52.1758	20.0000
190.2000	52.1891	20.0000
190.2407	52.2000	20.0000
190.2500	52.2024	20.0000
190.3000	52.2149	20.0000
190.3500	52.2276	20.0000
190.4000	52.2403	20.0000
190.4376	52.2500	20.0000
190.4500	52.2530	20.0000
190.5000	52.2653	20.0000
190.5500	52.2778	20.0000
190.6000	52.2907	20.0000
190.6351	52.3000	20.0000
190.6500	52.3038	20.0000
190.7000	52.3167	20.0000
190.7500	52.3303	20.0000
190.8000	52.3445	20.0000
190.8184	52.3500	20.0000
190.8500	52.3590	20.0000
190.9000	52.3738	20.0000
190.9500	52.3895	20.0000
190.9819	52.4000	20.0000
191.0000	52.4057	20.0000
191.0500	52.4219	20.0000
191.1000	52.4389	20.0000
191.1319	52.4500	20.0000
191.1500	52.4561	20.0000
191.2000	52.4729	20.0000
191.2500	52.4901	20.0000
191.2787	52.5000	20.0000
191.3000	52.5070	20.0000
191.3500	52.5233	20.0000
191.4000	52.5397	20.0000
191.4319	52.5500	20.0000
191.4500	52.5556	20.0000
191.5000	52.5706	20.0000
191.5500	52.5857	20.0000
191.5972	52.6000	20.0000
191.6000	52.6008	20.0000
191.6500	52.6146	20.0000
191.7000	52.6284	20.0000
191.7500	52.6423	20.0000
191.7778	52.6500	20.0000
191.8000	52.6556	20.0000
191.8500	52.6681	20.0000
191.9000	52.6805	20.0000
191.9500	52.6929	20.0000
191.9786	52.7000	20.0000
192.0000	52.7048	20.0000
192.0500	52.7160	20.0000
192.1000	52.7274	20.0000
192.1500	52.7392	20.0000
192.1938	52.7500	20.0000
192.2000	52.7514	20.0000
192.2500	52.7629	20.0000
192.3000	52.7751	20.0000
192.3500	52.7883	20.0000
192.3913	52.8000	20.0000
192.4000	52.8023	20.0000
192.4500	52.8159	20.0000
192.5000	52.8307	20.0000
192.5500	52.8467	20.0000
192.5597	52.8500	20.0000
192.6000	52.8625	20.0000
192.6500	52.8792	20.0000
192.7000	52.8971	20.0000
192.7078	52.9000	20.0000
192.7500	52.9146	20.0000
192.8000	52.9329	20.0000
192.8441	52.9500	20.0000
192.8500	52.9522	20.0000
192.9000	52.9707	20.0000
192.9500	52.9901	20.0000
192.9749	53.0000	20.0000
193.0000	53.0095	20.0000
193.0500	53.0286	20.0000
193.1000	53.0484	20.0000
193.1040	53.0500	20.0000
193.1500	53.0672	20.0000
193.2000	53.0862	20.0000
193.2356	53.1000	20.0000
193.2500	53.1053	20.0000
193.3000	53.1236	20.0000
193.3500	53.1425	20.0000
193.3698	53.1500	20.0000
193.4000	53.1609	20.0000
193.4500	53.1792	20.0000
193.5000	53.1983	20.0000
193.5045	53.2000	20.0000
193.5500	53.2166	20.0000
193.6000	53.2357	20.0000
193.6359	53.2500	20.0000
193.6500	53.2553	20.0000
193.7000	53.2747	20.0000
193.7500	53.2950	20.0000
193.7618	53.3000	20.0000
193.8000	53.3151	20.0000
193.8500	53.3356	20.0000
193.8838	53.3500	20.0000
193.9000	53.3565	20.0000
193.9500	53.3769	20.0000
194.0000	53.3980	20.0000
194.0048	53.4000	20.0000
194.0500	53.4180	20.0000
194.1000	53.4383	20.0000
194.1285	53.4500	20.0000
194.1500	53.4583	20.0000
194.2000	53.4776	20.0000
194.2500	53.4971	20.0000
194.2576	53.5000	20.0000
194.3000	53.5154	20.0000
194.3500	53.5335	20.0000
194.3953	53.5500	20.0000
194.4000	53.5516	20.0000
194.4500	53.5684	20.0000
194.5000	53.5851	20.0000
194.5452	53.6000	20.0000
194.5500	53.6015	20.0000
194.6000	53.6167	20.0000
194.6500	53.6316	20.0000
194.7000	53.6462	20.0000
194.7132	53.6500	20.0000
194.7500	53.6598	20.0000
194.8000	53.6728	20.0000
194.8500	53.6854	20.0000
194.9000	53.6976	20.0000
194.9100	53.7000	20.0000
194.9500	53.7089	20.0000
195.0000	53.7196	20.0000
195.0500	53.7300	20.0000
195.1000	53.7402	20.0000
195.1481	53.7500	20.0000
195.1500	53.7504	20.0000
195.2000	53.7597	20.0000
195.2500	53.7690	20.0000
195.3000	53.7783	20.0000
195.3500	53.7878	20.0000
195.4000	53.7975	20.0000
195.4124	53.8000	20.0000
195.4500	53.8070	20.0000
195.5000	53.8165	20.0000
195.5500	53.8263	20.0000
195.6000	53.8365	20.0000
195.6500	53.8472	20.0000
195.6630	53.8500	20.0000
195.7000	53.8576	20.0000
195.7500	53.8682	20.0000
195.8000	53.8793	20.0000
195.8500	53.8909	20.0000
195.8873	53.9000	20.0000
195.9000	53.9029	20.0000
195.9500	53.9147	20.0000
196.0000	53.9270	20.0000
196.0500	53.9400	20.0000
196.0869	53.9500	20.0000
196.1000	53.9534	20.0000
196.1500	53.9665	20.0000
196.2000	53.9803	20.0000
196.2500	53.9947	20.0000
196.2678	54.0000	20.0000
196.3000	54.0090	20.0000
196.3500	54.0233	20.0000
196.4000	54.0382	20.0000
196.4389	54.0500	20.0000
196.4500	54.0532	20.0000
196.5000	54.0676	20.0000
196.5500	54.0823	20.0000
196.6000	54.0973	20.0000
196.6091	54.1000	20.0000
196.6500	54.1115	20.0000
196.7000	54.1256	20.0000
196.7500	54.1398	20.0000
196.7862	54.1500	20.0000
196.8000	54.1537	20.0000
196.8500	54.1668	20.0000
196.9000	54.1798	20.0000
196.9500	54.1927	20.0000
196.9790	54.2000	20.0000
197.0000	54.2051	20.0000
197.0500	54.2169	20.0000
197.1000	54.2286	20.0000
197.1500	54.2405	20.0000
197.1892	54.2500	20.0000
197.2000	54.2525	20.0000
197.2500	54.2641	20.0000
197.3000	54.2762	20.0000
197.3500	54.2890	20.0000
197.3905	54.3000	20.0000
197.4000	54.3025	20.0000
197.4500	54.3161	20.0000
197.5000	54.3307	20.0000
197.5500	54.3464	20.0000
197.5610	54.3500	20.0000
197.6000	54.3623	20.0000
197.6500	54.3790	20.0000
197.7000	54.3967	20.0000
197.7093	54.4000	20.0000
197.7500	54.4142	20.0000
197.8000	54.4322	20.0000
197.8478	54.4500	20.0000
197.8500	54.4508	20.0000
197.9000	54.4686	20.0000
197.9500	54.4869	20.0000
197.9858	54.5000	20.0000
198.0000	54.5050	20.0000
198.0500	54.5224	20.0000
198.1000	54.5399	20.0000
198.1294	54.5500	20.0000
198.1500	54.5568	20.0000
198.2000	54.5730	20.0000
198.2500	54.5891	20.0000
198.2840	54.6000	20.0000
198.3000	54.6049	20.0000
198.3500	54.6197	20.0000
198.4000	54.6346	20.0000
198.4500	54.6498	20.0000
198.4508	54.6500	20.0000
198.5000	54.6639	20.0000
198.5500	54.6782	20.0000
198.6000	54.6930	20.0000
198.6232	54.7000	20.0000
198.6500	54.7076	20.0000
198.7000	54.7220	20.0000
198.7500	54.7370	20.0000
198.7918	54.7500	20.0000
198.8000	54.7524	20.0000
198.8500	54.7671	20.0000
198.9000	54.7824	20.0000
198.9500	54.7984	20.0000
198.9550	54.8000	20.0000
199.0000	54.8136	20.0000
199.0500	54.8292	20.0000
199.1000	54.8454	20.0000
199.1139	54.8500	20.0000
199.1500	54.8611	20.0000
199.2000	54.8770	20.0000
199.2500	54.8935	20.0000
199.2694	54.9000	20.0000
199.3000	54.9096	20.0000
199.3500	54.9256	20.0000
199.4000	54.9422	20.0000
199.4230	54.9500	20.0000
199.4500	54.9584	20.0000
199.5000	54.9743	20.0000
199.5500	54.9908	20.0000
199.5776	55.0000	20.0000
199.6000	55.0068	20.0000
199.6500	55.0222	20.0000
199.7000	55.0380	20.0000
199.7373	55.0500	20.0000
199.7500	55.0537	20.0000
199.8000	55.0682	20.0000
199.8500	55.0830	20.0000
199.9000	55.0982	20.0000
199.9059	55.1000	20.0000
199.9500	55.1120	20.0000
200.0000	55.1260	20.0000
200.0500	55.1406	20.0000
200.0813	55.1500	20.0000
200.1000	55.1551	20.0000
200.1500	55.1690	20.0000
200.2000	55.1840	20.0000
200.2492	55.2000	20.0000
200.2500	55.2002	20.0000
200.3000	55.2152	20.0000
200.3500	55.2317	20.0000
200.3998	55.2500	20.0000
200.4000	55.2501	20.0000
200.4500	55.2670	20.0000
200.5000	55.2858	20.0000
200.5342	55.3000	20.0000
200.5500	55.3058	20.0000
200.6000	55.3253	20.0000
200.6500	55.3474	20.0000
200.6556	55.3500	20.0000
200.7000	55.3683	20.0000
200.7500	55.3914	20.0000
200.7672	55.4000	20.0000
200.8000	55.4144	20.0000
200.8500	55.4386	20.0000
200.8718	55.4500	20.0000
200.9000	55.4630	20.0000
200.9500	55.4879	20.0000
200.9727	55.5000	20.0000
201.0000	55.5129	20.0000
201.0500	55.5380	20.0000
201.0725	55.5500	20.0000
201.1000	55.5631	20.0000
201.1500	55.5883	20.0000
201.1722	55.6000	20.0000
201.2000	55.6133	20.0000
201.2500	55.6386	20.0000
201.2716	55.6500	20.0000
201.3000	55.6638	20.0000
201.3500	55.6892	20.0000
201.3710	55.7000	20.0000
201.4000	55.7142	20.0000
201.4500	55.7390	20.0000
201.4725	55.7500	20.0000
201.5000	55.7629	20.0000
201.5500	55.7856	20.0000
201.5834	55.8000	20.0000
201.6000	55.8069	20.0000
201.6500	55.8251	20.0000
201.7000	55.8416	20.0000
201.7309	55.8500	20.0000
201.7500	55.8550	20.0000
201.8000	55.8647	20.0000
201.8500	55.8722	20.0000
201.9000	55.8777	20.0000
201.9500	55.8823	20.0000
202.0000	55.8871	20.0000
202.0500	55.8935	20.0000
202.0862	55.9000	20.0000
202.1000	55.9023	20.0000
202.1500	55.9137	20.0000
202.2000	55.9286	20.0000
202.2500	55.9469	20.0000
202.2573	55.9500	20.0000
202.3000	55.9672	20.0000
202.3500	55.9897	20.0000
202.3714	56.0000	20.0000
202.4000	56.0134	20.0000
202.4500	56.0380	20.0000
202.4740	56.0500	20.0000
202.5000	56.0629	20.0000
202.5500	56.0877	20.0000
202.5752	56.1000	20.0000
202.6000	56.1122	20.0000
202.6500	56.1361	20.0000
202.6805	56.1500	20.0000
202.7000	56.1591	20.0000
202.7500	56.1814	20.0000
202.7942	56.2000	20.0000
202.8000	56.2025	20.0000
202.8500	56.2231	20.0000
202.9000	56.2427	20.0000
202.9193	56.2500	20.0000
202.9500	56.2619	20.0000
203.0000	56.2810	20.0000
203.0500	56.2999	20.0000
203.0502	56.3000	20.0000
203.1000	56.3198	20.0000
203.1500	56.3404	20.0000
203.1722	56.3500	20.0000
203.2000	56.3623	20.0000
203.2500	56.3859	20.0000
203.2779	56.4000	20.0000
203.3000	56.4112	20.0000
203.3500	56.4382	20.0000
203.3707	56.4500	20.0000
203.4000	56.4665	20.0000
203.4500	56.4959	20.0000
203.4567	56.5000	20.0000
203.5000	56.5254	20.0000
203.5411	56.5500	20.0000
203.5500	56.5551	20.0000
203.6000	56.5839	20.0000
203.6276	56.6000	20.0000
203.6500	56.6123	20.0000
203.7000	56.6400	20.0000
203.7175	56.6500	20.0000
203.7500	56.6673	20.0000
203.8000	56.6949	20.0000
203.8088	56.7000	20.0000
203.8500	56.7225	20.0000
203.8978	56.7500	20.0000
203.9000	56.7512	20.0000
203.9500	56.7804	20.0000
203.9813	56.8000	20.0000
204.0000	56.8112	20.0000
204.0500	56.8434	20.0000
204.0597	56.8500	20.0000
204.1000	56.8768	20.0000
204.1329	56.9000	20.0000
204.1500	56.9119	20.0000
204.2000	56.9485	20.0000
204.2019	56.9500	20.0000
204.2500	56.9864	20.0000
204.2674	57.0000	20.0000
204.3000	57.0258	20.0000
204.3300	57.0500	20.0000
204.3500	57.0663	20.0000
204.3910	57.1000	20.0000
204.4000	57.1075	20.0000
204.4500	57.1486	20.0000
204.4517	57.1500	20.0000
204.5000	57.1886	20.0000
204.5148	57.2000	20.0000
204.5500	57.2268	20.0000
204.5823	57.2500	20.0000
204.6000	57.2624	20.0000
204.6500	57.2948	20.0000
204.6589	57.3000	20.0000
204.7000	57.3231	20.0000
204.7500	57.3483	20.0000
204.7540	57.3500	20.0000
204.8000	57.3690	20.0000
204.8500	57.3868	20.0000
204.8935	57.4000	20.0000
204.9000	57.4019	20.0000
204.9500	57.4141	20.0000
205.0000	57.4249	20.0000
205.0500	57.4353	20.0000
205.1000	57.4461	20.0000
205.1159	57.4500	20.0000
205.1500	57.4581	20.0000
205.2000	57.4726	20.0000
205.2500	57.4910	20.0000
205.2697	57.5000	20.0000
205.3000	57.5137	20.0000
205.3500	57.5419	20.0000
205.3621	57.5500	20.0000
205.4000	57.5753	20.0000
205.4317	57.6000	20.0000
205.4500	57.6141	20.0000
205.4912	57.6500	20.0000
205.5000	57.6575	20.0000
205.5456	57.7000	20.0000
205.5500	57.7040	20.0000
205.5979	57.7500	20.0000
205.6000	57.7519	20.0000
205.6500	57.7999	20.0000
205.6501	57.8000	20.0000
205.7000	57.8465	20.0000
205.7038	57.8500	20.0000
205.7500	57.8911	20.0000
205.7602	57.9000	20.0000
205.8000	57.9333	20.0000
205.8205	57.9500	20.0000
205.8500	57.9731	20.0000
205.8854	58.0000	20.0000
205.9000	58.0106	20.0000
205.9500	58.0460	20.0000
205.9558	58.0500	20.0000
206.0000	58.0793	20.0000
206.0315	58.1000	20.0000
206.0500	58.1118	20.0000
206.1000	58.1437	20.0000
206.1096	58.1500	20.0000
206.1500	58.1756	20.0000
206.1870	58.2000	20.0000
206.2000	58.2085	20.0000
206.2500	58.2424	20.0000
206.2606	58.2500	20.0000
206.3000	58.2778	20.0000
206.3297	58.3000	20.0000
206.3500	58.3151	20.0000
206.3947	58.3500	20.0000
206.4000	58.3541	20.0000
206.4500	58.3944	20.0000
206.4569	58.4000	20.0000
206.5000	58.4356	20.0000
206.5172	58.4500	20.0000
206.5500	58.4776	20.0000
206.5765	58.5000	20.0000
206.6000	58.5201	20.0000
206.6352	58.5500	20.0000
206.6500	58.5626	20.0000
206.6939	58.6000	20.0000
206.7000	58.6052	20.0000
206.7500	58.6476	20.0000
206.7529	58.6500	20.0000
206.8000	58.6895	20.0000
206.8126	58.7000	20.0000
206.8500	58.7311	20.0000
206.8726	58.7500	20.0000
206.9000	58.7726	20.0000
206.9330	58.8000	20.0000
206.9500	58.8138	20.0000
206.9941	58.8500	20.0000
207.0000	58.8547	20.0000
207.0500	58.8946	20.0000
207.0568	58.9000	20.0000
207.1000	58.9333	20.0000
207.1216	58.9500	20.0000
207.1500	58.9711	20.0000
207.1888	59.0000	20.0000
207.2000	59.0080	20.0000
207.2500	59.0431	20.0000
207.2599	59.0500	20.0000
207.3000	59.0765	20.0000
207.3356	59.1000	20.0000
207.3500	59.1090	20.0000
207.4000	59.1400	20.0000
207.4163	59.1500	20.0000
207.4500	59.1697	20.0000
207.5000	59.1993	20.0000
207.5012	59.2000	20.0000
207.5500	59.2275	20.0000
207.5886	59.2500	20.0000
207.6000	59.2564	20.0000
207.6500	59.2852	20.0000
207.6744	59.3000	20.0000
207.7000	59.3150	20.0000
207.7500	59.3461	20.0000
207.7559	59.3500	20.0000
207.8000	59.3784	20.0000
207.8314	59.4000	20.0000
207.8500	59.4128	20.0000
207.9000	59.4492	20.0000
207.9010	59.4500	20.0000
207.9500	59.4880	20.0000
207.9647	59.5000	20.0000
208.0000	59.5297	20.0000
208.0230	59.5500	20.0000
208.0500	59.5748	20.0000
208.0764	59.6000	20.0000
208.1000	59.6237	20.0000
208.1253	59.6500	20.0000
208.1500	59.6771	20.0000
208.1703	59.7000	20.0000
208.2000	59.7356	20.0000
208.2118	59.7500	20.0000
208.2500	59.7994	20.0000
208.2504	59.8000	20.0000
208.2868	59.8500	20.0000
208.3000	59.8691	20.0000
208.3213	59.9000	20.0000
208.3500	59.9432	20.0000
208.3545	59.9500	20.0000
208.3868	60.0000	20.0000
208.4000	60.0209	20.0000
208.4184	60.0500	20.0000
208.4496	60.1000	20.0000
208.4500	60.1007	20.0000
208.4804	60.1500	20.0000
208.5000	60.1821	20.0000
208.5109	60.2000	20.0000
208.5411	60.2500	20.0000
208.5500	60.2651	20.0000
208.5706	60.3000	20.0000
208.5995	60.3500	20.0000
208.6000	60.3509	20.0000
208.6273	60.4000	20.0000
208.6500	60.4423	20.0000
208.6541	60.4500	20.0000
208.6794	60.5000	20.0000
208.7000	60.5428	20.0000
208.7034	60.5500	20.0000
208.7257	60.6000	20.0000
208.7465	60.6500	20.0000
208.7500	60.6589	20.0000
208.7658	60.7000	20.0000
208.7835	60.7500	20.0000
208.8000	60.8000	20.0000
208.8000	60.8000	20.0000
208.8153	60.8500	20.0000
208.8296	60.9000	20.0000
208.8431	60.9500	20.0000
208.8500	60.9760	20.0000
208.8563	61.0000	20.0000
208.8693	61.0500	20.0000
208.8824	61.1000	20.0000
208.8958	61.1500	20.0000
208.9000	61.1646	20.0000
208.9101	61.2000	20.0000
208.9254	61.2500	20.0000
208.9418	61.3000	20.0000
208.9500	61.3232	20.0000
208.9597	61.3500	20.0000
208.9792	61.4000	20.0000
209.0000	61.4499	20.0000
209.0001	61.4500	20.0000
209.0230	61.5000	20.0000
209.0472	61.5500	20.0000
209.0500	61.5555	20.0000
209.0733	61.6000	20.0000
209.1000	61.6492	20.0000
209.1005	61.6500	20.0000
209.1292	61.7000	20.0000
209.1500	61.7353	20.0000
209.1589	61.7500	20.0000
209.1898	61.8000	20.0000
209.2000	61.8162	20.0000
209.2220	61.8500	20.0000
209.2500	61.8922	20.0000
209.2554	61.9000	20.0000
209.2907	61.9500	20.0000
209.3000	61.9627	20.0000
209.3284	62.0000	20.0000
209.3500	62.0274	20.0000
209.3689	62.0500	20.0000
209.4000	62.0860	20.0000
209.4130	62.1000	20.0000
209.4500	62.1388	20.0000
209.4616	62.1500	20.0000
209.5000	62.1863	20.0000
209.5159	62.2000	20.0000
209.5500	62.2290	20.0000
209.5772	62.2500	20.0000
209.6000	62.2674	20.0000
209.6470	62.3000	20.0000
209.6500	62.3020	20.0000
209.7000	62.3333	20.0000
209.7293	62.3500	20.0000
209.7500	62.3615	20.0000
209.8000	62.3869	20.0000
209.8283	62.4000	20.0000
209.8500	62.4098	20.0000
209.9000	62.4303	20.0000
209.9500	62.4489	20.0000
209.9532	62.4500	20.0000
210.0000	62.4654	20.0000
210.0500	62.4803	20.0000
210.1000	62.4936	20.0000
210.1266	62.5000	20.0000
210.1500	62.5054	20.0000
210.2000	62.5158	20.0000
210.2500	62.5251	20.0000
210.3000	62.5332	20.0000
210.3500	62.5404	20.0000
210.4000	62.5468	20.0000
210.4292	62.5500	20.0000
210.4500	62.5523	20.0000
210.5000	62.5571	20.0000
210.5500	62.5614	20.0000
210.6000	62.5653	20.0000
210.6500	62.5687	20.0000
210.7000	62.5719	20.0000
210.7500	62.5750	20.0000
210.8000	62.5779	20.0000
210.8500	62.5810	20.0000
210.9000	62.5843	20.0000
210.9500	62.5882	20.0000
211.0000	62.5928	20.0000
211.0500	62.5986	20.0000
211.0600	62.6000	20.0000
211.1000	62.6057	20.0000
211.1500	62.6146	20.0000
211.2000	62.6253	20.0000
211.2500	62.6380	20.0000
211.2914	62.6500	20.0000
211.3000	62.6525	20.0000
211.3500	62.6688	20.0000
211.4000	62.6864	20.0000
211.4363	62.7000	20.0000
211.4500	62.7052	20.0000
211.5000	62.7250	20.0000
211.5500	62.7452	20.0000
211.5619	62.7500	20.0000
211.6000	62.7660	20.0000
211.6500	62.7869	20.0000
211.6821	62.8000	20.0000
211.7000	62.8077	20.0000
211.7500	62.8287	20.0000
211.8000	62.8490	20.0000
211.8025	62.8500	20.0000
211.8500	62.8697	20.0000
211.9000	62.8897	20.0000
211.9270	62.9000	20.0000
211.9500	62.9094	20.0000
212.0000	62.9291	20.0000
212.0500	62.9483	20.0000
212.0546	62.9500	20.0000
212.1000	62.9683	20.0000
212.1500	62.9883	20.0000
212.1789	63.0000	20.0000
212.2000	63.0092	20.0000
212.2500	63.0318	20.0000
212.2886	63.0500	20.0000
212.3000	63.0559	20.0000
212.3500	63.0831	20.0000
212.3790	63.1000	20.0000
212.4000	63.1135	20.0000
212.4500	63.1481	20.0000
212.4526	63.1500	20.0000
212.5000	63.1884	20.0000
212.5133	63.2000	20.0000
212.5500	63.2347	20.0000
212.5652	63.2500	20.0000
212.6000	63.2875	20.0000
212.6111	63.3000	20.0000
212.6500	63.3463	20.0000
212.6530	63.3500	20.0000
212.6928	63.4000	20.0000
212.7000	63.4092	20.0000
212.7319	63.4500	20.0000
212.7500	63.4731	20.0000
212.7714	63.5000	20.0000
212.8000	63.5353	20.0000
212.8124	63.5500	20.0000
212.8500	63.5936	20.0000
212.8559	63.6000	20.0000
212.9000	63.6467	20.0000
212.9033	63.6500	20.0000
212.9500	63.6947	20.0000
212.9561	63.7000	20.0000
213.0000	63.7380	20.0000
213.0152	63.7500	20.0000
213.0500	63.7775	20.0000
213.0807	63.8000	20.0000
213.1000	63.8143	20.0000
213.1500	63.8491	20.0000
213.1513	63.8500	20.0000
213.2000	63.8829	20.0000
213.2261	63.9000	20.0000
213.2500	63.9165	20.0000
213.2990	63.9500	20.0000
213.3000	63.9507	20.0000
213.3500	63.9865	20.0000
213.3686	64.0000	20.0000
213.4000	64.0245	20.0000
213.4318	64.0500	20.0000
213.4500	64.0657	20.0000
213.4887	64.1000	20.0000
213.5000	64.1108	20.0000
213.5396	64.1500	20.0000
> 20 contour -Z20
217.5615	62.3000	20.0000
217.5594	62.2500	20.0000
217.5518	62.2000	20.0000
217.5500	62.1930	20.0000
217.5384	62.1500	20.0000
217.5194	62.1000	20.0000
217.5000	62.0603	20.0000
217.4947	62.0500	20.0000
217.4626	62.0000	20.0000
217.4500	61.9835	20.0000
217.4224	61.9500	20.0000
217.4000	61.9267	20.0000
217.3721	61.9000	20.0000
217.3500	61.8816	20.0000
217.3087	61.8500	20.0000
217.3000	61.8441	20.0000
217.2500	61.8130	20.0000
217.2275	61.8000	20.0000
217.2000	61.7857	20.0000
217.1500	61.7613	20.0000
217.1255	61.7500	20.0000
217.1000	61.7392	20.0000
217.0500	61.7190	20.0000
217.0012	61.7000	20.0000
217.0000	61.6996	20.0000
216.9500	61.6827	20.0000
216.9000	61.6668	20.0000
216.8500	61.6523	20.0000
216.8406	61.6500	20.0000
216.8000	61.6408	20.0000
216.7500	61.6321	20.0000
216.7000	61.6266	20.0000
216.6500	61.6251	20.0000
216.6000	61.6284	20.0000
216.5500	61.6373	20.0000
216.5074	61.6500	20.0000
216.5000	61.6529	20.0000
216.4500	61.6793	20.0000
216.4190	61.7000	20.0000
216.4000	61.7186	20.0000
216.3713	61.7500	20.0000
216.3500	61.7951	20.0000
216.3477	61.8000	20.0000
216.3478	61.8500	20.0000
216.3500	61.8541	20.0000
216.3723	61.9000	20.0000
216.4000	61.9293	20.0000
216.4163	61.9500	20.0000
216.4500	61.9814	20.0000
216.4662	62.0000	20.0000
216.5000	62.0337	20.0000
216.5136	62.0500	20.0000
216.5500	62.0917	20.0000
216.5563	62.1000	20.0000
216.5949	62.1500	20.0000
216.6000	62.1567	20.0000
216.6313	62.2000	20.0000
> 40 contour -Z40
211.8472	64.7000	40.0000
211.8500	64.6971	40.0000
211.9000	64.6517	40.0000
211.9021	64.6500	40.0000
211.9421	64.6000	40.0000
211.9500	64.5835	40.0000
211.9666	64.5500	40.0000
211.9780	64.5000	40.0000
211.9793	64.4500	40.0000
211.9724	64.4000	40.0000
211.9582	64.3500	40.0000
211.9500	64.3300	40.0000
211.9374	64.3000	40.0000
211.9099	64.2500	40.0000
211.9000	64.2351	40.0000
211.8755	64.2000	40.0000
211.8500	64.1688	40.0000
211.8337	64.1500	40.0000
211.8000	64.1155	40.0000
211.7839	64.1000	40.0000
211.7500	64.0703	40.0000
211.7253	64.0500	40.0000
211.7000	64.0305	40.0000
211.6577	64.0000	40.0000
211.6500	63.9947	40.0000
211.6000	63.9621	40.0000
211.5802	63.9500	40.0000
211.5500	63.9319	40.0000
211.5000	63.9036	40.0000
211.4933	63.9000	40.0000
211.4500	63.8769	40.0000
211.4000	63.8516	40.0000
211.3966	63.8500	40.0000
211.3500	63.8275	40.0000
211.3000	63.8046	40.0000
211.2895	63.8000	40.0000
211.2500	63.7824	40.0000
211.2000	63.7613	40.0000
211.1723	63.7500	40.0000
211.1500	63.7407	40.0000
211.1000	63.7208	40.0000
211.0500	63.7014	40.0000
211.0462	63.7000	40.0000
211.0000	63.6823	40.0000
210.9500	63.6635	40.0000
210.9136	63.6500	40.0000
210.9000	63.6448	40.0000
210.8500	63.6263	40.0000
210.8000	63.6080	40.0000
210.7780	63.6000	40.0000
210.7500	63.5898	40.0000
210.7000	63.5718	40.0000
210.6500	63.5541	40.0000
210.6382	63.5500	40.0000
210.6000	63.5369	40.0000
210.5500	63.5203	40.0000
210.5000	63.5041	40.0000
210.4868	63.5000	40.0000
210.4500	63.4888	40.0000
210.4000	63.4742	40.0000
210.3500	63.4601	40.0000
210.3136	63.4500	40.0000
210.3000	63.4464	40.0000
210.2500	63.4335	40.0000
210.2000	63.4206	40.0000
210.1500	63.4076	40.0000
210.1210	63.4000	40.0000
210.1000	63.3948	40.0000
210.0500	63.3820	40.0000
210.0000	63.3688	40.0000
209.9500	63.3550	40.0000
209.9328	63.3500	40.0000
209.9000	63.3411	40.0000
209.8500	63.3267	40.0000
209.8000	63.3114	40.0000
209.7651	63.3000	40.0000
209.7500	63.2954	40.0000
209.7000	63.2789	40.0000
209.6500	63.2612	40.0000
209.6211	63.2500	40.0000
209.6000	63.2423	40.0000
209.5500	63.2223	40.0000
209.5000	63.2002	40.0000
209.4997	63.2000	40.0000
209.4500	63.1769	40.0000
209.4000	63.1508	40.0000
209.3986	63.1500	40.0000
209.3500	63.1229	40.0000
209.3133	63.1000	40.0000
209.3000	63.0919	40.0000
209.2500	63.0581	40.0000
209.2391	63.0500	40.0000
209.2000	63.0213	40.0000
209.1733	63.0000	40.0000
209.1500	62.9815	40.0000
209.1130	62.9500	40.0000
209.1000	62.9389	40.0000
209.0569	62.9000	40.0000
209.0500	62.8937	40.0000
209.0037	62.8500	40.0000
209.0000	62.8465	40.0000
208.9526	62.8000	40.0000
208.9500	62.7975	40.0000
208.9028	62.7500	40.0000
208.9000	62.7471	40.0000
208.8543	62.7000	40.0000
208.8500	62.6955	40.0000
208.8068	62.6500	40.0000
208.8000	62.6426	40.0000
208.7604	62.6000	40.0000
208.7500	62.5883	40.0000
208.7156	62.5500	40.0000
208.7000	62.5317	40.0000
208.6726	62.5000	40.0000
208.6500	62.4721	40.0000
208.6319	62.4500	40.0000
208.6000	62.4081	40.0000
208.5937	62.4000	40.0000
208.5582	62.3500	40.0000
208.5500	62.3373	40.0000
208.5253	62.3000	40.0000
208.5000	62.2580	40.0000
208.4951	62.2500	40.0000
208.4668	62.2000	40.0000
208.4500	62.1677	40.0000
208.4406	62.1500	40.0000
208.4158	62.1000	40.0000
208.4000	62.0661	40.0000
208.3924	62.0500	40.0000
208.3698	62.0000	40.0000
208.3500	61.9544	40.0000
208.3481	61.9500	40.0000
208.3267	61.9000	40.0000
208.3058	61.8500	40.0000
208.3000	61.8359	40.0000
208.2851	61.8000	40.0000
208.2646	61.7500	40.0000
208.2500	61.7142	40.0000
208.2442	61.7000	40.0000
208.2237	61.6500	40.0000
208.2032	61.6000	40.0000
208.2000	61.5922	40.0000
208.1825	61.5500	40.0000
208.1616	61.5000	40.0000
208.1500	61.4725	40.0000
208.1405	61.4500	40.0000
208.1192	61.4000	40.0000
208.1000	61.3556	40.0000
208.0976	61.3500	40.0000
208.0757	61.3000	40.0000
208.0536	61.2500	40.0000
208.0500	61.2420	40.0000
208.0313	61.2000	40.0000
208.0088	61.1500	40.0000
208.0000	61.1305	40.0000
207.9862	61.1000	40.0000
207.9636	61.0500	40.0000
207.9500	61.0200	40.0000
207.9410	61.0000	40.0000
207.9185	60.9500	40.0000
207.9000	60.9088	40.0000
207.8961	60.9000	40.0000
207.8739	60.8500	40.0000
207.8517	60.8000	40.0000
207.8500	60.7961	40.0000
207.8298	60.7500	40.0000
207.8078	60.7000	40.0000
207.8000	60.6823	40.0000
207.7858	60.6500	40.0000
207.7637	60.6000	40.0000
207.7500	60.5697	40.0000
207.7411	60.5500	40.0000
207.7181	60.5000	40.0000
207.7000	60.4621	40.0000
207.6942	60.4500	40.0000
207.6692	60.4000	40.0000
207.6500	60.3634	40.0000
207.6429	60.3500	40.0000
207.6147	60.3000	40.0000
207.6000	60.2756	40.0000
207.5842	60.2500	40.0000
207.5510	60.2000	40.0000
207.5500	60.1985	40.0000
207.5142	60.1500	40.0000
207.5000	60.1322	40.0000
207.4732	60.1000	40.0000
207.4500	60.0742	40.0000
207.4271	60.0500	40.0000
207.4000	60.0232	40.0000
207.3753	60.0000	40.0000
207.3500	59.9777	40.0000
207.3171	59.9500	40.0000
207.3000	59.9363	40.0000
207.2525	59.9000	40.0000
207.2500	59.8981	40.0000
207.2000	59.8624	40.0000
207.1820	59.8500	40.0000
207.1500	59.8283	40.0000
207.1074	59.8000	40.0000
207.1000	59.7951	40.0000
207.0500	59.7628	40.0000
207.0301	59.7500	40.0000
207.0000	59.7308	40.0000
206.9517	59.7000	40.0000
206.9500	59.6989	40.0000
206.9000	59.6674	40.0000
206.8723	59.6500	40.0000
206.8500	59.6359	40.0000
206.8000	59.6045	40.0000
206.7927	59.6000	40.0000
206.7500	59.5735	40.0000
206.7120	59.5500	40.0000
206.7000	59.5426	40.0000
206.6500	59.5120	40.0000
206.6302	59.5000	40.0000
206.6000	59.4816	40.0000
206.5500	59.4514	40.0000
206.5476	59.4500	40.0000
206.5000	59.4215	40.0000
206.4638	59.4000	40.0000
206.4500	59.3916	40.0000
206.4000	59.3619	40.0000
206.3796	59.3500	40.0000
206.3500	59.3323	40.0000
206.3000	59.3027	40.0000
206.2952	59.3000	40.0000
206.2500	59.2731	40.0000
206.2105	59.2500	40.0000
206.2000	59.2437	40.0000
206.1500	59.2139	40.0000
206.1264	59.2000	40.0000
206.1000	59.1840	40.0000
206.0500	59.1536	40.0000
206.0441	59.1500	40.0000
206.0000	59.1223	40.0000
205.9653	59.1000	40.0000
205.9500	59.0900	40.0000
205.9000	59.0564	40.0000
205.8909	59.0500	40.0000
205.8500	59.0212	40.0000
205.8212	59.0000	40.0000
205.8000	58.9845	40.0000
205.7550	58.9500	40.0000
205.7500	58.9462	40.0000
205.7000	58.9066	40.0000
205.6919	58.9000	40.0000
205.6500	58.8662	40.0000
205.6305	58.8500	40.0000
205.6000	58.8252	40.0000
205.5695	58.8000	40.0000
205.5500	58.7841	40.0000
205.5083	58.7500	40.0000
205.5000	58.7433	40.0000
205.4500	58.7032	40.0000
205.4459	58.7000	40.0000
205.4000	58.6642	40.0000
205.3811	58.6500	40.0000
205.3500	58.6265	40.0000
205.3129	58.6000	40.0000
205.3000	58.5907	40.0000
205.2500	58.5570	40.0000
205.2386	58.5500	40.0000
205.2000	58.5258	40.0000
205.1547	58.5000	40.0000
205.1500	58.4973	40.0000
205.1000	58.4716	40.0000
205.0528	58.4500	40.0000
205.0500	58.4487	40.0000
205.0000	58.4286	40.0000
204.9500	58.4108	40.0000
204.9155	58.4000	40.0000
204.9000	58.3951	40.0000
204.8500	58.3809	40.0000
204.8000	58.3674	40.0000
204.7500	58.3538	40.0000
204.7364	58.3500	40.0000
204.7000	58.3396	40.0000
204.6500	58.3238	40.0000
204.6000	58.3053	40.0000
204.5876	58.3000	40.0000
204.5500	58.2839	40.0000
204.5000	58.2587	40.0000
204.4851	58.2500	40.0000
204.4500	58.2297	40.0000
204.4048	58.2000	40.0000
204.4000	58.1969	40.0000
204.3500	58.1609	40.0000
204.3360	58.1500	40.0000
204.3000	58.1225	40.0000
204.2723	58.1000	40.0000
204.2500	58.0824	40.0000
204.2104	58.0500	40.0000
204.2000	58.0418	40.0000
204.1500	58.0017	40.0000
204.1479	58.0000	40.0000
204.1000	57.9633	40.0000
204.0820	57.9500	40.0000
204.0500	57.9272	40.0000
204.0095	57.9000	40.0000
204.0000	57.8938	40.0000
203.9500	57.8637	40.0000
203.9249	57.8500	40.0000
203.9000	57.8368	40.0000
203.8500	57.8129	40.0000
203.8199	57.8000	40.0000
203.8000	57.7917	40.0000
203.7500	57.7730	40.0000
203.7000	57.7562	40.0000
203.6798	57.7500	40.0000
203.6500	57.7409	40.0000
203.6000	57.7268	40.0000
203.5500	57.7131	40.0000
203.5018	57.7000	40.0000
203.5000	57.6995	40.0000
203.4500	57.6860	40.0000
203.4000	57.6718	40.0000
203.3500	57.6568	40.0000
203.3286	57.6500	40.0000
203.3000	57.6411	40.0000
203.2500	57.6247	40.0000
203.2000	57.6075	40.0000
203.1788	57.6000	40.0000
203.1500	57.5901	40.0000
203.1000	57.5727	40.0000
203.0500	57.5553	40.0000
203.0347	57.5500	40.0000
203.0000	57.5386	40.0000
202.9500	57.5225	40.0000
202.9000	57.5071	40.0000
202.8758	57.5000	40.0000
202.8500	57.4927	40.0000
202.8000	57.4792	40.0000
202.7500	57.4664	40.0000
202.7000	57.4539	40.0000
202.6838	57.4500	40.0000
202.6500	57.4420	40.0000
202.6000	57.4301	40.0000
202.5500	57.4178	40.0000
202.5000	57.4047	40.0000
202.4832	57.4000	40.0000
202.4500	57.3907	40.0000
202.4000	57.3753	40.0000
202.3500	57.3581	40.0000
202.3289	57.3500	40.0000
202.3000	57.3389	40.0000
202.2500	57.3175	40.0000
202.2131	57.3000	40.0000
202.2000	57.2937	40.0000
202.1500	57.2675	40.0000
202.1197	57.2500	40.0000
202.1000	57.2386	40.0000
202.0500	57.2070	40.0000
202.0398	57.2000	40.0000
202.0000	57.1726	40.0000
201.9698	57.1500	40.0000
201.9500	57.1352	40.0000
201.9064	57.1000	40.0000
201.9000	57.0948	40.0000
201.8500	57.0513	40.0000
201.8486	57.0500	40.0000
201.8000	57.0048	40.0000
201.7952	57.0000	40.0000
201.7500	56.9553	40.0000
201.7449	56.9500	40.0000
201.7000	56.9029	40.0000
201.6974	56.9000	40.0000
201.6522	56.8500	40.0000
201.6500	56.8475	40.0000
201.6095	56.8000	40.0000
201.6000	56.7889	40.0000
201.5687	56.7500	40.0000
201.5500	56.7267	40.0000
201.5297	56.7000	40.0000
201.5000	56.6607	40.0000
201.4922	56.6500	40.0000
201.4562	56.6000	40.0000
201.4500	56.5914	40.0000
201.4212	56.5500	40.0000
201.4000	56.5200	40.0000
201.3862	56.5000	40.0000
201.3509	56.4500	40.0000
201.3500	56.4488	40.0000
201.3142	56.4000	40.0000
201.3000	56.3817	40.0000
201.2752	56.3500	40.0000
201.2500	56.3200	40.0000
201.2328	56.3000	40.0000
201.2000	56.2649	40.0000
201.1855	56.2500	40.0000
201.1500	56.2165	40.0000
201.1315	56.2000	40.0000
201.1000	56.1742	40.0000
201.0685	56.1500	40.0000
201.0500	56.1369	40.0000
201.0000	56.1039	40.0000
200.9936	56.1000	40.0000
200.9500	56.0752	40.0000
200.9023	56.0500	40.0000
200.9000	56.0489	40.0000
200.8500	56.0258	40.0000
200.8000	56.0040	40.0000
200.7902	56.0000	40.0000
200.7500	55.9843	40.0000
200.7000	55.9654	40.0000
200.6586	55.9500	40.0000
200.6500	55.9469	40.0000
200.6000	55.9296	40.0000
200.5500	55.9121	40.0000
200.5160	55.9000	40.0000
200.5000	55.8946	40.0000
200.4500	55.8775	40.0000
200.4000	55.8599	40.0000
200.3725	55.8500	40.0000
200.3500	55.8423	40.0000
200.3000	55.8249	40.0000
200.2500	55.8071	40.0000
200.2303	55.8000	40.0000
200.2000	55.7897	40.0000
200.1500	55.7726	40.0000
200.1000	55.7555	40.0000
200.0834	55.7500	40.0000
200.0500	55.7394	40.0000
200.0000	55.7241	40.0000
199.9500	55.7094	40.0000
199.9163	55.7000	40.0000
199.9000	55.6957	40.0000
199.8500	55.6834	40.0000
199.8000	55.6720	40.0000
199.7500	55.6616	40.0000
199.7000	55.6521	40.0000
199.6879	55.6500	40.0000
199.6500	55.6437	40.0000
199.6000	55.6362	40.0000
199.5500	55.6291	40.0000
199.5000	55.6224	40.0000
199.4500	55.6158	40.0000
199.4000	55.6092	40.0000
199.3500	55.6023	40.0000
199.3341	55.6000	40.0000
199.3000	55.5953	40.0000
199.2500	55.5879	40.0000
199.2000	55.5798	40.0000
199.1500	55.5710	40.0000
199.1000	55.5613	40.0000
199.0500	55.5507	40.0000
199.0467	55.5500	40.0000
199.0000	55.5400	40.0000
198.9500	55.5285	40.0000
198.9000	55.5164	40.0000
198.8500	55.5037	40.0000
198.8360	55.5000	40.0000
198.8000	55.4910	40.0000
198.7500	55.4782	40.0000
198.7000	55.4650	40.0000
198.6500	55.4516	40.0000
198.6441	55.4500	40.0000
198.6000	55.4386	40.0000
198.5500	55.4254	40.0000
198.5000	55.4120	40.0000
198.4566	55.4000	40.0000
198.4500	55.3983	40.0000
198.4000	55.3847	40.0000
198.3500	55.3707	40.0000
198.3000	55.3559	40.0000
198.2807	55.3500	40.0000
198.2500	55.3408	40.0000
198.2000	55.3250	40.0000
198.1500	55.3082	40.0000
198.1272	55.3000	40.0000
198.1000	55.2905	40.0000
198.0500	55.2718	40.0000
198.0000	55.2518	40.0000
197.9957	55.2500	40.0000
197.9500	55.2312	40.0000
197.9000	55.2092	40.0000
197.8801	55.2000	40.0000
197.8500	55.1864	40.0000
197.8000	55.1627	40.0000
197.7741	55.1500	40.0000
197.7500	55.1384	40.0000
197.7000	55.1136	40.0000
197.6733	55.1000	40.0000
197.6500	55.0884	40.0000
197.6000	55.0630	40.0000
197.5747	55.0500	40.0000
197.5500	55.0376	40.0000
197.5000	55.0122	40.0000
197.4761	55.0000	40.0000
197.4500	54.9871	40.0000
197.4000	54.9623	40.0000
197.3751	54.9500	40.0000
197.3500	54.9380	40.0000
197.3000	54.9142	40.0000
197.2701	54.9000	40.0000
197.2500	54.8909	40.0000
197.2000	54.8683	40.0000
197.1593	54.8500	40.0000
197.1500	54.8460	40.0000
197.1000	54.8247	40.0000
197.0500	54.8035	40.0000
197.0418	54.8000	40.0000
197.0000	54.7832	40.0000
196.9500	54.7631	40.0000
196.9174	54.7500	40.0000
196.9000	54.7433	40.0000
196.8500	54.7243	40.0000
196.8000	54.7053	40.0000
196.7859	54.7000	40.0000
196.7500	54.6872	40.0000
196.7000	54.6695	40.0000
196.6500	54.6519	40.0000
196.6445	54.6500	40.0000
196.6000	54.6356	40.0000
196.5500	54.6198	40.0000
196.5000	54.6043	40.0000
196.4857	54.6000	40.0000
196.4500	54.5899	40.0000
196.4000	54.5763	40.0000
196.3500	54.5629	40.0000
196.3010	54.5500	40.0000
196.3000	54.5498	40.0000
196.2500	54.5378	40.0000
196.2000	54.5259	40.0000
196.1500	54.5139	40.0000
196.1000	54.5017	40.0000
196.0929	54.5000	40.0000
196.0500	54.4903	40.0000
196.0000	54.4787	40.0000
195.9500	54.4669	40.0000
195.9000	54.4549	40.0000
195.8792	54.4500	40.0000
195.8500	54.4435	40.0000
195.8000	54.4325	40.0000
195.7500	54.4216	40.0000
195.7000	54.4109	40.0000
195.6500	54.4004	40.0000
195.6480	54.4000	40.0000
195.6000	54.3911	40.0000
195.5500	54.3821	40.0000
195.5000	54.3735	40.0000
195.4500	54.3651	40.0000
195.4000	54.3570	40.0000
195.3560	54.3500	40.0000
195.3500	54.3491	40.0000
195.3000	54.3418	40.0000
195.2500	54.3344	40.0000
195.2000	54.3268	40.0000
195.1500	54.3188	40.0000
195.1000	54.3103	40.0000
195.0500	54.3011	40.0000
195.0442	54.3000	40.0000
195.0000	54.2919	40.0000
194.9500	54.2819	40.0000
194.9000	54.2710	40.0000
194.8500	54.2594	40.0000
194.8125	54.2500	40.0000
194.8000	54.2470	40.0000
194.7500	54.2345	40.0000
194.7000	54.2213	40.0000
194.6500	54.2074	40.0000
194.6242	54.2000	40.0000
194.6000	54.1934	40.0000
194.5500	54.1793	40.0000
194.5000	54.1647	40.0000
194.4513	54.1500	40.0000
194.4500	54.1496	40.0000
194.4000	54.1349	40.0000
194.3500	54.1196	40.0000
194.3000	54.1037	40.0000
194.2887	54.1000	40.0000
194.2500	54.0878	40.0000
194.2000	54.0712	40.0000
194.1500	54.0540	40.0000
194.1389	54.0500	40.0000
194.1000	54.0365	40.0000
194.0500	54.0184	40.0000
194.0010	54.0000	40.0000
194.0000	53.9996	40.0000
193.9500	53.9809	40.0000
193.9000	53.9615	40.0000
193.8708	53.9500	40.0000
193.8500	53.9420	40.0000
193.8000	53.9226	40.0000
193.7500	53.9028	40.0000
193.7430	53.9000	40.0000
193.7000	53.8833	40.0000
193.6500	53.8638	40.0000
193.6152	53.8500	40.0000
193.6000	53.8441	40.0000
193.5500	53.8246	40.0000
193.5000	53.8046	40.0000
193.4889	53.8000	40.0000
193.4500	53.7844	40.0000
193.4000	53.7636	40.0000
193.3688	53.7500	40.0000
193.3500	53.7420	40.0000
193.3000	53.7196	40.0000
193.2591	53.7000	40.0000
193.2500	53.6957	40.0000
193.2000	53.6710	40.0000
193.1608	53.6500	40.0000
193.1500	53.6444	40.0000
193.1000	53.6168	40.0000
193.0717	53.6000	40.0000
193.0500	53.5877	40.0000
193.0000	53.5575	40.0000
192.9882	53.5500	40.0000
192.9500	53.5269	40.0000
192.9075	53.5000	40.0000
192.9000	53.4955	40.0000
192.8500	53.4649	40.0000
192.8261	53.4500	40.0000
192.8000	53.4347	40.0000
192.7500	53.4053	40.0000
192.7408	53.4000	40.0000
192.7000	53.3778	40.0000
192.6500	53.3512	40.0000
192.6476	53.3500	40.0000
192.6000	53.3271	40.0000
192.5500	53.3040	40.0000
192.5409	53.3000	40.0000
192.5000	53.2832	40.0000
192.4500	53.2637	40.0000
192.4129	53.2500	40.0000
192.4000	53.2455	40.0000
192.3500	53.2294	40.0000
192.3000	53.2142	40.0000
192.2510	53.2000	40.0000
192.2500	53.1997	40.0000
192.2000	53.1870	40.0000
192.1500	53.1749	40.0000
192.1000	53.1631	40.0000
192.0500	53.1516	40.0000
192.0432	53.1500	40.0000
192.0000	53.1408	40.0000
191.9500	53.1302	40.0000
191.9000	53.1193	40.0000
191.8500	53.1081	40.0000
191.8152	53.1000	40.0000
191.8000	53.0967	40.0000
191.7500	53.0853	40.0000
191.7000	53.0734	40.0000
191.6500	53.0608	40.0000
191.6095	53.0500	40.0000
191.6000	53.0476	40.0000
191.5500	53.0345	40.0000
191.5000	53.0206	40.0000
191.4500	53.0059	40.0000
191.4309	53.0000	40.0000
191.4000	52.9910	40.0000
191.3500	52.9756	40.0000
191.3000	52.9595	40.0000
191.2718	52.9500	40.0000
191.2500	52.9430	40.0000
191.2000	52.9263	40.0000
191.1500	52.9090	40.0000
191.1248	52.9000	40.0000
191.1000	52.8916	40.0000
191.0500	52.8743	40.0000
191.0000	52.8569	40.0000
190.9803	52.8500	40.0000
190.9500	52.8399	40.0000
190.9000	52.8234	40.0000
190.8500	52.8071	40.0000
190.8278	52.8000	40.0000
190.8000	52.7915	40.0000
190.7500	52.7765	40.0000
190.7000	52.7617	40.0000
190.6602	52.7500	40.0000
190.6500	52.7472	40.0000
190.6000	52.7333	40.0000
190.5500	52.7194	40.0000
190.5000	52.7054	40.0000
190.4811	52.7000	40.0000
190.4500	52.6916	40.0000
190.4000	52.6777	40.0000
190.3500	52.6635	40.0000
190.3037	52.6500	40.0000
190.3000	52.6490	40.0000
190.2500	52.6347	40.0000
190.2000	52.6201	40.0000
190.1500	52.6050	40.0000
190.1336	52.6000	40.0000
190.1000	52.5902	40.0000
190.0500	52.5753	40.0000
190.0000	52.5603	40.0000
189.9659	52.5500	40.0000
189.9500	52.5454	40.0000
189.9000	52.5309	40.0000
189.8500	52.5165	40.0000
189.8000	52.5022	40.0000
189.7923	52.5000	40.0000
189.7500	52.4885	40.0000
189.7000	52.4752	40.0000
189.6500	52.4621	40.0000
189.6022	52.4500	40.0000
189.6000	52.4494	40.0000
189.5500	52.4376	40.0000
189.5000	52.4262	40.0000
189.4500	52.4152	40.0000
189.4000	52.4048	40.0000
189.3757	52.4000	40.0000
189.3500	52.3951	40.0000
189.3000	52.3861	40.0000
189.2500	52.3777	40.0000
189.2000	52.3699	40.0000
189.1500	52.3627	40.0000
189.1000	52.3560	40.0000
189.0505	52.3500	40.0000
189.0500	52.3499	40.0000
189.0000	52.3445	40.0000
188.9500	52.3395	40.0000
188.9000	52.3347	40.0000
188.8500	52.3301	40.0000
188.8000	52.3255	40.0000
188.7500	52.3209	40.0000
188.7000	52.3159	40.0000
188.6500	52.3106	40.0000
188.6000	52.3047	40.0000
188.5640	52.3000	40.0000
188.5500	52.2982	40.0000
188.5000	52.2912	40.0000
188.4500	52.2834	40.0000
188.4000	52.2751	40.0000
188.3500	52.2661	40.0000
188.3000	52.2567	40.0000
188.2659	52.2500	40.0000
188.2500	52.2469	40.0000
188.2000	52.2371	40.0000
188.1500	52.2272	40.0000
188.1000	52.2173	40.0000
188.0500	52.2074	40.0000
188.0120	52.2000	40.0000
188.0000	52.1977	40.0000
187.9500	52.1884	40.0000
187.9000	52.1792	40.0000
187.8500	52.1703	40.0000
187.8000	52.1617	40.0000
187.7500	52.1533	40.0000
187.7300	52.1500	40.0000
187.7000	52.1452	40.0000
187.6500	52.1373	40.0000
187.6000	52.1296	40.0000
187.5500	52.1220	40.0000
187.5000	52.1146	40.0000
187.4500	52.1073	40.0000
187.4000	52.1001	40.0000
187.3996	52.1000	40.0000
187.3500	52.0931	40.0000
187.3000	52.0862	40.0000
187.2500	52.0795	40.0000
187.2000	52.0729	40.0000
187.1500	52.0665	40.0000
187.1000	52.0602	40.0000
187.0500	52.0541	40.0000
187.0155	52.0500	40.0000
187.0000	52.0482	40.0000
186.9500	52.0425	40.0000
186.9000	52.0370	40.0000
186.8500	52.0316	40.0000
186.8000	52.0262	40.0000
186.7500	52.0208	40.0000
186.7000	52.0153	40.0000
186.6500	52.0097	40.0000
186.6000	52.0038	40.0000
186.5687	52.0000	40.0000
186.5500	51.9978	40.0000
186.5000	51.9914	40.0000
186.4500	51.9847	40.0000
186.4000	51.9776	40.0000
186.3500	51.9700	40.0000
186.3000	51.9620	40.0000
186.2500	51.9536	40.0000
186.2295	51.9500	40.0000
186.2000	51.9449	40.0000
186.1500	51.9361	40.0000
186.1000	51.9272	40.0000
186.0500	51.9182	40.0000
186.0000	51.9094	40.0000
185.9500	51.9008	40.0000
185.9453	51.9000	40.0000
185.9000	51.8928	40.0000
185.8500	51.8854	40.0000
185.8000	51.8786	40.0000
185.7500	51.8725	40.0000
185.7000	51.8670	40.0000
185.6500	51.8623	40.0000
185.6000	51.8583	40.0000
185.5500	51.8549	40.0000
185.5000	51.8521	40.0000
185.4526	51.8500	40.0000
185.4500	51.8499	40.0000
185.4000	51.8482	40.0000
185.3500	51.8470	40.0000
185.3000	51.8461	40.0000
185.2500	51.8455	40.0000
185.2000	51.8452	40.0000
185.1500	51.8449	40.0000
185.1000	51.8447	40.0000
185.0500	51.8446	40.0000
185.0000	51.8443	40.0000
184.9500	51.8440	40.0000
184.9000	51.8434	40.0000
184.8500	51.8425	40.0000
184.8000	51.8414	40.0000
184.7500	51.8399	40.0000
184.7000	51.8381	40.0000
184.6500	51.8358	40.0000
184.6000	51.8331	40.0000
184.5500	51.8299	40.0000
184.5000	51.8262	40.0000
184.4500	51.8222	40.0000
184.4000	51.8176	40.0000
184.3500	51.8127	40.0000
184.3000	51.8073	40.0000
184.2500	51.8016	40.0000
184.2369	51.8000	40.0000
184.2000	51.7957	40.0000
184.1500	51.7895	40.0000
184.1000	51.7832	40.0000
184.0500	51.7767	40.0000
184.0000	51.7702	40.0000
183.9500	51.7635	40.0000
183.9000	51.7569	40.0000
183.8500	51.7504	40.0000
183.8469	51.7500	40.0000
183.8000	51.7442	40.0000
183.7500	51.7381	40.0000
183.7000	51.7323	40.0000
183.6500	51.7269	40.0000
183.6000	51.7217	40.0000
183.5500	51.7169	40.0000
183.5000	51.7125	40.0000
183.4500	51.7086	40.0000
183.4000	51.7050	40.0000
183.3500	51.7018	40.0000
183.3164	51.7000	40.0000
183.3000	51.6991	40.0000
183.2500	51.6968	40.0000
183.2000	51.6948	40.0000
183.1500	51.6930	40.0000
183.1000	51.6915	40.0000
183.0500	51.6902	40.0000
183.0000	51.6889	40.0000
182.9500	51.6877	40.0000
182.9000	51.6865	40.0000
182.8500	51.6851	40.0000
182.8000	51.6836	40.0000
182.7500	51.6819	40.0000
182.7000	51.6800	40.0000
182.6500	51.6778	40.0000
182.6000	51.6754	40.0000
182.5500	51.6727	40.0000
182.5000	51.6697	40.0000
182.4500	51.6664	40.0000
182.4000	51.6630	40.0000
182.3500	51.6593	40.0000
182.3000	51.6555	40.0000
182.2500	51.6515	40.0000
182.2322	51.6500	40.0000
182.2000	51.6474	40.0000
182.1500	51.6432	40.0000
182.1000	51.6390	40.0000
182.0500	51.6348	40.0000
182.0000	51.6306	40.0000
181.9500	51.6266	40.0000
181.9000	51.6226	40.0000
181.8500	51.6188	40.0000
181.8000	51.6151	40.0000
181.7500	51.6116	40.0000
181.7000	51.6084	40.0000
181.6500	51.6053	40.0000
181.6000	51.6023	40.0000
181.5572	51.6000	40.0000
181.5500	51.5996	40.0000
181.5000	51.5970	40.0000
181.4500	51.5946	40.0000
181.4000	51.5923	40.0000
181.3500	51.5900	40.0000
181.3000	51.5877	40.0000
181.2500	51.5854	40.0000
181.2000	51.5831	40.0000
181.1500	51.5808	40.0000
181.1000	51.5784	40.0000
181.0500	51.5759	40.0000
181.0000	51.5733	40.0000
180.9500	51.5708	40.0000
180.9000	51.5682	40.0000
180.8500	51.5656	40.0000
180.8000	51.5630	40.0000
180.7500	51.5605	40.0000
180.7000	51.5581	40.0000
180.6500	51.5558	40.0000
180.6000	51.5536	40.0000
180.5500	51.5516	40.0000
180.5069	51.5500	40.0000
180.5000	51.5497	40.0000
180.4500	51.5481	40.0000
180.4000	51.5466	40.0000
180.3500	51.5453	40.0000
180.3000	51.5443	40.0000
180.2500	51.5435	40.0000
180.2000	51.5429	40.0000
180.1500	51.5426	40.0000
180.1000	51.5426	40.0000
180.0500	51.5429	40.0000
180.0000	51.5434	40.0000
179.9500	51.5441	40.0000
179.9000	51.5452	40.0000
179.8500	51.5464	40.0000
179.8000	51.5478	40.0000
179.7500	51.5493	40.0000
179.7261	51.5500	40.0000
179.7000	51.5508	40.0000
179.6500	51.5525	40.0000
179.6000	51.5541	40.0000
179.5500	51.5557	40.0000
179.5000	51.5571	40.0000
179.4500	51.5584	40.0000
179.4000	51.5596	40.0000
179.3500	51.5607	40.0000
179.3000	51.5616	40.0000
179.2500	51.5624	40.0000
179.2000	51.5632	40.0000
179.1500	51.5640	40.0000
179.1000	51.5648	40.0000
179.0500	51.5656	40.0000
179.0000	51.5665	40.0000
178.9500	51.5675	40.0000
178.9000	51.5687	40.0000
178.8500	51.5701	40.0000
178.8000	51.5716	40.0000
178.7500	51.5734	40.0000
178.7000	51.5754	40.0000
178.6500	51.5776	40.0000
178.6000	51.5801	40.0000
178.5500	51.5828	40.0000
178.5000	51.5858	40.0000
178.4500	51.5891	40.0000
178.4000	51.5926	40.0000
178.3500	51.5965	40.0000
178.3071	51.6000	40.0000
178.3000	51.6006	40.0000
178.2500	51.6053	40.0000
178.2000	51.6103	40.0000
178.1500	51.6157	40.0000
178.1000	51.6215	40.0000
178.0500	51.6277	40.0000
178.0000	51.6343	40.0000
177.9500	51.6414	40.0000
177.9000	51.6489	40.0000
177.8928	51.6500	40.0000
177.8500	51.6571	40.0000
177.8000	51.6657	40.0000
177.7500	51.6746	40.0000
177.7000	51.6839	40.0000
177.6500	51.6933	40.0000
177.6152	51.7000	40.0000
177.6000	51.7031	40.0000
177.5500	51.7134	40.0000
177.5000	51.7237	40.0000
177.4500	51.7341	40.0000
177.4000	51.7445	40.0000
177.3732	51.7500	40.0000
177.3500	51.7551	40.0000
177.3000	51.7661	40.0000
177.2500	51.7770	40.0000
177.2000	51.7878	40.0000
177.1500	51.7984	40.0000
177.1426	51.8000	40.0000
177.1000	51.8097	40.0000
177.0500	51.8209	40.0000
177.0000	51.8319	40.0000
176.9500	51.8427	40.0000
176.9156	51.8500	40.0000
176.9000	51.8535	40.0000
176.8500	51.8645	40.0000
176.8000	51.8750	40.0000
176.7500	51.8848	40.0000
176.7000	51.8939	40.0000
176.6631	51.9000	40.0000
176.6500	51.9023	40.0000
176.6000	51.9103	40.0000
176.5500	51.9175	40.0000
176.5000	51.9237	40.0000
176.4500	51.9292	40.0000
176.4000	51.9342	40.0000
176.3500	51.9386	40.0000
176.3000	51.9428	40.0000
176.2500	51.9469	40.0000
176.2118	51.9500	40.0000
176.2000	51.9510	40.0000
176.1500	51.9555	40.0000
176.1000	51.9601	40.0000
176.0500	51.9650	40.0000
176.0000	51.9703	40.0000
175.9500	51.9760	40.0000
175.9000	51.9821	40.0000
175.8500	51.9887	40.0000
175.8000	51.9958	40.0000
175.7730	52.0000	40.0000
175.7500	52.0038	40.0000
175.7000	52.0126	40.0000
175.6500	52.0221	40.0000
175.6000	52.0322	40.0000
175.5500	52.0429	40.0000
175.5190	52.0500	40.0000
175.5000	52.0546	40.0000
175.4500	52.0674	40.0000
175.4000	52.0808	40.0000
175.3500	52.0949	40.0000
175.3325	52.1000	40.0000
175.3000	52.1101	40.0000
175.2500	52.1263	40.0000
175.2000	52.1428	40.0000
175.1789	52.1500	40.0000
175.1500	52.1605	40.0000
175.1000	52.1789	40.0000
175.0500	52.1976	40.0000
175.0437	52.2000	40.0000
175.0000	52.2176	40.0000
174.9500	52.2377	40.0000
174.9194	52.2500	40.0000
174.9000	52.2583	40.0000
174.8500	52.2797	40.0000
174.8015	52.3000	40.0000
174.8000	52.3007	40.0000
174.7500	52.3228	40.0000
174.7000	52.3444	40.0000
174.6865	52.3500	40.0000
174.6500	52.3665	40.0000
174.6000	52.3884	40.0000
174.5726	52.4000	40.0000
174.5500	52.4103	40.0000
174.5000	52.4323	40.0000
174.4584	52.4500	40.0000
174.4500	52.4538	40.0000
174.4000	52.4759	40.0000
174.3500	52.4974	40.0000
174.3438	52.5000	40.0000
174.3000	52.5196	40.0000
174.2500	52.5416	40.0000
174.2308	52.5500	40.0000
174.2000	52.5641	40.0000
174.1500	52.5871	40.0000
174.1223	52.6000	40.0000
174.1000	52.6107	40.0000
174.0500	52.6353	40.0000
174.0205	52.6500	40.0000
174.0000	52.6606	40.0000
173.9500	52.6870	40.0000
173.9260	52.7000	40.0000
173.9000	52.7145	40.0000
173.8500	52.7429	40.0000
173.8376	52.7500	40.0000
173.8000	52.7724	40.0000
173.7536	52.8000	40.0000
173.7500	52.8022	40.0000
173.7000	52.8329	40.0000
173.6716	52.8500	40.0000
173.6500	52.8635	40.0000
173.6000	52.8936	40.0000
173.5890	52.9000	40.0000
173.5500	52.9236	40.0000
173.5033	52.9500	40.0000
173.5000	52.9520	40.0000
173.4500	52.9800	40.0000
173.4113	53.0000	40.0000
173.4000	53.0062	40.0000
173.3500	53.0316	40.0000
173.3102	53.0500	40.0000
173.3000	53.0551	40.0000
173.2500	53.0782	40.0000
173.2000	53.0992	40.0000
173.1979	53.1000	40.0000
173.1500	53.1207	40.0000
173.1000	53.1406	40.0000
173.0751	53.1500	40.0000
173.0500	53.1605	40.0000
173.0000	53.1803	40.0000
172.9500	53.1991	40.0000
172.9477	53.2000	40.0000
172.9000	53.2198	40.0000
172.8500	53.2398	40.0000
172.8244	53.2500	40.0000
172.8000	53.2606	40.0000
172.7500	53.2824	40.0000
172.7096	53.3000	40.0000
172.7000	53.3045	40.0000
172.6500	53.3289	40.0000
172.6068	53.3500	40.0000
172.6000	53.3535	40.0000
172.5500	53.3812	40.0000
172.5168	53.4000	40.0000
172.5000	53.4101	40.0000
172.4500	53.4418	40.0000
172.4377	53.4500	40.0000
172.4000	53.4769	40.0000
172.3688	53.5000	40.0000
172.3500	53.5149	40.0000
172.3075	53.5500	40.0000
172.3000	53.5567	40.0000
172.2530	53.6000	40.0000
172.2500	53.6030	40.0000
172.2043	53.6500	40.0000
172.2000	53.6548	40.0000
172.1603	53.7000	40.0000
172.1500	53.7127	40.0000
172.1202	53.7500	40.0000
172.1000	53.7772	40.0000
172.0833	53.8000	40.0000
172.0500	53.8489	40.0000
172.0493	53.8500	40.0000
172.0187	53.9000	40.0000
172.0000	53.9328	40.0000
171.9903	53.9500	40.0000
171.9644	54.0000	40.0000
171.9500	54.0301	40.0000
171.9406	54.0500	40.0000
171.9190	54.1000	40.0000
171.9000	54.1466	40.0000
171.8986	54.1500	40.0000
171.8804	54.2000	40.0000
> 60 contour -Z60
203.5500	58.8959	60.0000
203.6000	58.8974	60.0000
203.6403	58.9000	60.0000
203.6500	58.9006	60.0000
203.7000	58.9064	60.0000
203.7500	58.9150	60.0000
203.8000	58.9268	60.0000
203.8500	58.9421	60.0000
203.8708	58.9500	60.0000
203.9000	58.9611	60.0000
203.9500	58.9836	60.0000
203.9822	59.0000	60.0000
204.0000	59.0092	60.0000
204.0500	59.0375	60.0000
204.0706	59.0500	60.0000
204.1000	59.0680	60.0000
204.1500	59.0995	60.0000
204.1508	59.1000	60.0000
204.2000	59.1317	60.0000
204.2294	59.1500	60.0000
204.2500	59.1630	60.0000
204.3000	59.1928	60.0000
204.3131	59.2000	60.0000
204.3500	59.2205	60.0000
204.4000	59.2451	60.0000
204.4114	59.2500	60.0000
204.4500	59.2667	60.0000
204.5000	59.2849	60.0000
204.5500	59.2997	60.0000
204.5513	59.3000	60.0000
204.6000	59.3118	60.0000
204.6500	59.3213	60.0000
204.7000	59.3290	60.0000
204.7500	59.3356	60.0000
204.8000	59.3419	60.0000
204.8500	59.3489	60.0000
204.8563	59.3500	60.0000
204.9000	59.3577	60.0000
204.9500	59.3689	60.0000
205.0000	59.3833	60.0000
205.0460	59.4000	60.0000
205.0500	59.4015	60.0000
205.1000	59.4245	60.0000
205.1468	59.4500	60.0000
205.1500	59.4518	60.0000
205.2000	59.4842	60.0000
205.2219	59.5000	60.0000
205.2500	59.5209	60.0000
205.2863	59.5500	60.0000
205.3000	59.5613	60.0000
205.3448	59.6000	60.0000
205.3500	59.6046	60.0000
205.4000	59.6499	60.0000
205.4001	59.6500	60.0000
205.4500	59.6965	60.0000
205.4538	59.7000	60.0000
205.5000	59.7433	60.0000
205.5072	59.7500	60.0000
205.5500	59.7899	60.0000
205.5611	59.8000	60.0000
205.6000	59.8358	60.0000
205.6160	59.8500	60.0000
205.6500	59.8807	60.0000
205.6722	59.9000	60.0000
205.7000	59.9245	60.0000
205.7304	59.9500	60.0000
205.7500	59.9668	60.0000
205.7910	60.0000	60.0000
205.8000	60.0075	60.0000
205.8500	60.0463	60.0000
205.8551	60.0500	60.0000
205.9000	60.0833	60.0000
205.9244	60.1000	60.0000
205.9500	60.1179	60.0000
206.0000	60.1499	60.0000
206.0001	60.1500	60.0000
206.0500	60.1802	60.0000
206.0856	60.2000	60.0000
206.1000	60.2081	60.0000
206.1500	60.2343	60.0000
206.1817	60.2500	60.0000
206.2000	60.2591	60.0000
206.2500	60.2831	60.0000
206.2861	60.3000	60.0000
206.3000	60.3066	60.0000
206.3500	60.3304	60.0000
206.3907	60.3500	60.0000
206.4000	60.3546	60.0000
206.4500	60.3804	60.0000
206.4863	60.4000	60.0000
206.5000	60.4076	60.0000
206.5500	60.4374	60.0000
206.5697	60.4500	60.0000
206.6000	60.4703	60.0000
206.6413	60.5000	60.0000
206.6500	60.5066	60.0000
206.7000	60.5477	60.0000
206.7026	60.5500	60.0000
206.7500	60.5946	60.0000
206.7553	60.6000	60.0000
206.8000	60.6485	60.0000
206.8013	60.6500	60.0000
206.8415	60.7000	60.0000
206.8500	60.7113	60.0000
206.8772	60.7500	60.0000
206.9000	60.7844	60.0000
206.9097	60.8000	60.0000
206.9393	60.8500	60.0000
206.9500	60.8691	60.0000
206.9666	60.9000	60.0000
206.9925	60.9500	60.0000
207.0000	60.9650	60.0000
207.0170	61.0000	60.0000
207.0407	61.0500	60.0000
207.0500	61.0699	60.0000
207.0637	61.1000	60.0000
207.0862	61.1500	60.0000
207.1000	61.1808	60.0000
207.1084	61.2000	60.0000
207.1302	61.2500	60.0000
207.1500	61.2962	60.0000
207.1516	61.3000	60.0000
207.1724	61.3500	60.0000
207.1927	61.4000	60.0000
207.2000	61.4185	60.0000
207.2122	61.4500	60.0000
207.2308	61.5000	60.0000
207.2485	61.5500	60.0000
207.2500	61.5545	60.0000
207.2649	61.6000	60.0000
207.2802	61.6500	60.0000
207.2943	61.7000	60.0000
207.3000	61.7223	60.0000
207.3070	61.7500	60.0000
207.3185	61.8000	60.0000
207.3287	61.8500	60.0000
207.3379	61.9000	60.0000
207.3459	61.9500	60.0000
207.3500	61.9792	60.0000
207.3529	62.0000	60.0000
207.3591	62.0500	60.0000
207.3644	62.1000	60.0000
207.3691	62.1500	60.0000
207.3733	62.2000	60.0000
207.3768	62.2500	60.0000
207.3800	62.3000	60.0000
207.3826	62.3500	60.0000
207.3848	62.4000	60.0000
207.3865	62.4500	60.0000
207.3874	62.5000	60.0000
207.3876	62.5500	60.0000
207.3866	62.6000	60.0000
207.3841	62.6500	60.0000
> 60 contour -Z60
200.2000	56.6844	60.0000
200.2500	56.6817	60.0000
200.3000	56.6832	60.0000
200.3500	56.6881	60.0000
200.4000	56.6960	60.0000
200.4190	56.7000	60.0000
200.4500	56.7068	60.0000
200.5000	56.7207	60.0000
200.5500	56.7374	60.0000
200.5817	56.7500	60.0000
200.6000	56.7577	60.0000
200.6500	56.7826	60.0000
200.6801	56.8000	60.0000
200.7000	56.8125	60.0000
200.7500	56.8486	60.0000
200.7517	56.8500	60.0000
200.8000	56.8932	60.0000
200.8068	56.9000	60.0000
200.8500	56.9475	60.0000
200.8521	56.9500	60.0000
200.8896	57.0000	60.0000
200.9000	57.0157	60.0000
200.9215	57.0500	60.0000
200.9491	57.1000	60.0000
200.9500	57.1019	60.0000
200.9721	57.1500	60.0000
200.9916	57.2000	60.0000
201.0000	57.2260	60.0000
201.0076	57.2500	60.0000
> 60 contour -Z60
193.1500	54.7199	60.0000
193.2000	54.7029	60.0000
193.2127	54.7000	60.0000
193.2500	54.6932	60.0000
193.3000	54.6885	60.0000
193.3500	54.6878	60.0000
193.4000	54.6904	60.0000
193.4500	54.6960	60.0000
193.4744	54.7000	60.0000
193.5000	54.7046	60.0000
193.5500	54.7162	60.0000
193.6000	54.7298	60.0000
193.6500	54.7451	60.0000
193.6643	54.7500	60.0000
193.7000	54.7633	60.0000
193.7500	54.7832	60.0000
193.7907	54.8000	60.0000
193.8000	54.8042	60.0000
193.8500	54.8278	60.0000
193.8973	54.8500	60.0000
193.9000	54.8514	60.0000
193.9500	54.8775	60.0000
193.9945	54.9000	60.0000
194.0000	54.9031	60.0000
194.0500	54.9305	60.0000
194.0871	54.9500	60.0000
194.1000	54.9575	60.0000
194.1500	54.9855	60.0000
194.1770	55.0000	60.0000
194.2000	55.0138	60.0000
194.2500	55.0423	60.0000
194.2640	55.0500	60.0000
194.3000	55.0726	60.0000
194.3461	55.1000	60.0000
194.3500	55.1027	60.0000
194.4000	55.1366	60.0000
194.4207	55.1500	60.0000
> 60 contour -Z60
178.3333	52.5000	60.0000
178.3500	52.4964	60.0000
178.4000	52.4860	60.0000
178.4500	52.4764	60.0000
178.5000	52.4673	60.0000
178.5500	52.4591	60.0000
178.6000	52.4515	60.0000
178.6115	52.4500	60.0000
178.6500	52.4456	60.0000
178.7000	52.4406	60.0000
178.7500	52.4363	60.0000
178.8000	52.4326	60.0000
178.8500	52.4295	60.0000
178.9000	52.4270	60.0000
178.9500	52.4248	60.0000
179.0000	52.4228	60.0000
179.0500	52.4210	60.0000
179.1000	52.4189	60.0000
179.1500	52.4164	60.0000
179.2000	52.4133	60.0000
179.2500	52.4092	60.0000
179.3000	52.4040	60.0000
179.3306	52.4000	60.0000
179.3500	52.3977	60.0000
179.4000	52.3903	60.0000
179.4500	52.3814	60.0000
179.5000	52.3710	60.0000
179.5500	52.3592	60.0000
179.5848	52.3500	60.0000
179.6000	52.3463	60.0000
179.6500	52.3330	60.0000
179.7000	52.3188	60.0000
179.7500	52.3038	60.0000
179.7621	52.3000	60.0000
179.8000	52.2890	60.0000
179.8500	52.2741	60.0000
179.9000	52.2589	60.0000
179.9289	52.2500	60.0000
179.9500	52.2440	60.0000
180.0000	52.2297	60.0000
180.0500	52.2154	60.0000
180.1000	52.2012	60.0000
180.1043	52.2000	60.0000
180.1500	52.1883	60.0000
180.2000	52.1757	60.0000
180.2500	52.1634	60.0000
180.3000	52.1515	60.0000
180.3064	52.1500	60.0000
180.3500	52.1410	60.0000
180.4000	52.1311	60.0000
180.4500	52.1219	60.0000
180.5000	52.1132	60.0000
180.5500	52.1051	60.0000
180.5844	52.1000	60.0000
180.6000	52.0979	60.0000
180.6500	52.0919	60.0000
180.7000	52.0865	60.0000
180.7500	52.0816	60.0000
180.8000	52.0773	60.0000
180.8500	52.0734	60.0000
180.9000	52.0700	60.0000
180.9500	52.0669	60.0000
181.0000	52.0639	60.0000
181.0500	52.0611	60.0000
181.1000	52.0584	60.0000
181.1500	52.0557	60.0000
181.2000	52.0529	60.0000
181.2496	52.0500	60.0000
181.2500	52.0500	60.0000
181.3000	52.0473	60.0000
181.3500	52.0446	60.0000
181.4000	52.0419	60.0000
181.4500	52.0393	60.0000
181.5000	52.0368	60.0000
181.5500	52.0344	60.0000
181.6000	52.0324	60.0000
181.6500	52.0306	60.0000
181.7000	52.0292	60.0000
181.7500	52.0282	60.0000
181.8000	52.0277	60.0000
181.8500	52.0276	60.0000
181.9000	52.0280	60.0000
181.9500	52.0290	60.0000
182.0000	52.0304	60.0000
182.0500	52.0322	60.0000
182.1000	52.0344	60.0000
182.1500	52.0370	60.0000
182.2000	52.0399	60.0000
182.2500	52.0430	60.0000
182.3000	52.0462	60.0000
182.3500	52.0496	60.0000
182.3557	52.0500	60.0000
182.4000	52.0533	60.0000
182.4500	52.0571	60.0000
182.5000	52.0608	60.0000
182.5500	52.0643	60.0000
182.6000	52.0676	60.0000
182.6500	52.0708	60.0000
182.7000	52.0737	60.0000
182.7500	52.0764	60.0000
182.8000	52.0788	60.0000
182.8500	52.0811	60.0000
182.9000	52.0832	60.0000
182.9500	52.0852	60.0000
183.0000	52.0871	60.0000
183.0500	52.0891	60.0000
183.1000	52.0911	60.0000
183.1500	52.0933	60.0000
183.2000	52.0957	60.0000
183.2500	52.0983	60.0000
183.2785	52.1000	60.0000
183.3000	52.1014	60.0000
183.3500	52.1051	60.0000
183.4000	52.1091	60.0000
183.4500	52.1136	60.0000
183.5000	52.1185	60.0000
183.5500	52.1239	60.0000
183.6000	52.1297	60.0000
183.6500	52.1359	60.0000
183.7000	52.1426	60.0000
183.7500	52.1495	60.0000
183.7531	52.1500	60.0000
183.8000	52.1578	60.0000
183.8500	52.1664	60.0000
183.9000	52.1753	60.0000
183.9500	52.1844	60.0000
184.0000	52.1937	60.0000
184.0336	52.2000	60.0000
184.0500	52.2035	60.0000
184.1000	52.2143	60.0000
184.1500	52.2252	60.0000
184.2000	52.2360	60.0000
184.2500	52.2468	60.0000
184.2649	52.2500	60.0000
184.3000	52.2586	60.0000
184.3500	52.2707	60.0000
184.4000	52.2827	60.0000
184.4500	52.2944	60.0000
184.4747	52.3000	60.0000
184.5000	52.3067	60.0000
184.5500	52.3196	60.0000
184.6000	52.3321	60.0000
184.6500	52.3441	60.0000
184.6754	52.3500	60.0000
184.7000	52.3567	60.0000
184.7500	52.3697	60.0000
184.8000	52.3823	60.0000
184.8500	52.3943	60.0000
184.8749	52.4000	60.0000
184.9000	52.4067	60.0000
184.9500	52.4195	60.0000
185.0000	52.4318	60.0000
185.0500	52.4436	60.0000
185.0787	52.4500	60.0000
185.1000	52.4554	60.0000
185.1500	52.4675	60.0000
185.2000	52.4789	60.0000
185.2500	52.4897	60.0000
185.3000	52.5000	60.0000
185.3002	52.5000	60.0000
185.3500	52.5103	60.0000
185.4000	52.5199	60.0000
185.4500	52.5290	60.0000
185.5000	52.5374	60.0000
185.5500	52.5454	60.0000
185.5808	52.5500	60.0000
185.6000	52.5529	60.0000
185.6500	52.5603	60.0000
185.7000	52.5674	60.0000
185.7500	52.5743	60.0000
185.8000	52.5811	60.0000
185.8500	52.5880	60.0000
185.9000	52.5949	60.0000
185.9352	52.6000	60.0000
185.9500	52.6021	60.0000
186.0000	52.6098	60.0000
186.0500	52.6178	60.0000
186.1000	52.6261	60.0000
186.1500	52.6346	60.0000
186.2000	52.6434	60.0000
186.2371	52.6500	60.0000
186.2500	52.6524	60.0000
186.3000	52.6616	60.0000
186.3500	52.6708	60.0000
186.4000	52.6798	60.0000
186.4500	52.6884	60.0000
186.5000	52.6965	60.0000
186.5229	52.7000	60.0000
186.5500	52.7043	60.0000
186.6000	52.7115	60.0000
186.6500	52.7180	60.0000
186.7000	52.7238	60.0000
186.7500	52.7288	60.0000
186.8000	52.7332	60.0000
186.8500	52.7370	60.0000
186.9000	52.7402	60.0000
186.9500	52.7429	60.0000
187.0000	52.7453	60.0000
187.0500	52.7475	60.0000
187.1000	52.7495	60.0000
187.1116	52.7500	60.0000
187.1500	52.7516	60.0000
187.2000	52.7539	60.0000
187.2500	52.7562	60.0000
187.3000	52.7589	60.0000
187.3500	52.7618	60.0000
187.4000	52.7650	60.0000
187.4500	52.7686	60.0000
187.5000	52.7726	60.0000
187.5500	52.7769	60.0000
187.6000	52.7816	60.0000
187.6500	52.7868	60.0000
187.7000	52.7924	60.0000
187.7500	52.7986	60.0000
187.7597	52.8000	60.0000
187.8000	52.8062	60.0000
187.8500	52.8149	60.0000
187.9000	52.8246	60.0000
187.9500	52.8355	60.0000
188.0000	52.8474	60.0000
188.0099	52.8500	60.0000
188.0500	52.8614	60.0000
188.1000	52.8763	60.0000
188.1500	52.8915	60.0000
188.1777	52.9000	60.0000
188.2000	52.9072	60.0000
188.2500	52.9230	60.0000
188.3000	52.9376	60.0000
188.3471	52.9500	60.0000
188.3500	52.9508	60.0000
188.4000	52.9634	60.0000
188.4500	52.9742	60.0000
188.5000	52.9834	60.0000
188.5500	52.9913	60.0000
188.6000	52.9979	60.0000
188.6183	53.0000	60.0000
188.6500	53.0039	60.0000
188.7000	53.0091	60.0000
188.7500	53.0137	60.0000
188.8000	53.0177	60.0000
188.8500	53.0213	60.0000
188.9000	53.0247	60.0000
188.9500	53.0278	60.0000
189.0000	53.0309	60.0000
189.0500	53.0341	60.0000
189.1000	53.0375	60.0000
189.1500	53.0412	60.0000
189.2000	53.0454	60.0000
189.2474	53.0500	60.0000
189.2500	53.0503	60.0000
189.3000	53.0563	60.0000
189.3500	53.0634	60.0000
189.4000	53.0715	60.0000
189.4500	53.0807	60.0000
189.5000	53.0913	60.0000
189.5361	53.1000	60.0000
189.5500	53.1036	60.0000
189.6000	53.1182	60.0000
189.6500	53.1345	60.0000
189.6931	53.1500	60.0000
189.7000	53.1527	60.0000
189.7500	53.1741	60.0000
189.8000	53.1976	60.0000
189.8047	53.2000	60.0000
189.8500	53.2249	60.0000
189.8922	53.2500	60.0000
189.9000	53.2550	60.0000
189.9500	53.2891	60.0000
189.9649	53.3000	60.0000
190.0000	53.3272	60.0000
190.0279	53.3500	60.0000
190.0500	53.3691	60.0000
190.0842	53.4000	60.0000
190.1000	53.4150	60.0000
190.1358	53.4500	60.0000
190.1500	53.4644	60.0000
190.1844	53.5000	60.0000
190.2000	53.5165	60.0000
190.2313	53.5500	60.0000
190.2500	53.5701	60.0000
190.2777	53.6000	60.0000
190.3000	53.6240	60.0000
190.3244	53.6500	60.0000
190.3500	53.6768	60.0000
190.3724	53.7000	60.0000
190.4000	53.7278	60.0000
190.4222	53.7500	60.0000
190.4500	53.7767	60.0000
190.4744	53.8000	60.0000
190.5000	53.8235	60.0000
190.5289	53.8500	60.0000
190.5500	53.8686	60.0000
190.5854	53.9000	60.0000
190.6000	53.9125	60.0000
190.6433	53.9500	60.0000
190.6500	53.9556	60.0000
190.7000	53.9981	60.0000
190.7022	54.0000	60.0000
190.7500	54.0403	60.0000
190.7613	54.0500	60.0000
190.8000	54.0825	60.0000
190.8204	54.1000	60.0000
190.8500	54.1248	60.0000
190.8797	54.1500	60.0000
190.9000	54.1671	60.0000
190.9392	54.2000	60.0000
190.9500	54.2091	60.0000
190.9993	54.2500	60.0000
191.0000	54.2506	60.0000
191.0500	54.2915	60.0000
191.0605	54.3000	60.0000
191.1000	54.3318	60.0000
191.1234	54.3500	60.0000
191.1500	54.3710	60.0000
191.1883	54.4000	60.0000
191.2000	54.4091	60.0000
191.2500	54.4459	60.0000
191.2558	54.4500	60.0000
191.3000	54.4819	60.0000
191.3266	54.5000	60.0000
191.3500	54.5164	60.0000
191.4000	54.5492	60.0000
191.4013	54.5500	60.0000
191.4500	54.5816	60.0000
191.4807	54.6000	60.0000
