> -480 contour -Z-480
12.4800	40.2000	-480.0000
12.5000	40.1791	-480.0000
12.5232	40.1500	-480.0000
12.5500	40.1119	-480.0000
12.5573	40.1000	-480.0000
12.5823	40.0500	-480.0000
12.6000	40.0016	-480.0000
12.6005	40.0000	-480.0000
12.6068	39.9500	-480.0000
12.6000	39.9068	-480.0000
12.5984	39.9000	-480.0000
> -460 contour -Z-460
12.5000	40.5495	-460.0000
12.5500	40.5101	-460.0000
12.5612	40.5000	-460.0000
12.6000	40.4629	-460.0000
12.6121	40.4500	-460.0000
12.6500	40.4073	-460.0000
12.6560	40.4000	-460.0000
12.6950	40.3500	-460.0000
12.7000	40.3433	-460.0000
12.7307	40.3000	-460.0000
12.7500	40.2716	-460.0000
12.7642	40.2500	-460.0000
12.7959	40.2000	-460.0000
12.8000	40.1933	-460.0000
12.8259	40.1500	-460.0000
12.8500	40.1073	-460.0000
12.8541	40.1000	-460.0000
12.8799	40.0500	-460.0000
12.9000	40.0063	-460.0000
12.9029	40.0000	-460.0000
12.9219	39.9500	-460.0000
12.9362	39.9000	-460.0000
12.9446	39.8500	-460.0000
12.9453	39.8000	-460.0000
12.9359	39.7500	-460.0000
12.9126	39.7000	-460.0000
12.9000	39.6842	-460.0000
12.8655	39.6500	-460.0000
12.8500	39.6396	-460.0000
12.8000	39.6142	-460.0000
12.7588	39.6000	-460.0000
12.7500	39.5977	-460.0000
12.7000	39.5888	-460.0000
> -440 contour -Z-440
12.5638	40.8000	-440.0000
12.6000	40.7751	-440.0000
12.6327	40.7500	-440.0000
12.6500	40.7361	-440.0000
12.6908	40.7000	-440.0000
12.7000	40.6914	-440.0000
12.7409	40.6500	-440.0000
12.7500	40.6402	-440.0000
12.7851	40.6000	-440.0000
12.8000	40.5819	-440.0000
12.8249	40.5500	-440.0000
12.8500	40.5161	-440.0000
12.8615	40.5000	-440.0000
12.8957	40.4500	-440.0000
12.9000	40.4436	-440.0000
12.9283	40.4000	-440.0000
12.9500	40.3659	-440.0000
12.9600	40.3500	-440.0000
12.9910	40.3000	-440.0000
13.0000	40.2853	-440.0000
13.0215	40.2500	-440.0000
13.0500	40.2023	-440.0000
13.0514	40.2000	-440.0000
13.0802	40.1500	-440.0000
13.1000	40.1142	-440.0000
13.1077	40.1000	-440.0000
13.1331	40.0500	-440.0000
13.1500	40.0132	-440.0000
13.1559	40.0000	-440.0000
13.1755	39.9500	-440.0000
13.1919	39.9000	-440.0000
13.2000	39.8682	-440.0000
13.2045	39.8500	-440.0000
13.2128	39.8000	-440.0000
13.2167	39.7500	-440.0000
13.2154	39.7000	-440.0000
13.2080	39.6500	-440.0000
13.2000	39.6226	-440.0000
13.1924	39.6000	-440.0000
13.1651	39.5500	-440.0000
13.1500	39.5311	-440.0000
13.1192	39.5000	-440.0000
13.1000	39.4857	-440.0000
13.0500	39.4571	-440.0000
13.0333	39.4500	-440.0000
13.0000	39.4386	-440.0000
12.9500	39.4263	-440.0000
12.9000	39.4182	-440.0000
12.8500	39.4135	-440.0000
12.8000	39.4117	-440.0000
12.7500	39.4121	-440.0000
12.7000	39.4147	-440.0000
> -420 contour -Z-420
12.8551	40.8500	-420.0000
12.9000	40.8029	-420.0000
12.9026	40.8000	-420.0000
12.9454	40.7500	-420.0000
12.9500	40.7444	-420.0000
12.9844	40.7000	-420.0000
13.0000	40.6790	-420.0000
13.0206	40.6500	-420.0000
13.0500	40.6070	-420.0000
13.0546	40.6000	-420.0000
13.0868	40.5500	-420.0000
13.1000	40.5292	-420.0000
13.1181	40.5000	-420.0000
13.1489	40.4500	-420.0000
13.1500	40.4481	-420.0000
13.1790	40.4000	-420.0000
13.2000	40.3652	-420.0000
13.2091	40.3500	-420.0000
13.2386	40.3000	-420.0000
13.2500	40.2804	-420.0000
13.2674	40.2500	-420.0000
13.2950	40.2000	-420.0000
13.3000	40.1905	-420.0000
13.3208	40.1500	-420.0000
13.3446	40.1000	-420.0000
13.3500	40.0875	-420.0000
13.3659	40.0500	-420.0000
13.3846	40.0000	-420.0000
13.4000	39.9521	-420.0000
13.4007	39.9500	-420.0000
13.4141	39.9000	-420.0000
13.4251	39.8500	-420.0000
13.4336	39.8000	-420.0000
13.4396	39.7500	-420.0000
13.4431	39.7000	-420.0000
13.4437	39.6500	-420.0000
13.4408	39.6000	-420.0000
13.4336	39.5500	-420.0000
13.4211	39.5000	-420.0000
13.4017	39.4500	-420.0000
13.4000	39.4469	-420.0000
13.3712	39.4000	-420.0000
13.3500	39.3750	-420.0000
13.3244	39.3500	-420.0000
13.3000	39.3316	-420.0000
13.2500	39.3024	-420.0000
13.2447	39.3000	-420.0000
13.2000	39.2835	-420.0000
13.1500	39.2702	-420.0000
13.1000	39.2614	-420.0000
13.0500	39.2561	-420.0000
13.0000	39.2536	-420.0000
12.9500	39.2534	-420.0000
12.9000	39.2551	-420.0000
12.8500	39.2583	-420.0000
12.8000	39.2629	-420.0000
12.7500	39.2686	-420.0000
> -400 contour -Z-400
12.9000	41.0890	-400.0000
12.9420	41.0500	-400.0000
12.9500	41.0423	-400.0000
12.9921	41.0000	-400.0000
13.0000	40.9917	-400.0000
13.0379	40.9500	-400.0000
13.0500	40.9362	-400.0000
13.0800	40.9000	-400.0000
13.1000	40.8748	-400.0000
13.1188	40.8500	-400.0000
13.1500	40.8070	-400.0000
13.1549	40.8000	-400.0000
13.1886	40.7500	-400.0000
13.2000	40.7327	-400.0000
13.2209	40.7000	-400.0000
13.2500	40.6538	-400.0000
13.2524	40.6500	-400.0000
13.2832	40.6000	-400.0000
13.3000	40.5728	-400.0000
13.3140	40.5500	-400.0000
13.3451	40.5000	-400.0000
13.3500	40.4921	-400.0000
13.3763	40.4500	-400.0000
13.4000	40.4120	-400.0000
13.4076	40.4000	-400.0000
13.4385	40.3500	-400.0000
13.4500	40.3309	-400.0000
13.4687	40.3000	-400.0000
13.4975	40.2500	-400.0000
13.5000	40.2453	-400.0000
13.5244	40.2000	-400.0000
13.5487	40.1500	-400.0000
13.5500	40.1470	-400.0000
13.5705	40.1000	-400.0000
13.5892	40.0500	-400.0000
13.6000	40.0158	-400.0000
13.6050	40.0000	-400.0000
13.6184	39.9500	-400.0000
13.6292	39.9000	-400.0000
13.6380	39.8500	-400.0000
13.6450	39.8000	-400.0000
13.6500	39.7531	-400.0000
13.6503	39.7500	-400.0000
13.6541	39.7000	-400.0000
13.6561	39.6500	-400.0000
13.6559	39.6000	-400.0000
13.6532	39.5500	-400.0000
13.6500	39.5229	-400.0000
13.6473	39.5000	-400.0000
13.6374	39.4500	-400.0000
13.6226	39.4000	-400.0000
13.6020	39.3500	-400.0000
13.6000	39.3464	-400.0000
13.5729	39.3000	-400.0000
13.5500	39.2699	-400.0000
13.5330	39.2500	-400.0000
13.5000	39.2194	-400.0000
13.4754	39.2000	-400.0000
13.4500	39.1837	-400.0000
13.4000	39.1575	-400.0000
13.3819	39.1500	-400.0000
13.3500	39.1389	-400.0000
13.3000	39.1258	-400.0000
13.2500	39.1168	-400.0000
13.2000	39.1112	-400.0000
13.1500	39.1085	-400.0000
13.1000	39.1081	-400.0000
13.0500	39.1097	-400.0000
13.0000	39.1127	-400.0000
12.9500	39.1171	-400.0000
12.9000	39.1225	-400.0000
12.8500	39.1288	-400.0000
12.8000	39.1360	-400.0000
> -380 contour -Z-380
12.8957	41.3500	-380.0000
12.9000	41.3463	-380.0000
12.9500	41.3020	-380.0000
12.9521	41.3000	-380.0000
13.0000	41.2556	-380.0000
13.0058	41.2500	-380.0000
13.0500	41.2069	-380.0000
13.0568	41.2000	-380.0000
13.1000	41.1553	-380.0000
13.1049	41.1500	-380.0000
13.1500	41.1000	-380.0000
13.1500	41.1000	-380.0000
13.1918	41.0500	-380.0000
13.2000	41.0399	-380.0000
13.2308	41.0000	-380.0000
13.2500	40.9741	-380.0000
13.2672	40.9500	-380.0000
13.3000	40.9024	-380.0000
13.3016	40.9000	-380.0000
13.3343	40.8500	-380.0000
13.3500	40.8254	-380.0000
13.3660	40.8000	-380.0000
13.3974	40.7500	-380.0000
13.4000	40.7459	-380.0000
13.4290	40.7000	-380.0000
13.4500	40.6670	-380.0000
13.4611	40.6500	-380.0000
13.4940	40.6000	-380.0000
13.5000	40.5910	-380.0000
13.5281	40.5500	-380.0000
13.5500	40.5183	-380.0000
13.5630	40.5000	-380.0000
13.5985	40.4500	-380.0000
13.6000	40.4478	-380.0000
13.6343	40.4000	-380.0000
13.6500	40.3774	-380.0000
13.6695	40.3500	-380.0000
13.7000	40.3049	-380.0000
13.7034	40.3000	-380.0000
13.7353	40.2500	-380.0000
13.7500	40.2247	-380.0000
13.7645	40.2000	-380.0000
13.7904	40.1500	-380.0000
13.8000	40.1283	-380.0000
13.8127	40.1000	-380.0000
13.8313	40.0500	-380.0000
13.8463	40.0000	-380.0000
13.8500	39.9841	-380.0000
13.8580	39.9500	-380.0000
13.8669	39.9000	-380.0000
13.8731	39.8500	-380.0000
13.8772	39.8000	-380.0000
13.8793	39.7500	-380.0000
13.8796	39.7000	-380.0000
13.8782	39.6500	-380.0000
13.8748	39.6000	-380.0000
13.8692	39.5500	-380.0000
13.8611	39.5000	-380.0000
13.8501	39.4500	-380.0000
13.8500	39.4497	-380.0000
13.8357	39.4000	-380.0000
13.8174	39.3500	-380.0000
13.8000	39.3120	-380.0000
13.7944	39.3000	-380.0000
13.7657	39.2500	-380.0000
13.7500	39.2276	-380.0000
13.7298	39.2000	-380.0000
13.7000	39.1666	-380.0000
13.6842	39.1500	-380.0000
13.6500	39.1202	-380.0000
13.6243	39.1000	-380.0000
13.6000	39.0840	-380.0000
13.5500	39.0550	-380.0000
13.5399	39.0500	-380.0000
13.5000	39.0331	-380.0000
13.4500	39.0156	-380.0000
13.4000	39.0020	-380.0000
13.3902	39.0000	-380.0000
13.3500	38.9928	-380.0000
13.3000	38.9866	-380.0000
13.2500	38.9831	-380.0000
13.2000	38.9820	-380.0000
13.1500	38.9828	-380.0000
13.1000	38.9853	-380.0000
13.0500	38.9891	-380.0000
13.0000	38.9942	-380.0000
> -360 contour -Z-360
13.1556	41.3500	-360.0000
13.2000	41.3018	-360.0000
13.2016	41.3000	-360.0000
13.2457	41.2500	-360.0000
13.2500	41.2451	-360.0000
13.2878	41.2000	-360.0000
13.3000	41.1850	-360.0000
13.3277	41.1500	-360.0000
13.3500	41.1209	-360.0000
13.3656	41.1000	-360.0000
13.4000	41.0524	-360.0000
13.4017	41.0500	-360.0000
13.4362	41.0000	-360.0000
13.4500	40.9793	-360.0000
13.4696	40.9500	-360.0000
13.5000	40.9037	-360.0000
13.5025	40.9000	-360.0000
13.5355	40.8500	-360.0000
13.5500	40.8280	-360.0000
13.5691	40.8000	-360.0000
13.6000	40.7551	-360.0000
13.6037	40.7500	-360.0000
13.6399	40.7000	-360.0000
13.6500	40.6863	-360.0000
13.6778	40.6500	-360.0000
13.7000	40.6214	-360.0000
13.7172	40.6000	-360.0000
13.7500	40.5594	-360.0000
13.7579	40.5500	-360.0000
13.7993	40.5000	-360.0000
13.8000	40.4991	-360.0000
13.8408	40.4500	-360.0000
13.8500	40.4386	-360.0000
13.8814	40.4000	-360.0000
13.9000	40.3760	-360.0000
13.9203	40.3500	-360.0000
13.9500	40.3090	-360.0000
13.9565	40.3000	-360.0000
13.9897	40.2500	-360.0000
14.0000	40.2327	-360.0000
14.0194	40.2000	-360.0000
14.0455	40.1500	-360.0000
14.0500	40.1401	-360.0000
14.0681	40.1000	-360.0000
14.0872	40.0500	-360.0000
14.1000	40.0093	-360.0000
14.1030	40.0000	-360.0000
14.1152	39.9500	-360.0000
14.1241	39.9000	-360.0000
14.1295	39.8500	-360.0000
14.1315	39.8000	-360.0000
14.1302	39.7500	-360.0000
14.1258	39.7000	-360.0000
14.1187	39.6500	-360.0000
14.1091	39.6000	-360.0000
14.1000	39.5619	-360.0000
14.0973	39.5500	-360.0000
14.0834	39.5000	-360.0000
14.0671	39.4500	-360.0000
14.0500	39.4050	-360.0000
14.0482	39.4000	-360.0000
14.0266	39.3500	-360.0000
14.0014	39.3000	-360.0000
14.0000	39.2977	-360.0000
13.9724	39.2500	-360.0000
13.9500	39.2171	-360.0000
13.9385	39.2000	-360.0000
13.9000	39.1516	-360.0000
13.8987	39.1500	-360.0000
13.8514	39.1000	-360.0000
13.8500	39.0987	-360.0000
13.8000	39.0551	-360.0000
13.7939	39.0500	-360.0000
13.7500	39.0190	-360.0000
13.7212	39.0000	-360.0000
13.7000	38.9881	-360.0000
13.6500	38.9622	-360.0000
13.6235	38.9500	-360.0000
13.6000	38.9405	-360.0000
13.5500	38.9229	-360.0000
13.5000	38.9079	-360.0000
13.4677	38.9000	-360.0000
13.4500	38.8961	-360.0000
13.4000	38.8875	-360.0000
13.3500	38.8812	-360.0000
13.3000	38.8772	-360.0000
13.2500	38.8753	-360.0000
13.2000	38.8753	-360.0000
13.1500	38.8771	-360.0000
13.1000	38.8804	-360.0000
13.0500	38.8849	-360.0000
13.0000	38.8904	-360.0000
> -340 contour -Z-340
13.3736	41.3500	-340.0000
13.4000	41.3176	-340.0000
13.4140	41.3000	-340.0000
13.4500	41.2541	-340.0000
13.4531	41.2500	-340.0000
13.4911	41.2000	-340.0000
13.5000	41.1880	-340.0000
13.5280	41.1500	-340.0000
13.5500	41.1195	-340.0000
13.5642	41.1000	-340.0000
13.5999	41.0500	-340.0000
13.6000	41.0498	-340.0000
13.6358	41.0000	-340.0000
13.6500	40.9801	-340.0000
13.6722	40.9500	-340.0000
13.7000	40.9126	-340.0000
13.7097	40.9000	-340.0000
13.7488	40.8500	-340.0000
13.7500	40.8485	-340.0000
13.7898	40.8000	-340.0000
13.8000	40.7878	-340.0000
13.8328	40.7500	-340.0000
13.8500	40.7302	-340.0000
13.8773	40.7000	-340.0000
13.9000	40.6749	-340.0000
13.9231	40.6500	-340.0000
13.9500	40.6207	-340.0000
13.9694	40.6000	-340.0000
14.0000	40.5666	-340.0000
14.0154	40.5500	-340.0000
14.0500	40.5115	-340.0000
14.0604	40.5000	-340.0000
14.1000	40.4540	-340.0000
14.1035	40.4500	-340.0000
14.1440	40.4000	-340.0000
14.1500	40.3920	-340.0000
14.1816	40.3500	-340.0000
14.2000	40.3234	-340.0000
14.2162	40.3000	-340.0000
14.2476	40.2500	-340.0000
14.2500	40.2457	-340.0000
14.2763	40.2000	-340.0000
14.3000	40.1541	-340.0000
14.3021	40.1500	-340.0000
14.3255	40.1000	-340.0000
14.3460	40.0500	-340.0000
14.3500	40.0385	-340.0000
14.3636	40.0000	-340.0000
14.3779	39.9500	-340.0000
14.3885	39.9000	-340.0000
14.3951	39.8500	-340.0000
14.3976	39.8000	-340.0000
14.3959	39.7500	-340.0000
14.3901	39.7000	-340.0000
14.3806	39.6500	-340.0000
14.3677	39.6000	-340.0000
14.3516	39.5500	-340.0000
14.3500	39.5458	-340.0000
14.3329	39.5000	-340.0000
14.3114	39.4500	-340.0000
14.3000	39.4266	-340.0000
14.2874	39.4000	-340.0000
14.2604	39.3500	-340.0000
14.2500	39.3330	-340.0000
14.2304	39.3000	-340.0000
14.2000	39.2554	-340.0000
14.1964	39.2500	-340.0000
14.1585	39.2000	-340.0000
14.1500	39.1902	-340.0000
14.1159	39.1500	-340.0000
14.1000	39.1339	-340.0000
14.0675	39.1000	-340.0000
14.0500	39.0843	-340.0000
14.0122	39.0500	-340.0000
14.0000	39.0404	-340.0000
13.9500	39.0015	-340.0000
13.9481	39.0000	-340.0000
13.9000	38.9681	-340.0000
13.8718	38.9500	-340.0000
13.8500	38.9380	-340.0000
13.8000	38.9114	-340.0000
13.7772	38.9000	-340.0000
13.7500	38.8881	-340.0000
13.7000	38.8677	-340.0000
13.6524	38.8500	-340.0000
13.6500	38.8492	-340.0000
13.6000	38.8341	-340.0000
13.5500	38.8207	-340.0000
13.5000	38.8092	-340.0000
13.4520	38.8000	-340.0000
13.4500	38.7997	-340.0000
13.4000	38.7926	-340.0000
13.3500	38.7875	-340.0000
13.3000	38.7841	-340.0000
13.2500	38.7825	-340.0000
13.2000	38.7826	-340.0000
13.1500	38.7842	-340.0000
13.1000	38.7872	-340.0000
13.0500	38.7914	-340.0000
13.0000	38.7966	-340.0000
> -320 contour -Z-320
13.5710	41.3500	-320.0000
13.6000	41.3120	-320.0000
13.6091	41.3000	-320.0000
13.6470	41.2500	-320.0000
13.6500	41.2460	-320.0000
13.6849	41.2000	-320.0000
13.7000	41.1801	-320.0000
13.7231	41.1500	-320.0000
13.7500	41.1153	-320.0000
13.7621	41.1000	-320.0000
13.8000	41.0528	-320.0000
13.8023	41.0500	-320.0000
13.8442	41.0000	-320.0000
13.8500	40.9931	-320.0000
13.8880	40.9500	-320.0000
13.9000	40.9366	-320.0000
13.9340	40.9000	-320.0000
13.9500	40.8829	-320.0000
13.9820	40.8500	-320.0000
14.0000	40.8315	-320.0000
14.0319	40.8000	-320.0000
14.0500	40.7819	-320.0000
14.0831	40.7500	-320.0000
14.1000	40.7335	-320.0000
14.1353	40.7000	-320.0000
14.1500	40.6857	-320.0000
14.1876	40.6500	-320.0000
14.2000	40.6378	-320.0000
14.2394	40.6000	-320.0000
14.2500	40.5893	-320.0000
14.2899	40.5500	-320.0000
14.3000	40.5393	-320.0000
14.3382	40.5000	-320.0000
14.3500	40.4868	-320.0000
14.3838	40.4500	-320.0000
14.4000	40.4307	-320.0000
14.4264	40.4000	-320.0000
14.4500	40.3696	-320.0000
14.4655	40.3500	-320.0000
14.5000	40.3014	-320.0000
14.5010	40.3000	-320.0000
14.5332	40.2500	-320.0000
14.5500	40.2203	-320.0000
14.5615	40.2000	-320.0000
14.5862	40.1500	-320.0000
14.6000	40.1173	-320.0000
14.6072	40.1000	-320.0000
14.6246	40.0500	-320.0000
14.6386	40.0000	-320.0000
14.6491	39.9500	-320.0000
14.6500	39.9435	-320.0000
14.6561	39.9000	-320.0000
14.6597	39.8500	-320.0000
14.6599	39.8000	-320.0000
14.6570	39.7500	-320.0000
14.6509	39.7000	-320.0000
14.6500	39.6948	-320.0000
14.6419	39.6500	-320.0000
14.6301	39.6000	-320.0000
14.6156	39.5500	-320.0000
14.6000	39.5042	-320.0000
14.5985	39.5000	-320.0000
14.5781	39.4500	-320.0000
14.5545	39.4000	-320.0000
14.5500	39.3917	-320.0000
14.5267	39.3500	-320.0000
14.5000	39.3088	-320.0000
14.4943	39.3000	-320.0000
14.4564	39.2500	-320.0000
14.4500	39.2426	-320.0000
14.4130	39.2000	-320.0000
14.4000	39.1870	-320.0000
14.3638	39.1500	-320.0000
14.3500	39.1377	-320.0000
14.3088	39.1000	-320.0000
14.3000	39.0929	-320.0000
14.2500	39.0518	-320.0000
14.2478	39.0500	-320.0000
14.2000	39.0148	-320.0000
14.1803	39.0000	-320.0000
14.1500	38.9801	-320.0000
14.1044	38.9500	-320.0000
14.1000	38.9475	-320.0000
14.0500	38.9186	-320.0000
14.0173	38.9000	-320.0000
14.0000	38.8914	-320.0000
13.9500	38.8670	-320.0000
13.9141	38.8500	-320.0000
13.9000	38.8442	-320.0000
13.8500	38.8240	-320.0000
13.8000	38.8048	-320.0000
13.7868	38.8000	-320.0000
13.7500	38.7880	-320.0000
13.7000	38.7726	-320.0000
13.6500	38.7582	-320.0000
13.6188	38.7500	-320.0000
13.6000	38.7455	-320.0000
13.5500	38.7345	-320.0000
13.5000	38.7248	-320.0000
13.4500	38.7166	-320.0000
13.4000	38.7098	-320.0000
13.3500	38.7046	-320.0000
13.3000	38.7010	-320.0000
13.2748	38.7000	-320.0000
13.2500	38.6991	-320.0000
13.2000	38.6986	-320.0000
13.1500	38.6996	-320.0000
13.1400	38.7000	-320.0000
13.1000	38.7018	-320.0000
13.0500	38.7053	-320.0000
13.0000	38.7098	-320.0000
> -300 contour -Z-300
13.7580	41.3500	-300.0000
13.7965	41.3000	-300.0000
13.8000	41.2955	-300.0000
13.8358	41.2500	-300.0000
13.8500	41.2323	-300.0000
13.8764	41.2000	-300.0000
13.9000	41.1717	-300.0000
13.9185	41.1500	-300.0000
13.9500	41.1140	-300.0000
13.9626	41.1000	-300.0000
14.0000	41.0595	-300.0000
14.0090	41.0500	-300.0000
14.0500	41.0079	-300.0000
14.0579	41.0000	-300.0000
14.1000	40.9588	-300.0000
14.1093	40.9500	-300.0000
14.1500	40.9120	-300.0000
14.1633	40.9000	-300.0000
14.2000	40.8670	-300.0000
14.2196	40.8500	-300.0000
14.2500	40.8235	-300.0000
14.2780	40.8000	-300.0000
14.3000	40.7812	-300.0000
14.3380	40.7500	-300.0000
14.3500	40.7399	-300.0000
14.3992	40.7000	-300.0000
14.4000	40.6993	-300.0000
14.4500	40.6583	-300.0000
14.4604	40.6500	-300.0000
14.5000	40.6170	-300.0000
14.5211	40.6000	-300.0000
14.5500	40.5751	-300.0000
14.5801	40.5500	-300.0000
14.6000	40.5321	-300.0000
14.6364	40.5000	-300.0000
14.6500	40.4869	-300.0000
14.6885	40.4500	-300.0000
14.7000	40.4377	-300.0000
14.7350	40.4000	-300.0000
14.7500	40.3816	-300.0000
14.7751	40.3500	-300.0000
14.8000	40.3135	-300.0000
14.8088	40.3000	-300.0000
14.8363	40.2500	-300.0000
14.8500	40.2200	-300.0000
14.8587	40.2000	-300.0000
14.8763	40.1500	-300.0000
14.8904	40.1000	-300.0000
14.9000	40.0554	-300.0000
14.9011	40.0500	-300.0000
14.9085	40.0000	-300.0000
14.9130	39.9500	-300.0000
14.9145	39.9000	-300.0000
14.9130	39.8500	-300.0000
14.9086	39.8000	-300.0000
14.9014	39.7500	-300.0000
14.9000	39.7429	-300.0000
14.8917	39.7000	-300.0000
14.8800	39.6500	-300.0000
14.8665	39.6000	-300.0000
14.8514	39.5500	-300.0000
14.8500	39.5458	-300.0000
14.8346	39.5000	-300.0000
14.8159	39.4500	-300.0000
14.8000	39.4120	-300.0000
14.7949	39.4000	-300.0000
14.7703	39.3500	-300.0000
14.7500	39.3143	-300.0000
14.7416	39.3000	-300.0000
14.7072	39.2500	-300.0000
14.7000	39.2411	-300.0000
14.6658	39.2000	-300.0000
14.6500	39.1836	-300.0000
14.6169	39.1500	-300.0000
14.6000	39.1351	-300.0000
14.5600	39.1000	-300.0000
14.5500	39.0923	-300.0000
14.5000	39.0535	-300.0000
14.4955	39.0500	-300.0000
14.4500	39.0184	-300.0000
14.4238	39.0000	-300.0000
14.4000	38.9850	-300.0000
14.3500	38.9531	-300.0000
14.3451	38.9500	-300.0000
14.3000	38.9242	-300.0000
14.2580	38.9000	-300.0000
14.2500	38.8959	-300.0000
14.2000	38.8704	-300.0000
14.1595	38.8500	-300.0000
14.1500	38.8457	-300.0000
14.1000	38.8238	-300.0000
14.0500	38.8023	-300.0000
14.0445	38.8000	-300.0000
14.0000	38.7835	-300.0000
13.9500	38.7654	-300.0000
13.9059	38.7500	-300.0000
13.9000	38.7482	-300.0000
13.8500	38.7329	-300.0000
13.8000	38.7182	-300.0000
13.7500	38.7040	-300.0000
13.7352	38.7000	-300.0000
13.7000	38.6912	-300.0000
13.6500	38.6793	-300.0000
13.6000	38.6681	-300.0000
13.5500	38.6578	-300.0000
13.5078	38.6500	-300.0000
13.5000	38.6486	-300.0000
13.4500	38.6408	-300.0000
13.4000	38.6342	-300.0000
13.3500	38.6289	-300.0000
13.3000	38.6249	-300.0000
13.2500	38.6222	-300.0000
13.2000	38.6209	-300.0000
13.1500	38.6209	-300.0000
13.1000	38.6221	-300.0000
13.0500	38.6244	-300.0000
13.0000	38.6278	-300.0000
> -280 contour -Z-280
14.1100	41.1500	-280.0000
14.1500	41.1091	-280.0000
14.1591	41.1000	-280.0000
14.2000	41.0604	-280.0000
14.2111	41.0500	-280.0000
14.2500	41.0143	-280.0000
14.2661	41.0000	-280.0000
14.3000	40.9704	-280.0000
14.3241	40.9500	-280.0000
14.3500	40.9284	-280.0000
14.3850	40.9000	-280.0000
14.4000	40.8879	-280.0000
14.4486	40.8500	-280.0000
14.4500	40.8489	-280.0000
14.5000	40.8104	-280.0000
14.5139	40.8000	-280.0000
14.5500	40.7725	-280.0000
14.5805	40.7500	-280.0000
14.6000	40.7352	-280.0000
14.6477	40.7000	-280.0000
14.6500	40.6983	-280.0000
14.7000	40.6603	-280.0000
14.7137	40.6500	-280.0000
14.7500	40.6214	-280.0000
14.7773	40.6000	-280.0000
14.8000	40.5810	-280.0000
14.8366	40.5500	-280.0000
14.8500	40.5378	-280.0000
14.8899	40.5000	-280.0000
14.9000	40.4895	-280.0000
14.9362	40.4500	-280.0000
14.9500	40.4332	-280.0000
14.9758	40.4000	-280.0000
15.0000	40.3650	-280.0000
15.0098	40.3500	-280.0000
15.0386	40.3000	-280.0000
15.0500	40.2775	-280.0000
15.0633	40.2500	-280.0000
15.0846	40.2000	-280.0000
15.1000	40.1592	-280.0000
15.1034	40.1500	-280.0000
15.1187	40.1000	-280.0000
15.1316	40.0500	-280.0000
15.1415	40.0000	-280.0000
15.1478	39.9500	-280.0000
15.1500	39.9053	-280.0000
15.1502	39.9000	-280.0000
15.1500	39.8927	-280.0000
15.1485	39.8500	-280.0000
15.1425	39.8000	-280.0000
15.1328	39.7500	-280.0000
15.1198	39.7000	-280.0000
15.1043	39.6500	-280.0000
15.1000	39.6379	-280.0000
15.0864	39.6000	-280.0000
15.0671	39.5500	-280.0000
15.0500	39.5075	-280.0000
15.0470	39.5000	-280.0000
15.0255	39.4500	-280.0000
15.0031	39.4000	-280.0000
15.0000	39.3937	-280.0000
14.9785	39.3500	-280.0000
14.9516	39.3000	-280.0000
14.9500	39.2974	-280.0000
14.9203	39.2500	-280.0000
14.9000	39.2218	-280.0000
14.8838	39.2000	-280.0000
14.8500	39.1609	-280.0000
14.8402	39.1500	-280.0000
14.8000	39.1112	-280.0000
14.7881	39.1000	-280.0000
14.7500	39.0688	-280.0000
14.7265	39.0500	-280.0000
14.7000	39.0312	-280.0000
14.6557	39.0000	-280.0000
14.6500	38.9964	-280.0000
14.6000	38.9649	-280.0000
14.5764	38.9500	-280.0000
14.5500	38.9349	-280.0000
14.5000	38.9060	-280.0000
14.4896	38.9000	-280.0000
14.4500	38.8792	-280.0000
14.4000	38.8529	-280.0000
14.3945	38.8500	-280.0000
14.3500	38.8290	-280.0000
14.3000	38.8055	-280.0000
14.2880	38.8000	-280.0000
14.2500	38.7843	-280.0000
14.2000	38.7641	-280.0000
14.1640	38.7500	-280.0000
14.1500	38.7451	-280.0000
14.1000	38.7281	-280.0000
14.0500	38.7116	-280.0000
14.0138	38.7000	-280.0000
14.0000	38.6960	-280.0000
13.9500	38.6820	-280.0000
13.9000	38.6683	-280.0000
13.8500	38.6549	-280.0000
13.8314	38.6500	-280.0000
13.8000	38.6424	-280.0000
13.7500	38.6305	-280.0000
13.7000	38.6189	-280.0000
13.6500	38.6076	-280.0000
13.6145	38.6000	-280.0000
13.6000	38.5970	-280.0000
13.5500	38.5873	-280.0000
13.5000	38.5784	-280.0000
13.4500	38.5703	-280.0000
13.4000	38.5632	-280.0000
13.3500	38.5572	-280.0000
13.3000	38.5524	-280.0000
> -260 contour -Z-260
14.2917	41.1500	-260.0000
14.3000	41.1420	-260.0000
14.3447	41.1000	-260.0000
14.3500	41.0951	-260.0000
14.4000	41.0507	-260.0000
14.4008	41.0500	-260.0000
14.4500	41.0081	-260.0000
14.4597	41.0000	-260.0000
14.5000	40.9672	-260.0000
14.5215	40.9500	-260.0000
14.5500	40.9276	-260.0000
14.5857	40.9000	-260.0000
14.6000	40.8891	-260.0000
14.6500	40.8514	-260.0000
14.6519	40.8500	-260.0000
14.7000	40.8139	-260.0000
14.7188	40.8000	-260.0000
14.7500	40.7767	-260.0000
14.7860	40.7500	-260.0000
14.8000	40.7394	-260.0000
14.8500	40.7015	-260.0000
14.8519	40.7000	-260.0000
14.9000	40.6614	-260.0000
14.9139	40.6500	-260.0000
14.9500	40.6188	-260.0000
14.9710	40.6000	-260.0000
15.0000	40.5722	-260.0000
15.0221	40.5500	-260.0000
15.0500	40.5197	-260.0000
15.0672	40.5000	-260.0000
15.1000	40.4592	-260.0000
15.1070	40.4500	-260.0000
15.1418	40.4000	-260.0000
15.1500	40.3872	-260.0000
15.1727	40.3500	-260.0000
15.2000	40.3023	-260.0000
15.2013	40.3000	-260.0000
15.2265	40.2500	-260.0000
15.2500	40.2011	-260.0000
15.2505	40.2000	-260.0000
15.2713	40.1500	-260.0000
15.2903	40.1000	-260.0000
15.3000	40.0700	-260.0000
15.3061	40.0500	-260.0000
15.3180	40.0000	-260.0000
15.3261	39.9500	-260.0000
15.3301	39.9000	-260.0000
15.3297	39.8500	-260.0000
15.3253	39.8000	-260.0000
15.3170	39.7500	-260.0000
15.3055	39.7000	-260.0000
15.3000	39.6806	-260.0000
15.2905	39.6500	-260.0000
15.2727	39.6000	-260.0000
15.2534	39.5500	-260.0000
15.2500	39.5419	-260.0000
15.2316	39.5000	-260.0000
15.2089	39.4500	-260.0000
15.2000	39.4310	-260.0000
15.1848	39.4000	-260.0000
15.1596	39.3500	-260.0000
15.1500	39.3320	-260.0000
15.1324	39.3000	-260.0000
15.1031	39.2500	-260.0000
15.1000	39.2451	-260.0000
15.0698	39.2000	-260.0000
15.0500	39.1735	-260.0000
15.0317	39.1500	-260.0000
15.0000	39.1141	-260.0000
14.9870	39.1000	-260.0000
14.9500	39.0650	-260.0000
14.9335	39.0500	-260.0000
14.9000	39.0233	-260.0000
14.8696	39.0000	-260.0000
14.8500	38.9867	-260.0000
14.8000	38.9535	-260.0000
14.7945	38.9500	-260.0000
14.7500	38.9239	-260.0000
14.7089	38.9000	-260.0000
14.7000	38.8953	-260.0000
14.6500	38.8688	-260.0000
14.6145	38.8500	-260.0000
14.6000	38.8429	-260.0000
14.5500	38.8186	-260.0000
14.5118	38.8000	-260.0000
14.5000	38.7948	-260.0000
14.4500	38.7726	-260.0000
14.4000	38.7508	-260.0000
14.3982	38.7500	-260.0000
14.3500	38.7312	-260.0000
14.3000	38.7121	-260.0000
14.2671	38.7000	-260.0000
14.2500	38.6943	-260.0000
14.2000	38.6781	-260.0000
14.1500	38.6626	-260.0000
14.1078	38.6500	-260.0000
14.1000	38.6479	-260.0000
14.0500	38.6347	-260.0000
14.0000	38.6218	-260.0000
13.9500	38.6093	-260.0000
13.9125	38.6000	-260.0000
13.9000	38.5971	-260.0000
13.8500	38.5857	-260.0000
13.8000	38.5743	-260.0000
13.7500	38.5629	-260.0000
13.7000	38.5517	-260.0000
13.6924	38.5500	-260.0000
13.6500	38.5410	-260.0000
13.6000	38.5306	-260.0000
13.5500	38.5206	-260.0000
13.5000	38.5112	-260.0000
13.4500	38.5025	-260.0000
13.4337	38.5000	-260.0000
> -240 contour -Z-240
14.5136	41.1000	-240.0000
14.5500	41.0683	-240.0000
14.5712	41.0500	-240.0000
14.6000	41.0259	-240.0000
14.6314	41.0000	-240.0000
14.6500	40.9851	-240.0000
14.6941	40.9500	-240.0000
14.7000	40.9454	-240.0000
14.7500	40.9065	-240.0000
14.7584	40.9000	-240.0000
14.8000	40.8681	-240.0000
14.8236	40.8500	-240.0000
14.8500	40.8298	-240.0000
14.8889	40.8000	-240.0000
14.9000	40.7914	-240.0000
14.9500	40.7520	-240.0000
14.9525	40.7500	-240.0000
15.0000	40.7105	-240.0000
15.0122	40.7000	-240.0000
15.0500	40.6661	-240.0000
15.0672	40.6500	-240.0000
15.1000	40.6177	-240.0000
15.1170	40.6000	-240.0000
15.1500	40.5635	-240.0000
15.1617	40.5500	-240.0000
15.2000	40.5023	-240.0000
15.2018	40.5000	-240.0000
15.2375	40.4500	-240.0000
15.2500	40.4314	-240.0000
15.2703	40.4000	-240.0000
15.3000	40.3520	-240.0000
15.3012	40.3500	-240.0000
15.3294	40.3000	-240.0000
15.3500	40.2619	-240.0000
15.3563	40.2500	-240.0000
15.3807	40.2000	-240.0000
15.4000	40.1575	-240.0000
15.4032	40.1500	-240.0000
15.4220	40.1000	-240.0000
15.4378	40.0500	-240.0000
15.4500	40.0001	-240.0000
15.4500	40.0000	-240.0000
15.4574	39.9500	-240.0000
15.4610	39.9000	-240.0000
15.4609	39.8500	-240.0000
15.4573	39.8000	-240.0000
15.4506	39.7500	-240.0000
15.4500	39.7467	-240.0000
15.4402	39.7000	-240.0000
15.4273	39.6500	-240.0000
15.4123	39.6000	-240.0000
15.4000	39.5630	-240.0000
15.3953	39.5500	-240.0000
15.3756	39.5000	-240.0000
15.3549	39.4500	-240.0000
15.3500	39.4388	-240.0000
15.3319	39.4000	-240.0000
15.3078	39.3500	-240.0000
15.3000	39.3344	-240.0000
15.2817	39.3000	-240.0000
15.2542	39.2500	-240.0000
15.2500	39.2429	-240.0000
15.2235	39.2000	-240.0000
15.2000	39.1645	-240.0000
15.1899	39.1500	-240.0000
15.1519	39.1000	-240.0000
15.1500	39.0977	-240.0000
15.1074	39.0500	-240.0000
15.1000	39.0425	-240.0000
15.0550	39.0000	-240.0000
15.0500	38.9958	-240.0000
15.0000	38.9560	-240.0000
14.9919	38.9500	-240.0000
14.9500	38.9217	-240.0000
14.9162	38.9000	-240.0000
14.9000	38.8905	-240.0000
14.8500	38.8623	-240.0000
14.8275	38.8500	-240.0000
14.8000	38.8361	-240.0000
14.7500	38.8113	-240.0000
14.7270	38.8000	-240.0000
14.7000	38.7877	-240.0000
14.6500	38.7651	-240.0000
14.6164	38.7500	-240.0000
14.6000	38.7432	-240.0000
14.5500	38.7225	-240.0000
14.5000	38.7022	-240.0000
14.4946	38.7000	-240.0000
14.4500	38.6835	-240.0000
14.4000	38.6655	-240.0000
14.3555	38.6500	-240.0000
14.3500	38.6482	-240.0000
14.3000	38.6327	-240.0000
14.2500	38.6178	-240.0000
14.2000	38.6035	-240.0000
14.1872	38.6000	-240.0000
14.1500	38.5905	-240.0000
14.1000	38.5783	-240.0000
14.0500	38.5664	-240.0000
14.0000	38.5547	-240.0000
13.9795	38.5500	-240.0000
13.9500	38.5436	-240.0000
13.9000	38.5327	-240.0000
13.8500	38.5217	-240.0000
13.8000	38.5106	-240.0000
13.7529	38.5000	-240.0000
13.7500	38.4994	-240.0000
13.7000	38.4884	-240.0000
13.6500	38.4774	-240.0000
13.6000	38.4665	-240.0000
13.5500	38.4560	-240.0000
13.5202	38.4500	-240.0000
> -220 contour -Z-220
14.7821	41.0000	-220.0000
14.8000	40.9855	-220.0000
14.8441	40.9500	-220.0000
14.8500	40.9453	-220.0000
14.9000	40.9056	-220.0000
14.9070	40.9000	-220.0000
14.9500	40.8658	-220.0000
14.9696	40.8500	-220.0000
15.0000	40.8254	-220.0000
15.0306	40.8000	-220.0000
15.0500	40.7837	-220.0000
15.0887	40.7500	-220.0000
15.1000	40.7398	-220.0000
15.1426	40.7000	-220.0000
15.1500	40.6927	-220.0000
15.1917	40.6500	-220.0000
15.2000	40.6409	-220.0000
15.2361	40.6000	-220.0000
15.2500	40.5832	-220.0000
15.2764	40.5500	-220.0000
15.3000	40.5186	-220.0000
15.3135	40.5000	-220.0000
15.3480	40.4500	-220.0000
15.3500	40.4469	-220.0000
15.3798	40.4000	-220.0000
15.4000	40.3671	-220.0000
15.4102	40.3500	-220.0000
15.4388	40.3000	-220.0000
15.4500	40.2793	-220.0000
15.4653	40.2500	-220.0000
15.4896	40.2000	-220.0000
15.5000	40.1762	-220.0000
15.5108	40.1500	-220.0000
15.5285	40.1000	-220.0000
15.5429	40.0500	-220.0000
15.5500	40.0170	-220.0000
15.5533	40.0000	-220.0000
15.5597	39.9500	-220.0000
15.5627	39.9000	-220.0000
15.5624	39.8500	-220.0000
15.5592	39.8000	-220.0000
15.5534	39.7500	-220.0000
15.5500	39.7291	-220.0000
15.5448	39.7000	-220.0000
15.5337	39.6500	-220.0000
15.5206	39.6000	-220.0000
15.5060	39.5500	-220.0000
15.5000	39.5317	-220.0000
15.4889	39.5000	-220.0000
15.4700	39.4500	-220.0000
15.4500	39.4001	-220.0000
15.4500	39.4000	-220.0000
15.4272	39.3500	-220.0000
15.4035	39.3000	-220.0000
15.4000	39.2931	-220.0000
15.3772	39.2500	-220.0000
15.3500	39.2009	-220.0000
15.3495	39.2000	-220.0000
15.3185	39.1500	-220.0000
15.3000	39.1220	-220.0000
15.2847	39.1000	-220.0000
15.2500	39.0536	-220.0000
15.2472	39.0500	-220.0000
15.2038	39.0000	-220.0000
15.2000	38.9959	-220.0000
15.1533	38.9500	-220.0000
15.1500	38.9471	-220.0000
15.1000	38.9055	-220.0000
15.0929	38.9000	-220.0000
15.0500	38.8698	-220.0000
15.0198	38.8500	-220.0000
15.0000	38.8380	-220.0000
14.9500	38.8096	-220.0000
14.9323	38.8000	-220.0000
14.9000	38.7837	-220.0000
14.8500	38.7595	-220.0000
14.8297	38.7500	-220.0000
14.8000	38.7369	-220.0000
14.7500	38.7154	-220.0000
14.7134	38.7000	-220.0000
14.7000	38.6947	-220.0000
14.6500	38.6753	-220.0000
14.6000	38.6563	-220.0000
14.5833	38.6500	-220.0000
14.5500	38.6384	-220.0000
14.5000	38.6215	-220.0000
14.4500	38.6050	-220.0000
14.4342	38.6000	-220.0000
14.4000	38.5898	-220.0000
14.3500	38.5755	-220.0000
14.3000	38.5618	-220.0000
14.2551	38.5500	-220.0000
14.2500	38.5487	-220.0000
14.2000	38.5368	-220.0000
14.1500	38.5254	-220.0000
14.1000	38.5143	-220.0000
14.0500	38.5034	-220.0000
14.0344	38.5000	-220.0000
14.0000	38.4929	-220.0000
13.9500	38.4824	-220.0000
13.9000	38.4718	-220.0000
13.8500	38.4609	-220.0000
13.8011	38.4500	-220.0000
13.8000	38.4498	-220.0000
13.7500	38.4385	-220.0000
13.7000	38.4270	-220.0000
13.6500	38.4154	-220.0000
13.6000	38.4038	-220.0000
13.5832	38.4000	-220.0000
13.5500	38.3924	-220.0000
> -200 contour -Z-200
15.0367	40.9000	-200.0000
15.0500	40.8890	-200.0000
15.0959	40.8500	-200.0000
15.1000	40.8465	-200.0000
15.1500	40.8022	-200.0000
15.1524	40.8000	-200.0000
15.2000	40.7552	-200.0000
15.2053	40.7500	-200.0000
15.2500	40.7044	-200.0000
15.2542	40.7000	-200.0000
15.2991	40.6500	-200.0000
15.3000	40.6489	-200.0000
15.3400	40.6000	-200.0000
15.3500	40.5871	-200.0000
15.3778	40.5500	-200.0000
15.4000	40.5190	-200.0000
15.4132	40.5000	-200.0000
15.4466	40.4500	-200.0000
15.4500	40.4447	-200.0000
15.4779	40.4000	-200.0000
15.5000	40.3633	-200.0000
15.5078	40.3500	-200.0000
15.5355	40.3000	-200.0000
15.5500	40.2721	-200.0000
15.5610	40.2500	-200.0000
15.5835	40.2000	-200.0000
15.6000	40.1585	-200.0000
15.6032	40.1500	-200.0000
15.6187	40.1000	-200.0000
15.6310	40.0500	-200.0000
15.6400	40.0000	-200.0000
15.6457	39.9500	-200.0000
15.6483	39.9000	-200.0000
15.6479	39.8500	-200.0000
15.6450	39.8000	-200.0000
15.6396	39.7500	-200.0000
15.6322	39.7000	-200.0000
15.6230	39.6500	-200.0000
15.6119	39.6000	-200.0000
15.6000	39.5528	-200.0000
15.5992	39.5500	-200.0000
15.5842	39.5000	-200.0000
15.5676	39.4500	-200.0000
15.5500	39.4015	-200.0000
15.5494	39.4000	-200.0000
15.5288	39.3500	-200.0000
15.5067	39.3000	-200.0000
15.5000	39.2859	-200.0000
15.4823	39.2500	-200.0000
15.4562	39.2000	-200.0000
15.4500	39.1888	-200.0000
15.4276	39.1500	-200.0000
15.4000	39.1049	-200.0000
15.3969	39.1000	-200.0000
15.3628	39.0500	-200.0000
15.3500	39.0324	-200.0000
15.3251	39.0000	-200.0000
15.3000	38.9697	-200.0000
15.2826	38.9500	-200.0000
15.2500	38.9160	-200.0000
15.2335	38.9000	-200.0000
15.2000	38.8701	-200.0000
15.1757	38.8500	-200.0000
15.1500	38.8305	-200.0000
15.1065	38.8000	-200.0000
15.1000	38.7958	-200.0000
15.0500	38.7656	-200.0000
15.0222	38.7500	-200.0000
15.0000	38.7383	-200.0000
14.9500	38.7134	-200.0000
14.9217	38.7000	-200.0000
14.9000	38.6903	-200.0000
14.8500	38.6689	-200.0000
14.8042	38.6500	-200.0000
14.8000	38.6484	-200.0000
14.7500	38.6294	-200.0000
14.7000	38.6112	-200.0000
14.6683	38.6000	-200.0000
14.6500	38.5939	-200.0000
14.6000	38.5777	-200.0000
14.5500	38.5622	-200.0000
14.5091	38.5500	-200.0000
14.5000	38.5474	-200.0000
14.4500	38.5337	-200.0000
14.4000	38.5207	-200.0000
14.3500	38.5081	-200.0000
14.3164	38.5000	-200.0000
14.3000	38.4963	-200.0000
14.2500	38.4852	-200.0000
14.2000	38.4745	-200.0000
14.1500	38.4641	-200.0000
14.1000	38.4540	-200.0000
14.0805	38.4500	-200.0000
14.0500	38.4440	-200.0000
14.0000	38.4340	-200.0000
13.9500	38.4237	-200.0000
13.9000	38.4131	-200.0000
13.8500	38.4021	-200.0000
13.8409	38.4000	-200.0000
13.8000	38.3906	-200.0000
13.7500	38.3787	-200.0000
13.7000	38.3664	-200.0000
13.6500	38.3539	-200.0000
13.6343	38.3500	-200.0000
13.6000	38.3413	-200.0000
> -180 contour -Z-180
15.2602	40.8000	-180.0000
15.3000	40.7596	-180.0000
15.3092	40.7500	-180.0000
15.3500	40.7052	-180.0000
15.3546	40.7000	-180.0000
15.3964	40.6500	-180.0000
15.4000	40.6455	-180.0000
15.4352	40.6000	-180.0000
15.4500	40.5799	-180.0000
15.4715	40.5500	-180.0000
15.5000	40.5086	-180.0000
15.5058	40.5000	-180.0000
15.5381	40.4500	-180.0000
15.5500	40.4308	-180.0000
15.5686	40.4000	-180.0000
15.5974	40.3500	-180.0000
15.6000	40.3452	-180.0000
15.6235	40.3000	-180.0000
15.6473	40.2500	-180.0000
15.6500	40.2437	-180.0000
15.6676	40.2000	-180.0000
15.6848	40.1500	-180.0000
15.6990	40.1000	-180.0000
15.7000	40.0953	-180.0000
15.7094	40.0500	-180.0000
15.7169	40.0000	-180.0000
15.7215	39.9500	-180.0000
15.7236	39.9000	-180.0000
15.7233	39.8500	-180.0000
15.7210	39.8000	-180.0000
15.7167	39.7500	-180.0000
15.7107	39.7000	-180.0000
15.7030	39.6500	-180.0000
15.7000	39.6333	-180.0000
15.6936	39.6000	-180.0000
15.6825	39.5500	-180.0000
15.6698	39.5000	-180.0000
15.6554	39.4500	-180.0000
15.6500	39.4332	-180.0000
15.6389	39.4000	-180.0000
15.6205	39.3500	-180.0000
15.6001	39.3000	-180.0000
15.6000	39.2997	-180.0000
15.5774	39.2500	-180.0000
15.5528	39.2000	-180.0000
15.5500	39.1948	-180.0000
15.5258	39.1500	-180.0000
15.5000	39.1054	-180.0000
15.4968	39.1000	-180.0000
15.4652	39.0500	-180.0000
15.4500	39.0274	-180.0000
15.4309	39.0000	-180.0000
15.4000	38.9585	-180.0000
15.3934	38.9500	-180.0000
15.3514	38.9000	-180.0000
15.3500	38.8985	-180.0000
15.3033	38.8500	-180.0000
15.3000	38.8469	-180.0000
15.2500	38.8023	-180.0000
15.2472	38.8000	-180.0000
15.2000	38.7640	-180.0000
15.1801	38.7500	-180.0000
15.1500	38.7303	-180.0000
15.1000	38.7001	-180.0000
15.0999	38.7000	-180.0000
15.0500	38.6734	-180.0000
15.0028	38.6500	-180.0000
15.0000	38.6487	-180.0000
14.9500	38.6262	-180.0000
14.9000	38.6050	-180.0000
14.8876	38.6000	-180.0000
14.8500	38.5854	-180.0000
14.8000	38.5670	-180.0000
14.7514	38.5500	-180.0000
14.7500	38.5495	-180.0000
14.7000	38.5335	-180.0000
14.6500	38.5184	-180.0000
14.6000	38.5041	-180.0000
14.5851	38.5000	-180.0000
14.5500	38.4908	-180.0000
14.5000	38.4783	-180.0000
14.4500	38.4664	-180.0000
14.4000	38.4550	-180.0000
14.3773	38.4500	-180.0000
14.3500	38.4442	-180.0000
14.3000	38.4340	-180.0000
14.2500	38.4241	-180.0000
14.2000	38.4146	-180.0000
14.1500	38.4051	-180.0000
14.1231	38.4000	-180.0000
14.1000	38.3957	-180.0000
14.0500	38.3862	-180.0000
14.0000	38.3764	-180.0000
13.9500	38.3662	-180.0000
13.9000	38.3554	-180.0000
13.8765	38.3500	-180.0000
13.8500	38.3439	-180.0000
13.8000	38.3317	-180.0000
13.7500	38.3189	-180.0000
13.7000	38.3057	-180.0000
13.6790	38.3000	-180.0000
13.6500	38.2919	-180.0000
13.6000	38.2779	-180.0000
> -160 contour -Z-160
15.4487	40.7000	-160.0000
15.4500	40.6984	-160.0000
15.4885	40.6500	-160.0000
15.5000	40.6347	-160.0000
15.5258	40.6000	-160.0000
15.5500	40.5657	-160.0000
15.5609	40.5500	-160.0000
15.5940	40.5000	-160.0000
15.6000	40.4906	-160.0000
15.6252	40.4500	-160.0000
15.6500	40.4079	-160.0000
15.6545	40.4000	-160.0000
15.6814	40.3500	-160.0000
15.7000	40.3122	-160.0000
15.7058	40.3000	-160.0000
15.7270	40.2500	-160.0000
15.7454	40.2000	-160.0000
15.7500	40.1851	-160.0000
15.7604	40.1500	-160.0000
15.7724	40.1000	-160.0000
15.7815	40.0500	-160.0000
15.7880	40.0000	-160.0000
15.7921	39.9500	-160.0000
15.7940	39.9000	-160.0000
15.7939	39.8500	-160.0000
15.7921	39.8000	-160.0000
15.7887	39.7500	-160.0000
15.7838	39.7000	-160.0000
15.7776	39.6500	-160.0000
15.7701	39.6000	-160.0000
15.7611	39.5500	-160.0000
15.7506	39.5000	-160.0000
15.7500	39.4976	-160.0000
15.7382	39.4500	-160.0000
15.7240	39.4000	-160.0000
15.7077	39.3500	-160.0000
15.7000	39.3289	-160.0000
15.6891	39.3000	-160.0000
15.6682	39.2500	-160.0000
15.6500	39.2107	-160.0000
15.6449	39.2000	-160.0000
15.6194	39.1500	-160.0000
15.6000	39.1149	-160.0000
15.5916	39.1000	-160.0000
15.5617	39.0500	-160.0000
15.5500	39.0317	-160.0000
15.5295	39.0000	-160.0000
15.5000	38.9575	-160.0000
15.4947	38.9500	-160.0000
15.4568	38.9000	-160.0000
15.4500	38.8917	-160.0000
15.4146	38.8500	-160.0000
15.4000	38.8340	-160.0000
15.3670	38.8000	-160.0000
15.3500	38.7837	-160.0000
15.3120	38.7500	-160.0000
15.3000	38.7401	-160.0000
15.2500	38.7020	-160.0000
15.2471	38.7000	-160.0000
15.2000	38.6689	-160.0000
15.1689	38.6500	-160.0000
15.1500	38.6391	-160.0000
15.1000	38.6124	-160.0000
15.0752	38.6000	-160.0000
15.0500	38.5879	-160.0000
15.0000	38.5652	-160.0000
14.9642	38.5500	-160.0000
14.9500	38.5441	-160.0000
14.9000	38.5246	-160.0000
14.8500	38.5063	-160.0000
14.8318	38.5000	-160.0000
14.8000	38.4893	-160.0000
14.7500	38.4737	-160.0000
14.7000	38.4592	-160.0000
14.6659	38.4500	-160.0000
14.6500	38.4458	-160.0000
14.6000	38.4335	-160.0000
14.5500	38.4219	-160.0000
14.5000	38.4111	-160.0000
14.4500	38.4009	-160.0000
14.4456	38.4000	-160.0000
14.4000	38.3911	-160.0000
14.3500	38.3818	-160.0000
14.3000	38.3728	-160.0000
14.2500	38.3640	-160.0000
14.2000	38.3554	-160.0000
14.1689	38.3500	-160.0000
14.1500	38.3467	-160.0000
14.1000	38.3378	-160.0000
14.0500	38.3286	-160.0000
14.0000	38.3188	-160.0000
13.9500	38.3085	-160.0000
13.9120	38.3000	-160.0000
13.9000	38.2973	-160.0000
13.8500	38.2850	-160.0000
13.8000	38.2720	-160.0000
13.7500	38.2581	-160.0000
13.7217	38.2500	-160.0000
13.7000	38.2435	-160.0000
13.6500	38.2282	-160.0000
> -140 contour -Z-140
15.5783	40.6500	-140.0000
15.6000	40.6200	-140.0000
15.6143	40.6000	-140.0000
15.6482	40.5500	-140.0000
15.6500	40.5472	-140.0000
15.6801	40.5000	-140.0000
15.7000	40.4669	-140.0000
15.7099	40.4500	-140.0000
15.7374	40.4000	-140.0000
15.7500	40.3750	-140.0000
15.7622	40.3500	-140.0000
15.7842	40.3000	-140.0000
15.8000	40.2589	-140.0000
15.8033	40.2500	-140.0000
15.8193	40.2000	-140.0000
15.8324	40.1500	-140.0000
15.8428	40.1000	-140.0000
15.8500	40.0542	-140.0000
15.8507	40.0500	-140.0000
15.8562	40.0000	-140.0000
15.8598	39.9500	-140.0000
15.8616	39.9000	-140.0000
15.8618	39.8500	-140.0000
15.8607	39.8000	-140.0000
15.8584	39.7500	-140.0000
15.8549	39.7000	-140.0000
15.8504	39.6500	-140.0000
15.8500	39.6463	-140.0000
15.8448	39.6000	-140.0000
15.8380	39.5500	-140.0000
15.8299	39.5000	-140.0000
15.8201	39.4500	-140.0000
15.8084	39.4000	-140.0000
15.8000	39.3693	-140.0000
15.7946	39.3500	-140.0000
15.7784	39.3000	-140.0000
15.7595	39.2500	-140.0000
15.7500	39.2278	-140.0000
15.7380	39.2000	-140.0000
15.7138	39.1500	-140.0000
15.7000	39.1242	-140.0000
15.6871	39.1000	-140.0000
15.6582	39.0500	-140.0000
15.6500	39.0368	-140.0000
15.6272	39.0000	-140.0000
15.6000	38.9591	-140.0000
15.5939	38.9500	-140.0000
15.5585	38.9000	-140.0000
15.5500	38.8888	-140.0000
15.5201	38.8500	-140.0000
15.5000	38.8257	-140.0000
15.4779	38.8000	-140.0000
15.4500	38.7699	-140.0000
15.4304	38.7500	-140.0000
15.4000	38.7212	-140.0000
15.3760	38.7000	-140.0000
15.3500	38.6787	-140.0000
15.3120	38.6500	-140.0000
15.3000	38.6415	-140.0000
15.2500	38.6087	-140.0000
15.2356	38.6000	-140.0000
15.2000	38.5794	-140.0000
15.1500	38.5527	-140.0000
15.1446	38.5500	-140.0000
15.1000	38.5283	-140.0000
15.0500	38.5055	-140.0000
15.0371	38.5000	-140.0000
15.0000	38.4843	-140.0000
14.9500	38.4645	-140.0000
14.9108	38.4500	-140.0000
14.9000	38.4460	-140.0000
14.8500	38.4290	-140.0000
14.8000	38.4133	-140.0000
14.7532	38.4000	-140.0000
14.7500	38.3991	-140.0000
14.7000	38.3860	-140.0000
14.6500	38.3742	-140.0000
14.6000	38.3634	-140.0000
14.5500	38.3535	-140.0000
14.5313	38.3500	-140.0000
14.5000	38.3441	-140.0000
14.4500	38.3353	-140.0000
14.4000	38.3269	-140.0000
14.3500	38.3188	-140.0000
14.3000	38.3110	-140.0000
14.2500	38.3033	-140.0000
14.2289	38.3000	-140.0000
14.2000	38.2954	-140.0000
14.1500	38.2872	-140.0000
14.1000	38.2787	-140.0000
14.0500	38.2697	-140.0000
14.0000	38.2600	-140.0000
13.9529	38.2500	-140.0000
13.9500	38.2494	-140.0000
13.9000	38.2373	-140.0000
13.8500	38.2242	-140.0000
13.8000	38.2102	-140.0000
13.7660	38.2000	-140.0000
13.7500	38.1949	-140.0000
13.7000	38.1785	-140.0000
13.6500	38.1617	-140.0000
> -120 contour -Z-120
15.7029	40.6000	-120.0000
15.7356	40.5500	-120.0000
15.7500	40.5264	-120.0000
15.7659	40.5000	-120.0000
15.7939	40.4500	-120.0000
15.8000	40.4382	-120.0000
15.8193	40.4000	-120.0000
15.8418	40.3500	-120.0000
15.8500	40.3295	-120.0000
15.8615	40.3000	-120.0000
15.8783	40.2500	-120.0000
15.8921	40.2000	-120.0000
15.9000	40.1654	-120.0000
15.9034	40.1500	-120.0000
15.9124	40.1000	-120.0000
15.9192	40.0500	-120.0000
15.9240	40.0000	-120.0000
15.9273	39.9500	-120.0000
15.9291	39.9000	-120.0000
15.9298	39.8500	-120.0000
15.9295	39.8000	-120.0000
15.9284	39.7500	-120.0000
15.9265	39.7000	-120.0000
15.9238	39.6500	-120.0000
15.9204	39.6000	-120.0000
15.9161	39.5500	-120.0000
15.9107	39.5000	-120.0000
15.9038	39.4500	-120.0000
15.9000	39.4272	-120.0000
15.8954	39.4000	-120.0000
15.8849	39.3500	-120.0000
15.8718	39.3000	-120.0000
15.8557	39.2500	-120.0000
15.8500	39.2350	-120.0000
15.8367	39.2000	-120.0000
15.8145	39.1500	-120.0000
15.8000	39.1216	-120.0000
15.7891	39.1000	-120.0000
15.7611	39.0500	-120.0000
15.7500	39.0319	-120.0000
15.7308	39.0000	-120.0000
15.7000	38.9529	-120.0000
15.6981	38.9500	-120.0000
15.6640	38.9000	-120.0000
15.6500	38.8808	-120.0000
15.6276	38.8500	-120.0000
15.6000	38.8146	-120.0000
15.5885	38.8000	-120.0000
15.5500	38.7547	-120.0000
15.5458	38.7500	-120.0000
15.5000	38.7016	-120.0000
15.4984	38.7000	-120.0000
15.4500	38.6550	-120.0000
15.4443	38.6500	-120.0000
15.4000	38.6142	-120.0000
15.3809	38.6000	-120.0000
15.3500	38.5783	-120.0000
15.3058	38.5500	-120.0000
15.3000	38.5465	-120.0000
15.2500	38.5178	-120.0000
15.2163	38.5000	-120.0000
15.2000	38.4916	-120.0000
15.1500	38.4674	-120.0000
15.1117	38.4500	-120.0000
15.1000	38.4447	-120.0000
15.0500	38.4233	-120.0000
15.0000	38.4033	-120.0000
14.9913	38.4000	-120.0000
14.9500	38.3843	-120.0000
14.9000	38.3669	-120.0000
14.8500	38.3510	-120.0000
14.8466	38.3500	-120.0000
14.8000	38.3363	-120.0000
14.7500	38.3232	-120.0000
14.7000	38.3116	-120.0000
14.6500	38.3013	-120.0000
14.6432	38.3000	-120.0000
14.6000	38.2917	-120.0000
14.5500	38.2830	-120.0000
14.5000	38.2749	-120.0000
14.4500	38.2674	-120.0000
14.4000	38.2603	-120.0000
14.3500	38.2535	-120.0000
14.3239	38.2500	-120.0000
14.3000	38.2467	-120.0000
14.2500	38.2396	-120.0000
14.2000	38.2324	-120.0000
14.1500	38.2249	-120.0000
14.1000	38.2169	-120.0000
14.0500	38.2081	-120.0000
14.0086	38.2000	-120.0000
14.0000	38.1982	-120.0000
13.9500	38.1867	-120.0000
13.9000	38.1741	-120.0000
13.8500	38.1601	-120.0000
13.8166	38.1500	-120.0000
13.8000	38.1446	-120.0000
13.7500	38.1275	-120.0000
13.7000	38.1096	-120.0000
13.6737	38.1000	-120.0000
13.6500	38.0907	-120.0000
> -100 contour -Z-100
15.8251	40.5500	-100.0000
15.8500	40.5063	-100.0000
15.8535	40.5000	-100.0000
15.8796	40.4500	-100.0000
15.9000	40.4055	-100.0000
15.9025	40.4000	-100.0000
15.9229	40.3500	-100.0000
15.9401	40.3000	-100.0000
15.9500	40.2658	-100.0000
15.9546	40.2500	-100.0000
15.9667	40.2000	-100.0000
15.9764	40.1500	-100.0000
15.9839	40.1000	-100.0000
15.9896	40.0500	-100.0000
15.9938	40.0000	-100.0000
15.9968	39.9500	-100.0000
15.9988	39.9000	-100.0000
16.0000	39.8521	-100.0000
16.0001	39.8500	-100.0000
16.0007	39.8000	-100.0000
16.0010	39.7500	-100.0000
16.0008	39.7000	-100.0000
16.0003	39.6500	-100.0000
16.0000	39.6320	-100.0000
15.9995	39.6000	-100.0000
15.9981	39.5500	-100.0000
15.9961	39.5000	-100.0000
15.9932	39.4500	-100.0000
15.9888	39.4000	-100.0000
15.9825	39.3500	-100.0000
15.9738	39.3000	-100.0000
15.9621	39.2500	-100.0000
15.9500	39.2105	-100.0000
15.9468	39.2000	-100.0000
15.9283	39.1500	-100.0000
15.9053	39.1000	-100.0000
15.9000	39.0899	-100.0000
15.8793	39.0500	-100.0000
15.8500	39.0011	-100.0000
15.8493	39.0000	-100.0000
15.8177	38.9500	-100.0000
15.8000	38.9244	-100.0000
15.7836	38.9000	-100.0000
15.7500	38.8539	-100.0000
15.7473	38.8500	-100.0000
15.7097	38.8000	-100.0000
15.7000	38.7879	-100.0000
15.6698	38.7500	-100.0000
15.6500	38.7271	-100.0000
15.6264	38.7000	-100.0000
15.6000	38.6720	-100.0000
15.5785	38.6500	-100.0000
15.5500	38.6231	-100.0000
15.5243	38.6000	-100.0000
15.5000	38.5799	-100.0000
15.4613	38.5500	-100.0000
15.4500	38.5418	-100.0000
15.4000	38.5081	-100.0000
15.3870	38.5000	-100.0000
15.3500	38.4778	-100.0000
15.3000	38.4506	-100.0000
15.2988	38.4500	-100.0000
15.2500	38.4251	-100.0000
15.2000	38.4017	-100.0000
15.1962	38.4000	-100.0000
15.1500	38.3791	-100.0000
15.1000	38.3579	-100.0000
15.0804	38.3500	-100.0000
15.0500	38.3375	-100.0000
15.0000	38.3182	-100.0000
14.9500	38.3006	-100.0000
14.9483	38.3000	-100.0000
14.9000	38.2836	-100.0000
14.8500	38.2686	-100.0000
14.8000	38.2553	-100.0000
14.7775	38.2500	-100.0000
14.7500	38.2433	-100.0000
14.7000	38.2326	-100.0000
14.6500	38.2233	-100.0000
14.6000	38.2151	-100.0000
14.5500	38.2077	-100.0000
14.5000	38.2011	-100.0000
14.4913	38.2000	-100.0000
14.4500	38.1945	-100.0000
14.4000	38.1883	-100.0000
14.3500	38.1823	-100.0000
14.3000	38.1764	-100.0000
14.2500	38.1704	-100.0000
14.2000	38.1642	-100.0000
14.1500	38.1575	-100.0000
14.1000	38.1501	-100.0000
14.0995	38.1500	-100.0000
14.0500	38.1409	-100.0000
14.0000	38.1306	-100.0000
13.9500	38.1188	-100.0000
13.9000	38.1056	-100.0000
13.8811	38.1000	-100.0000
13.8500	38.0901	-100.0000
13.8000	38.0728	-100.0000
13.7500	38.0543	-100.0000
13.7388	38.0500	-100.0000
13.7000	38.0339	-100.0000
13.6500	38.0129	-100.0000
> -80 contour -Z-80
15.9462	40.5000	-80.0000
15.9500	40.4920	-80.0000
15.9701	40.4500	-80.0000
15.9907	40.4000	-80.0000
16.0000	40.3737	-80.0000
16.0085	40.3500	-80.0000
16.0237	40.3000	-80.0000
16.0361	40.2500	-80.0000
16.0460	40.2000	-80.0000
16.0500	40.1748	-80.0000
16.0541	40.1500	-80.0000
16.0607	40.1000	-80.0000
16.0658	40.0500	-80.0000
16.0696	40.0000	-80.0000
16.0727	39.9500	-80.0000
16.0751	39.9000	-80.0000
16.0771	39.8500	-80.0000
16.0790	39.8000	-80.0000
16.0809	39.7500	-80.0000
16.0828	39.7000	-80.0000
16.0849	39.6500	-80.0000
16.0871	39.6000	-80.0000
16.0893	39.5500	-80.0000
16.0914	39.5000	-80.0000
16.0929	39.4500	-80.0000
16.0937	39.4000	-80.0000
16.0931	39.3500	-80.0000
16.0906	39.3000	-80.0000
16.0855	39.2500	-80.0000
16.0772	39.2000	-80.0000
16.0648	39.1500	-80.0000
16.0500	39.1065	-80.0000
16.0478	39.1000	-80.0000
16.0269	39.0500	-80.0000
16.0003	39.0000	-80.0000
16.0000	38.9994	-80.0000
15.9707	38.9500	-80.0000
15.9500	38.9196	-80.0000
15.9370	38.9000	-80.0000
15.9001	38.8500	-80.0000
15.9000	38.8499	-80.0000
15.8624	38.8000	-80.0000
15.8500	38.7849	-80.0000
15.8224	38.7500	-80.0000
15.8000	38.7238	-80.0000
15.7800	38.7000	-80.0000
15.7500	38.6670	-80.0000
15.7347	38.6500	-80.0000
15.7000	38.6148	-80.0000
15.6852	38.6000	-80.0000
15.6500	38.5677	-80.0000
15.6300	38.5500	-80.0000
15.6000	38.5255	-80.0000
15.5669	38.5000	-80.0000
15.5500	38.4879	-80.0000
15.5000	38.4544	-80.0000
15.4931	38.4500	-80.0000
15.4500	38.4239	-80.0000
15.4062	38.4000	-80.0000
15.4000	38.3967	-80.0000
15.3500	38.3711	-80.0000
15.3049	38.3500	-80.0000
15.3000	38.3477	-80.0000
15.2500	38.3248	-80.0000
15.2000	38.3035	-80.0000
15.1915	38.3000	-80.0000
15.1500	38.2822	-80.0000
15.1000	38.2621	-80.0000
15.0682	38.2500	-80.0000
15.0500	38.2427	-80.0000
15.0000	38.2240	-80.0000
14.9500	38.2071	-80.0000
14.9270	38.2000	-80.0000
14.9000	38.1912	-80.0000
14.8500	38.1769	-80.0000
14.8000	38.1645	-80.0000
14.7500	38.1540	-80.0000
14.7281	38.1500	-80.0000
14.7000	38.1445	-80.0000
14.6500	38.1360	-80.0000
14.6000	38.1286	-80.0000
14.5500	38.1221	-80.0000
14.5000	38.1163	-80.0000
14.4500	38.1111	-80.0000
14.4000	38.1062	-80.0000
14.3500	38.1017	-80.0000
14.3317	38.1000	-80.0000
14.3000	38.0968	-80.0000
14.2500	38.0917	-80.0000
14.2000	38.0862	-80.0000
14.1500	38.0801	-80.0000
14.1000	38.0730	-80.0000
14.0500	38.0645	-80.0000
14.0000	38.0546	-80.0000
13.9806	38.0500	-80.0000
13.9500	38.0421	-80.0000
13.9000	38.0273	-80.0000
13.8500	38.0107	-80.0000
13.8206	38.0000	-80.0000
13.8000	37.9918	-80.0000
13.7500	37.9707	-80.0000
13.7027	37.9500	-80.0000
13.7000	37.9487	-80.0000
13.6500	37.9247	-80.0000
> -60 contour -Z-60
16.0711	40.4500	-60.0000
16.0893	40.4000	-60.0000
16.1000	40.3647	-60.0000
16.1047	40.3500	-60.0000
16.1179	40.3000	-60.0000
16.1285	40.2500	-60.0000
16.1368	40.2000	-60.0000
16.1432	40.1500	-60.0000
16.1483	40.1000	-60.0000
16.1500	40.0791	-60.0000
16.1526	40.0500	-60.0000
16.1564	40.0000	-60.0000
16.1597	39.9500	-60.0000
16.1629	39.9000	-60.0000
16.1661	39.8500	-60.0000
16.1698	39.8000	-60.0000
16.1739	39.7500	-60.0000
16.1787	39.7000	-60.0000
16.1842	39.6500	-60.0000
16.1904	39.6000	-60.0000
16.1972	39.5500	-60.0000
16.2000	39.5302	-60.0000
16.2050	39.5000	-60.0000
16.2133	39.4500	-60.0000
16.2214	39.4000	-60.0000
16.2288	39.3500	-60.0000
16.2351	39.3000	-60.0000
16.2396	39.2500	-60.0000
16.2418	39.2000	-60.0000
16.2409	39.1500	-60.0000
16.2362	39.1000	-60.0000
16.2271	39.0500	-60.0000
16.2128	39.0000	-60.0000
16.2000	38.9669	-60.0000
16.1933	38.9500	-60.0000
16.1690	38.9000	-60.0000
16.1500	38.8676	-60.0000
16.1394	38.8500	-60.0000
16.1051	38.8000	-60.0000
16.1000	38.7931	-60.0000
16.0671	38.7500	-60.0000
16.0500	38.7296	-60.0000
16.0249	38.7000	-60.0000
16.0000	38.6732	-60.0000
15.9784	38.6500	-60.0000
15.9500	38.6222	-60.0000
15.9273	38.6000	-60.0000
15.9000	38.5758	-60.0000
15.8709	38.5500	-60.0000
15.8500	38.5334	-60.0000
15.8079	38.5000	-60.0000
15.8000	38.4943	-60.0000
15.7500	38.4580	-60.0000
15.7388	38.4500	-60.0000
15.7000	38.4243	-60.0000
15.6613	38.4000	-60.0000
15.6500	38.3933	-60.0000
15.6000	38.3642	-60.0000
15.5737	38.3500	-60.0000
15.5500	38.3375	-60.0000
15.5000	38.3126	-60.0000
15.4729	38.3000	-60.0000
15.4500	38.2893	-60.0000
15.4000	38.2671	-60.0000
15.3586	38.2500	-60.0000
15.3500	38.2463	-60.0000
15.3000	38.2251	-60.0000
15.2500	38.2053	-60.0000
15.2364	38.2000	-60.0000
15.2000	38.1848	-60.0000
15.1500	38.1649	-60.0000
15.1102	38.1500	-60.0000
15.1000	38.1458	-60.0000
15.0500	38.1265	-60.0000
15.0000	38.1092	-60.0000
14.9706	38.1000	-60.0000
14.9500	38.0930	-60.0000
14.9000	38.0779	-60.0000
14.8500	38.0652	-60.0000
14.8000	38.0544	-60.0000
14.7758	38.0500	-60.0000
14.7500	38.0448	-60.0000
14.7000	38.0360	-60.0000
14.6500	38.0286	-60.0000
14.6000	38.0223	-60.0000
14.5500	38.0167	-60.0000
14.5000	38.0119	-60.0000
14.4500	38.0077	-60.0000
14.4000	38.0040	-60.0000
14.3500	38.0008	-60.0000
14.3363	38.0000	-60.0000
14.3000	37.9975	-60.0000
14.2500	37.9941	-60.0000
14.2000	37.9903	-60.0000
14.1500	37.9856	-60.0000
14.1000	37.9796	-60.0000
14.0500	37.9718	-60.0000
14.0000	37.9619	-60.0000
13.9505	37.9500	-60.0000
13.9500	37.9499	-60.0000
13.9000	37.9337	-60.0000
13.8500	37.9154	-60.0000
13.8119	37.9000	-60.0000
13.8000	37.8948	-60.0000
13.7500	37.8711	-60.0000
13.7064	37.8500	-60.0000
13.7000	37.8466	-60.0000
13.6500	37.8201	-60.0000
13.6110	37.8000	-60.0000
13.6000	37.7939	-60.0000
> -40 contour -Z-40
16.2248	40.3500	-40.0000
16.2356	40.3000	-40.0000
16.2441	40.2500	-40.0000
16.2500	40.2046	-40.0000
16.2507	40.2000	-40.0000
16.2567	40.1500	-40.0000
16.2615	40.1000	-40.0000
16.2656	40.0500	-40.0000
16.2694	40.0000	-40.0000
16.2733	39.9500	-40.0000
16.2778	39.9000	-40.0000
16.2829	39.8500	-40.0000
16.2891	39.8000	-40.0000
16.2965	39.7500	-40.0000
16.3000	39.7297	-40.0000
16.3062	39.7000	-40.0000
16.3181	39.6500	-40.0000
16.3315	39.6000	-40.0000
16.3461	39.5500	-40.0000
16.3500	39.5376	-40.0000
16.3641	39.5000	-40.0000
16.3837	39.4500	-40.0000
16.4000	39.4089	-40.0000
16.4043	39.4000	-40.0000
16.4277	39.3500	-40.0000
16.4500	39.3004	-40.0000
16.4502	39.3000	-40.0000
16.4746	39.2500	-40.0000
16.4961	39.2000	-40.0000
16.5000	39.1889	-40.0000
16.5159	39.1500	-40.0000
16.5311	39.1000	-40.0000
16.5411	39.0500	-40.0000
16.5456	39.0000	-40.0000
16.5449	38.9500	-40.0000
16.5395	38.9000	-40.0000
16.5301	38.8500	-40.0000
16.5178	38.8000	-40.0000
16.5033	38.7500	-40.0000
16.5000	38.7393	-40.0000
16.4878	38.7000	-40.0000
16.4716	38.6500	-40.0000
16.4545	38.6000	-40.0000
16.4500	38.5868	-40.0000
16.4366	38.5500	-40.0000
16.4165	38.5000	-40.0000
16.4000	38.4645	-40.0000
16.3925	38.4500	-40.0000
16.3611	38.4000	-40.0000
16.3500	38.3857	-40.0000
16.3159	38.3500	-40.0000
16.3000	38.3365	-40.0000
16.2500	38.3043	-40.0000
16.2410	38.3000	-40.0000
16.2000	38.2828	-40.0000
16.1500	38.2680	-40.0000
16.1000	38.2577	-40.0000
16.0505	38.2500	-40.0000
16.0500	38.2499	-40.0000
16.0000	38.2429	-40.0000
15.9500	38.2355	-40.0000
15.9000	38.2270	-40.0000
15.8500	38.2170	-40.0000
15.8000	38.2055	-40.0000
15.7796	38.2000	-40.0000
15.7500	38.1918	-40.0000
15.7000	38.1766	-40.0000
15.6500	38.1612	-40.0000
15.6137	38.1500	-40.0000
15.6000	38.1455	-40.0000
15.5500	38.1283	-40.0000
15.5000	38.1120	-40.0000
15.4620	38.1000	-40.0000
15.4500	38.0958	-40.0000
15.4000	38.0778	-40.0000
15.3500	38.0606	-40.0000
15.3189	38.0500	-40.0000
15.3000	38.0427	-40.0000
15.2500	38.0234	-40.0000
15.2000	38.0052	-40.0000
15.1853	38.0000	-40.0000
15.1500	37.9859	-40.0000
15.1000	37.9676	-40.0000
15.0500	37.9516	-40.0000
15.0446	37.9500	-40.0000
15.0000	37.9354	-40.0000
14.9500	37.9217	-40.0000
14.9000	37.9105	-40.0000
14.8500	37.9013	-40.0000
14.8421	37.9000	-40.0000
14.8000	37.8924	-40.0000
14.7500	37.8848	-40.0000
14.7000	37.8783	-40.0000
14.6500	37.8726	-40.0000
14.6000	37.8676	-40.0000
14.5500	37.8632	-40.0000
14.5000	37.8595	-40.0000
14.4500	37.8568	-40.0000
14.4000	37.8550	-40.0000
14.3500	37.8543	-40.0000
14.3000	37.8544	-40.0000
14.2500	37.8549	-40.0000
14.2000	37.8552	-40.0000
14.1500	37.8545	-40.0000
14.1000	37.8520	-40.0000
14.0801	37.8500	-40.0000
14.0500	37.8466	-40.0000
14.0000	37.8376	-40.0000
13.9500	37.8252	-40.0000
13.9000	37.8096	-40.0000
13.8743	37.8000	-40.0000
13.8500	37.7900	-40.0000
13.8000	37.7668	-40.0000
13.7659	37.7500	-40.0000
13.7500	37.7415	-40.0000
13.7000	37.7136	-40.0000
13.6754	37.7000	-40.0000
13.6500	37.6848	-40.0000
13.6000	37.6559	-40.0000
13.5895	37.6500	-40.0000
13.5500	37.6263	-40.0000
13.5030	37.6000	-40.0000
13.5000	37.5982	-40.0000
> -20 contour -Z-20
16.4245	40.3000	-20.0000
16.4334	40.2500	-20.0000
16.4406	40.2000	-20.0000
16.4467	40.1500	-20.0000
16.4500	40.1197	-20.0000
16.4527	40.1000	-20.0000
16.4596	40.0500	-20.0000
16.4669	40.0000	-20.0000
16.4755	39.9500	-20.0000
16.4856	39.9000	-20.0000
16.4977	39.8500	-20.0000
16.5000	39.8420	-20.0000
16.5154	39.8000	-20.0000
16.5365	39.7500	-20.0000
16.5500	39.7219	-20.0000
16.5630	39.7000	-20.0000
16.5955	39.6500	-20.0000
16.6000	39.6438	-20.0000
16.6365	39.6000	-20.0000
16.6500	39.5848	-20.0000
16.6843	39.5500	-20.0000
16.7000	39.5346	-20.0000
16.7371	39.5000	-20.0000
16.7500	39.4881	-20.0000
16.7913	39.4500	-20.0000
16.8000	39.4418	-20.0000
16.8430	39.4000	-20.0000
16.8500	39.3928	-20.0000
16.8902	39.3500	-20.0000
16.9000	39.3386	-20.0000
16.9325	39.3000	-20.0000
16.9500	39.2765	-20.0000
16.9700	39.2500	-20.0000
17.0000	39.2045	-20.0000
17.0031	39.2000	-20.0000
17.0334	39.1500	-20.0000
17.0500	39.1184	-20.0000
17.0605	39.1000	-20.0000
17.0854	39.0500	-20.0000
17.1000	39.0168	-20.0000
17.1083	39.0000	-20.0000
17.1299	38.9500	-20.0000
17.1493	38.9000	-20.0000
17.1500	38.8979	-20.0000
17.1682	38.8500	-20.0000
17.1852	38.8000	-20.0000
17.2000	38.7507	-20.0000
17.2002	38.7500	-20.0000
17.2141	38.7000	-20.0000
17.2260	38.6500	-20.0000
17.2358	38.6000	-20.0000
17.2438	38.5500	-20.0000
17.2499	38.5000	-20.0000
17.2500	38.4983	-20.0000
17.2543	38.4500	-20.0000
17.2570	38.4000	-20.0000
17.2579	38.3500	-20.0000
17.2569	38.3000	-20.0000
17.2540	38.2500	-20.0000
17.2500	38.2105	-20.0000
17.2490	38.2000	-20.0000
17.2421	38.1500	-20.0000
17.2327	38.1000	-20.0000
17.2207	38.0500	-20.0000
17.2056	38.0000	-20.0000
17.2000	37.9843	-20.0000
17.1878	37.9500	-20.0000
17.1664	37.9000	-20.0000
17.1500	37.8673	-20.0000
17.1412	37.8500	-20.0000
17.1117	37.8000	-20.0000
17.1000	37.7826	-20.0000
17.0771	37.7500	-20.0000
17.0500	37.7159	-20.0000
17.0364	37.7000	-20.0000
17.0000	37.6614	-20.0000
16.9882	37.6500	-20.0000
16.9500	37.6156	-20.0000
16.9305	37.6000	-20.0000
16.9000	37.5767	-20.0000
16.8602	37.5500	-20.0000
16.8500	37.5434	-20.0000
16.8000	37.5143	-20.0000
16.7719	37.5000	-20.0000
16.7500	37.4890	-20.0000
16.7000	37.4668	-20.0000
16.6561	37.4500	-20.0000
16.6500	37.4477	-20.0000
16.6000	37.4310	-20.0000
16.5500	37.4170	-20.0000
16.5000	37.4054	-20.0000
16.4704	37.4000	-20.0000
16.4500	37.3963	-20.0000
16.4000	37.3893	-20.0000
16.3500	37.3845	-20.0000
16.3000	37.3816	-20.0000
16.2500	37.3806	-20.0000
16.2000	37.3812	-20.0000
16.1500	37.3831	-20.0000
16.1000	37.3862	-20.0000
16.0500	37.3901	-20.0000
16.0000	37.3945	-20.0000
15.9500	37.3993	-20.0000
15.9434	37.4000	-20.0000
15.9000	37.4039	-20.0000
15.8500	37.4083	-20.0000
15.8000	37.4124	-20.0000
15.7500	37.4161	-20.0000
15.7000	37.4193	-20.0000
15.6500	37.4222	-20.0000
15.6000	37.4246	-20.0000
15.5500	37.4268	-20.0000
15.5000	37.4287	-20.0000
15.4500	37.4305	-20.0000
15.4000	37.4323	-20.0000
15.3500	37.4342	-20.0000
15.3000	37.4366	-20.0000
15.2500	37.4395	-20.0000
15.2000	37.4432	-20.0000
15.1500	37.4480	-20.0000
15.1337	37.4500	-20.0000
15.1000	37.4537	-20.0000
15.0500	37.4606	-20.0000
15.0000	37.4689	-20.0000
14.9500	37.4783	-20.0000
14.9000	37.4888	-20.0000
14.8500	37.4997	-20.0000
14.8489	37.5000	-20.0000
14.8000	37.5100	-20.0000
14.7500	37.5197	-20.0000
14.7000	37.5285	-20.0000
14.6500	37.5363	-20.0000
14.6000	37.5431	-20.0000
14.5500	37.5494	-20.0000
14.5449	37.5500	-20.0000
14.5000	37.5550	-20.0000
14.4500	37.5610	-20.0000
14.4000	37.5680	-20.0000
14.3500	37.5765	-20.0000
14.3000	37.5865	-20.0000
14.2500	37.5979	-20.0000
14.2411	37.6000	-20.0000
14.2000	37.6085	-20.0000
14.1500	37.6181	-20.0000
14.1000	37.6252	-20.0000
14.0500	37.6283	-20.0000
14.0000	37.6261	-20.0000
13.9500	37.6182	-20.0000
13.9000	37.6049	-20.0000
13.8869	37.6000	-20.0000
13.8500	37.5848	-20.0000
13.8000	37.5607	-20.0000
13.7801	37.5500	-20.0000
13.7500	37.5324	-20.0000
13.7000	37.5025	-20.0000
13.6959	37.5000	-20.0000
13.6500	37.4693	-20.0000
13.6199	37.4500	-20.0000
13.6000	37.4361	-20.0000
13.5500	37.4029	-20.0000
13.5455	37.4000	-20.0000
13.5000	37.3681	-20.0000
13.4723	37.3500	-20.0000
13.4500	37.3341	-20.0000
