> -180 contour -Z-180
296.9500	16.4009	-180.0000
296.9509	16.4000	-180.0000
297.0000	16.3550	-180.0000
297.0054	16.3500	-180.0000
> -160 contour -Z-160
291.5500	18.2193	-160.0000
291.6000	18.2149	-160.0000
291.6500	18.2100	-160.0000
291.7000	18.2047	-160.0000
291.7396	18.2000	-160.0000
> -160 contour -Z-160
291.9000	18.1775	-160.0000
291.9500	18.1691	-160.0000
292.0000	18.1598	-160.0000
292.0488	18.1500	-160.0000
> -160 contour -Z-160
292.1500	18.1273	-160.0000
292.2000	18.1149	-160.0000
292.2500	18.1015	-160.0000
292.2552	18.1000	-160.0000
292.3000	18.0874	-160.0000
292.3500	18.0726	-160.0000
292.4000	18.0569	-160.0000
292.4213	18.0500	-160.0000
292.4500	18.0406	-160.0000
292.5000	18.0238	-160.0000
292.5500	18.0065	-160.0000
292.5684	18.0000	-160.0000
> -160 contour -Z-160
295.1500	17.5727	-160.0000
295.2000	17.5602	-160.0000
295.2383	17.5500	-160.0000
295.2500	17.5469	-160.0000
295.3000	17.5331	-160.0000
295.3500	17.5186	-160.0000
295.4000	17.5037	-160.0000
295.4119	17.5000	-160.0000
295.4500	17.4882	-160.0000
295.5000	17.4724	-160.0000
295.5500	17.4561	-160.0000
295.5681	17.4500	-160.0000
295.6000	17.4393	-160.0000
295.6500	17.4222	-160.0000
295.7000	17.4046	-160.0000
295.7126	17.4000	-160.0000
295.7500	17.3865	-160.0000
295.8000	17.3678	-160.0000
295.8463	17.3500	-160.0000
295.8500	17.3486	-160.0000
295.9000	17.3286	-160.0000
295.9500	17.3079	-160.0000
295.9684	17.3000	-160.0000
296.0000	17.2863	-160.0000
296.0500	17.2637	-160.0000
296.0793	17.2500	-160.0000
296.1000	17.2401	-160.0000
296.1500	17.2154	-160.0000
296.1799	17.2000	-160.0000
296.2000	17.1894	-160.0000
296.2500	17.1621	-160.0000
296.2714	17.1500	-160.0000
296.3000	17.1334	-160.0000
296.3500	17.1034	-160.0000
296.3554	17.1000	-160.0000
296.4000	17.0716	-160.0000
296.4329	17.0500	-160.0000
296.4500	17.0384	-160.0000
296.5000	17.0036	-160.0000
296.5050	17.0000	-160.0000
296.5500	16.9670	-160.0000
296.5727	16.9500	-160.0000
296.6000	16.9289	-160.0000
296.6368	16.9000	-160.0000
296.6500	16.8893	-160.0000
296.6979	16.8500	-160.0000
296.7000	16.8482	-160.0000
296.7500	16.8058	-160.0000
296.7568	16.8000	-160.0000
296.8000	16.7623	-160.0000
296.8140	16.7500	-160.0000
296.8500	16.7179	-160.0000
296.8700	16.7000	-160.0000
296.9000	16.6728	-160.0000
296.9251	16.6500	-160.0000
296.9500	16.6273	-160.0000
296.9797	16.6000	-160.0000
297.0000	16.5814	-160.0000
297.0339	16.5500	-160.0000
297.0500	16.5351	-160.0000
297.0877	16.5000	-160.0000
297.1000	16.4885	-160.0000
297.1409	16.4500	-160.0000
297.1500	16.4414	-160.0000
297.1933	16.4000	-160.0000
297.2000	16.3936	-160.0000
297.2446	16.3500	-160.0000
297.2500	16.3447	-160.0000
297.2946	16.3000	-160.0000
297.3000	16.2945	-160.0000
297.3430	16.2500	-160.0000
297.3500	16.2426	-160.0000
297.3895	16.2000	-160.0000
297.4000	16.1885	-160.0000
297.4342	16.1500	-160.0000
297.4500	16.1317	-160.0000
297.4769	16.1000	-160.0000
297.5000	16.0720	-160.0000
297.5178	16.0500	-160.0000
297.5500	16.0090	-160.0000
297.5570	16.0000	-160.0000
297.5946	15.9500	-160.0000
297.6000	15.9426	-160.0000
297.6308	15.9000	-160.0000
297.6500	15.8727	-160.0000
297.6659	15.8500	-160.0000
297.6999	15.8000	-160.0000
297.7000	15.7999	-160.0000
297.7333	15.7500	-160.0000
297.7500	15.7243	-160.0000
297.7659	15.7000	-160.0000
297.7979	15.6500	-160.0000
297.8000	15.6467	-160.0000
297.8295	15.6000	-160.0000
297.8500	15.5668	-160.0000
297.8604	15.5500	-160.0000
297.8907	15.5000	-160.0000
297.9000	15.4841	-160.0000
297.9201	15.4500	-160.0000
297.9484	15.4000	-160.0000
297.9500	15.3970	-160.0000
297.9754	15.3500	-160.0000
298.0000	15.3016	-160.0000
298.0008	15.3000	-160.0000
298.0245	15.2500	-160.0000
298.0462	15.2000	-160.0000
298.0500	15.1902	-160.0000
298.0657	15.1500	-160.0000
298.0830	15.1000	-160.0000
298.0981	15.0500	-160.0000
298.1000	15.0425	-160.0000
298.1109	15.0000	-160.0000
298.1214	14.9500	-160.0000
298.1299	14.9000	-160.0000
298.1362	14.8500	-160.0000
298.1405	14.8000	-160.0000
298.1431	14.7500	-160.0000
298.1439	14.7000	-160.0000
298.1431	14.6500	-160.0000
298.1409	14.6000	-160.0000
298.1375	14.5500	-160.0000
298.1328	14.5000	-160.0000
298.1272	14.4500	-160.0000
298.1206	14.4000	-160.0000
298.1134	14.3500	-160.0000
298.1055	14.3000	-160.0000
298.1000	14.2669	-160.0000
298.0972	14.2500	-160.0000
298.0887	14.2000	-160.0000
298.0801	14.1500	-160.0000
298.0713	14.1000	-160.0000
298.0627	14.0500	-160.0000
298.0542	14.0000	-160.0000
298.0500	13.9741	-160.0000
298.0461	13.9500	-160.0000
298.0383	13.9000	-160.0000
298.0308	13.8500	-160.0000
298.0237	13.8000	-160.0000
298.0168	13.7500	-160.0000
298.0101	13.7000	-160.0000
298.0034	13.6500	-160.0000
298.0000	13.6247	-160.0000
297.9966	13.6000	-160.0000
297.9896	13.5500	-160.0000
297.9819	13.5000	-160.0000
297.9735	13.4500	-160.0000
297.9640	13.4000	-160.0000
297.9532	13.3500	-160.0000
> -140 contour -Z-140
290.7000	18.3123	-140.0000
290.7500	18.3195	-140.0000
290.8000	18.3256	-140.0000
290.8500	18.3307	-140.0000
290.9000	18.3347	-140.0000
290.9500	18.3378	-140.0000
291.0000	18.3400	-140.0000
291.0500	18.3413	-140.0000
291.1000	18.3420	-140.0000
291.1500	18.3420	-140.0000
291.2000	18.3415	-140.0000
291.2500	18.3404	-140.0000
291.3000	18.3388	-140.0000
291.3500	18.3368	-140.0000
291.4000	18.3344	-140.0000
291.4500	18.3317	-140.0000
291.5000	18.3285	-140.0000
291.5500	18.3249	-140.0000
291.6000	18.3209	-140.0000
291.6500	18.3165	-140.0000
291.7000	18.3115	-140.0000
291.7500	18.3060	-140.0000
291.7995	18.3000	-140.0000
291.8000	18.2999	-140.0000
291.8500	18.2933	-140.0000
291.9000	18.2860	-140.0000
291.9500	18.2780	-140.0000
292.0000	18.2693	-140.0000
292.0500	18.2597	-140.0000
292.0972	18.2500	-140.0000
292.1000	18.2494	-140.0000
292.1500	18.2385	-140.0000
292.2000	18.2268	-140.0000
292.2500	18.2143	-140.0000
292.3000	18.2010	-140.0000
292.3036	18.2000	-140.0000
292.3500	18.1872	-140.0000
292.4000	18.1728	-140.0000
292.4500	18.1577	-140.0000
292.4749	18.1500	-140.0000
292.5000	18.1422	-140.0000
292.5500	18.1265	-140.0000
292.6000	18.1103	-140.0000
292.6316	18.1000	-140.0000
292.6500	18.0940	-140.0000
292.7000	18.0778	-140.0000
292.7500	18.0617	-140.0000
292.7869	18.0500	-140.0000
292.8000	18.0459	-140.0000
292.8500	18.0306	-140.0000
292.9000	18.0159	-140.0000
292.9500	18.0018	-140.0000
292.9568	18.0000	-140.0000
> -140 contour -Z-140
293.4500	17.9140	-140.0000
293.5000	17.9096	-140.0000
293.5500	17.9056	-140.0000
293.6000	17.9018	-140.0000
293.6256	17.9000	-140.0000
> -140 contour -Z-140
293.8500	17.8835	-140.0000
293.9000	17.8794	-140.0000
293.9500	17.8752	-140.0000
294.0000	17.8708	-140.0000
294.0500	17.8663	-140.0000
294.1000	17.8617	-140.0000
294.1500	17.8570	-140.0000
294.2000	17.8524	-140.0000
294.2262	17.8500	-140.0000
294.2500	17.8479	-140.0000
294.3000	17.8434	-140.0000
294.3500	17.8391	-140.0000
294.4000	17.8347	-140.0000
294.4500	17.8304	-140.0000
294.5000	17.8260	-140.0000
294.5500	17.8216	-140.0000
294.6000	17.8170	-140.0000
294.6500	17.8121	-140.0000
294.7000	17.8068	-140.0000
294.7500	17.8011	-140.0000
294.7592	17.8000	-140.0000
294.8000	17.7950	-140.0000
294.8500	17.7883	-140.0000
294.9000	17.7810	-140.0000
294.9500	17.7728	-140.0000
295.0000	17.7640	-140.0000
295.0500	17.7542	-140.0000
295.0701	17.7500	-140.0000
295.1000	17.7438	-140.0000
295.1500	17.7326	-140.0000
295.2000	17.7206	-140.0000
295.2500	17.7077	-140.0000
295.2785	17.7000	-140.0000
295.3000	17.6942	-140.0000
295.3500	17.6802	-140.0000
295.4000	17.6655	-140.0000
295.4500	17.6501	-140.0000
295.4504	17.6500	-140.0000
295.5000	17.6345	-140.0000
295.5500	17.6183	-140.0000
295.6000	17.6016	-140.0000
295.6046	17.6000	-140.0000
295.6500	17.5846	-140.0000
295.7000	17.5672	-140.0000
295.7479	17.5500	-140.0000
295.7500	17.5493	-140.0000
295.8000	17.5310	-140.0000
295.8500	17.5122	-140.0000
295.8813	17.5000	-140.0000
295.9000	17.4928	-140.0000
295.9500	17.4728	-140.0000
296.0000	17.4521	-140.0000
296.0048	17.4500	-140.0000
296.0500	17.4307	-140.0000
296.1000	17.4084	-140.0000
296.1181	17.4000	-140.0000
296.1500	17.3852	-140.0000
296.2000	17.3610	-140.0000
296.2220	17.3500	-140.0000
296.2500	17.3359	-140.0000
296.3000	17.3097	-140.0000
296.3178	17.3000	-140.0000
296.3500	17.2823	-140.0000
296.4000	17.2539	-140.0000
296.4066	17.2500	-140.0000
296.4500	17.2242	-140.0000
296.4893	17.2000	-140.0000
296.5000	17.1933	-140.0000
296.5500	17.1612	-140.0000
296.5669	17.1500	-140.0000
296.6000	17.1277	-140.0000
296.6401	17.1000	-140.0000
296.6500	17.0930	-140.0000
296.7000	17.0569	-140.0000
296.7094	17.0500	-140.0000
296.7500	17.0194	-140.0000
296.7754	17.0000	-140.0000
296.8000	16.9806	-140.0000
296.8384	16.9500	-140.0000
296.8500	16.9406	-140.0000
296.8990	16.9000	-140.0000
296.9000	16.8992	-140.0000
296.9500	16.8566	-140.0000
296.9576	16.8500	-140.0000
297.0000	16.8129	-140.0000
297.0146	16.8000	-140.0000
297.0500	16.7682	-140.0000
297.0702	16.7500	-140.0000
297.1000	16.7227	-140.0000
297.1246	16.7000	-140.0000
297.1500	16.6764	-140.0000
297.1781	16.6500	-140.0000
297.2000	16.6294	-140.0000
297.2308	16.6000	-140.0000
297.2500	16.5816	-140.0000
297.2826	16.5500	-140.0000
297.3000	16.5330	-140.0000
297.3334	16.5000	-140.0000
297.3500	16.4835	-140.0000
297.3831	16.4500	-140.0000
297.4000	16.4328	-140.0000
297.4316	16.4000	-140.0000
297.4500	16.3806	-140.0000
297.4786	16.3500	-140.0000
297.5000	16.3267	-140.0000
297.5242	16.3000	-140.0000
297.5500	16.2708	-140.0000
297.5681	16.2500	-140.0000
297.6000	16.2126	-140.0000
297.6106	16.2000	-140.0000
297.6500	16.1518	-140.0000
297.6515	16.1500	-140.0000
297.6910	16.1000	-140.0000
297.7000	16.0883	-140.0000
297.7293	16.0500	-140.0000
297.7500	16.0223	-140.0000
297.7665	16.0000	-140.0000
297.8000	15.9538	-140.0000
297.8028	15.9500	-140.0000
297.8384	15.9000	-140.0000
297.8500	15.8833	-140.0000
297.8734	15.8500	-140.0000
297.9000	15.8113	-140.0000
297.9078	15.8000	-140.0000
297.9419	15.7500	-140.0000
297.9500	15.7379	-140.0000
297.9756	15.7000	-140.0000
298.0000	15.6631	-140.0000
298.0087	15.6500	-140.0000
298.0413	15.6000	-140.0000
298.0500	15.5863	-140.0000
298.0731	15.5500	-140.0000
298.1000	15.5062	-140.0000
298.1038	15.5000	-140.0000
298.1333	15.4500	-140.0000
298.1500	15.4200	-140.0000
298.1611	15.4000	-140.0000
298.1872	15.3500	-140.0000
298.2000	15.3236	-140.0000
298.2114	15.3000	-140.0000
298.2334	15.2500	-140.0000
298.2500	15.2080	-140.0000
298.2531	15.2000	-140.0000
298.2707	15.1500	-140.0000
298.2860	15.1000	-140.0000
298.2990	15.0500	-140.0000
298.3000	15.0453	-140.0000
298.3099	15.0000	-140.0000
298.3187	14.9500	-140.0000
298.3254	14.9000	-140.0000
298.3303	14.8500	-140.0000
298.3334	14.8000	-140.0000
298.3348	14.7500	-140.0000
298.3346	14.7000	-140.0000
298.3329	14.6500	-140.0000
298.3299	14.6000	-140.0000
298.3257	14.5500	-140.0000
298.3204	14.5000	-140.0000
298.3141	14.4500	-140.0000
298.3070	14.4000	-140.0000
298.3000	14.3554	-140.0000
298.2992	14.3500	-140.0000
298.2909	14.3000	-140.0000
298.2822	14.2500	-140.0000
298.2732	14.2000	-140.0000
298.2641	14.1500	-140.0000
298.2549	14.1000	-140.0000
298.2500	14.0728	-140.0000
298.2460	14.0500	-140.0000
298.2373	14.0000	-140.0000
298.2290	13.9500	-140.0000
298.2212	13.9000	-140.0000
298.2137	13.8500	-140.0000
298.2068	13.8000	-140.0000
298.2003	13.7500	-140.0000
298.2000	13.7477	-140.0000
298.1942	13.7000	-140.0000
298.1885	13.6500	-140.0000
298.1828	13.6000	-140.0000
298.1771	13.5500	-140.0000
298.1710	13.5000	-140.0000
298.1645	13.4500	-140.0000
298.1572	13.4000	-140.0000
298.1500	13.3568	-140.0000
298.1489	13.3500	-140.0000
298.1393	13.3000	-140.0000
298.1282	13.2500	-140.0000
298.1153	13.2000	-140.0000
298.1004	13.1500	-140.0000
298.1000	13.1488	-140.0000
298.0834	13.1000	-140.0000
298.0642	13.0500	-140.0000
298.0500	13.0166	-140.0000
298.0428	13.0000	-140.0000
298.0192	12.9500	-140.0000
298.0000	12.9124	-140.0000
297.9936	12.9000	-140.0000
297.9662	12.8500	-140.0000
297.9500	12.8220	-140.0000
297.9372	12.8000	-140.0000
297.9071	12.7500	-140.0000
297.9000	12.7385	-140.0000
297.8763	12.7000	-140.0000
297.8500	12.6582	-140.0000
297.8449	12.6500	-140.0000
297.8135	12.6000	-140.0000
297.8000	12.5788	-140.0000
297.7820	12.5500	-140.0000
297.7507	12.5000	-140.0000
297.7500	12.4990	-140.0000
297.7198	12.4500	-140.0000
297.7000	12.4180	-140.0000
297.6891	12.4000	-140.0000
297.6587	12.3500	-140.0000
297.6500	12.3357	-140.0000
297.6286	12.3000	-140.0000
297.6000	12.2524	-140.0000
297.5986	12.2500	-140.0000
297.5690	12.2000	-140.0000
297.5500	12.1681	-140.0000
297.5393	12.1500	-140.0000
297.5098	12.1000	-140.0000
297.5000	12.0834	-140.0000
297.4804	12.0500	-140.0000
297.4510	12.0000	-140.0000
297.4500	11.9983	-140.0000
297.4217	11.9500	-140.0000
297.4000	11.9130	-140.0000
297.3924	11.9000	-140.0000
297.3631	11.8500	-140.0000
297.3500	11.8274	-140.0000
297.3339	11.8000	-140.0000
297.3048	11.7500	-140.0000
297.3000	11.7416	-140.0000
297.2758	11.7000	-140.0000
297.2500	11.6553	-140.0000
297.2469	11.6500	-140.0000
297.2182	11.6000	-140.0000
297.2000	11.5681	-140.0000
297.1896	11.5500	-140.0000
297.1614	11.5000	-140.0000
297.1500	11.4797	-140.0000
297.1334	11.4500	-140.0000
297.1057	11.4000	-140.0000
297.1000	11.3895	-140.0000
297.0784	11.3500	-140.0000
297.0515	11.3000	-140.0000
297.0500	11.2972	-140.0000
297.0249	11.2500	-140.0000
297.0000	11.2026	-140.0000
296.9986	11.2000	-140.0000
296.9727	11.1500	-140.0000
296.9500	11.1061	-140.0000
296.9468	11.1000	-140.0000
296.9211	11.0500	-140.0000
296.9000	11.0092	-140.0000
296.8952	11.0000	-140.0000
296.8693	10.9500	-140.0000
296.8500	10.9133	-140.0000
296.8429	10.9000	-140.0000
296.8161	10.8500	-140.0000
296.8000	10.8203	-140.0000
296.7888	10.8000	-140.0000
296.7607	10.7500	-140.0000
296.7500	10.7310	-140.0000
296.7319	10.7000	-140.0000
296.7023	10.6500	-140.0000
296.7000	10.6460	-140.0000
296.6717	10.6000	-140.0000
296.6500	10.5648	-140.0000
> -120 contour -Z-120
289.7500	18.2166	-120.0000
289.8000	18.2259	-120.0000
289.8500	18.2355	-120.0000
289.9000	18.2454	-120.0000
289.9222	18.2500	-120.0000
289.9500	18.2558	-120.0000
290.0000	18.2668	-120.0000
290.0500	18.2782	-120.0000
290.1000	18.2901	-120.0000
290.1405	18.3000	-120.0000
290.1500	18.3023	-120.0000
290.2000	18.3149	-120.0000
290.2500	18.3276	-120.0000
290.3000	18.3401	-120.0000
290.3401	18.3500	-120.0000
290.3500	18.3525	-120.0000
290.4000	18.3645	-120.0000
290.4500	18.3760	-120.0000
290.5000	18.3868	-120.0000
290.5500	18.3967	-120.0000
290.5680	18.4000	-120.0000
290.6000	18.4059	-120.0000
290.6500	18.4142	-120.0000
290.7000	18.4215	-120.0000
290.7500	18.4278	-120.0000
290.8000	18.4331	-120.0000
290.8500	18.4375	-120.0000
290.9000	18.4410	-120.0000
290.9500	18.4437	-120.0000
291.0000	18.4456	-120.0000
291.0500	18.4469	-120.0000
291.1000	18.4475	-120.0000
291.1500	18.4476	-120.0000
291.2000	18.4472	-120.0000
291.2500	18.4463	-120.0000
291.3000	18.4451	-120.0000
291.3500	18.4435	-120.0000
291.4000	18.4415	-120.0000
291.4500	18.4392	-120.0000
291.5000	18.4366	-120.0000
291.5500	18.4336	-120.0000
291.6000	18.4302	-120.0000
291.6500	18.4263	-120.0000
291.7000	18.4220	-120.0000
291.7500	18.4172	-120.0000
291.8000	18.4118	-120.0000
291.8500	18.4057	-120.0000
291.8926	18.4000	-120.0000
291.9000	18.3990	-120.0000
291.9500	18.3918	-120.0000
292.0000	18.3839	-120.0000
292.0500	18.3752	-120.0000
292.1000	18.3658	-120.0000
292.1500	18.3557	-120.0000
292.1762	18.3500	-120.0000
292.2000	18.3449	-120.0000
292.2500	18.3336	-120.0000
292.3000	18.3216	-120.0000
292.3500	18.3089	-120.0000
292.3835	18.3000	-120.0000
292.4000	18.2957	-120.0000
292.4500	18.2822	-120.0000
292.5000	18.2682	-120.0000
292.5500	18.2538	-120.0000
292.5631	18.2500	-120.0000
292.6000	18.2394	-120.0000
292.6500	18.2249	-120.0000
292.7000	18.2104	-120.0000
292.7359	18.2000	-120.0000
292.7500	18.1960	-120.0000
292.8000	18.1821	-120.0000
292.8500	18.1686	-120.0000
292.9000	18.1556	-120.0000
292.9226	18.1500	-120.0000
292.9500	18.1434	-120.0000
293.0000	18.1321	-120.0000
293.0500	18.1216	-120.0000
293.1000	18.1120	-120.0000
293.1500	18.1033	-120.0000
293.1715	18.1000	-120.0000
293.2000	18.0957	-120.0000
293.2500	18.0891	-120.0000
293.3000	18.0833	-120.0000
293.3500	18.0783	-120.0000
293.4000	18.0740	-120.0000
293.4500	18.0702	-120.0000
293.5000	18.0669	-120.0000
293.5500	18.0638	-120.0000
293.6000	18.0609	-120.0000
293.6500	18.0580	-120.0000
293.7000	18.0551	-120.0000
293.7500	18.0520	-120.0000
293.7804	18.0500	-120.0000
293.8000	18.0487	-120.0000
293.8500	18.0453	-120.0000
293.9000	18.0415	-120.0000
293.9500	18.0375	-120.0000
294.0000	18.0333	-120.0000
294.0500	18.0289	-120.0000
294.1000	18.0243	-120.0000
294.1500	18.0197	-120.0000
294.2000	18.0150	-120.0000
294.2500	18.0104	-120.0000
294.3000	18.0058	-120.0000
294.3500	18.0012	-120.0000
294.3639	18.0000	-120.0000
294.4000	17.9969	-120.0000
294.4500	17.9926	-120.0000
294.5000	17.9884	-120.0000
294.5500	17.9841	-120.0000
294.6000	17.9798	-120.0000
294.6500	17.9752	-120.0000
294.7000	17.9704	-120.0000
294.7500	17.9652	-120.0000
294.8000	17.9595	-120.0000
294.8500	17.9533	-120.0000
294.8744	17.9500	-120.0000
294.9000	17.9466	-120.0000
294.9500	17.9392	-120.0000
295.0000	17.9311	-120.0000
295.0500	17.9221	-120.0000
295.1000	17.9123	-120.0000
295.1500	17.9016	-120.0000
295.1569	17.9000	-120.0000
295.2000	17.8902	-120.0000
295.2500	17.8781	-120.0000
295.3000	17.8650	-120.0000
295.3500	17.8511	-120.0000
295.3539	17.8500	-120.0000
295.4000	17.8368	-120.0000
295.4500	17.8218	-120.0000
295.5000	17.8060	-120.0000
295.5183	17.8000	-120.0000
295.5500	17.7898	-120.0000
295.6000	17.7732	-120.0000
295.6500	17.7560	-120.0000
295.6669	17.7500	-120.0000
295.7000	17.7385	-120.0000
295.7500	17.7206	-120.0000
295.8000	17.7020	-120.0000
295.8053	17.7000	-120.0000
295.8500	17.6833	-120.0000
295.9000	17.6640	-120.0000
295.9349	17.6500	-120.0000
295.9500	17.6440	-120.0000
296.0000	17.6237	-120.0000
296.0500	17.6026	-120.0000
296.0558	17.6000	-120.0000
296.1000	17.5810	-120.0000
296.1500	17.5585	-120.0000
296.1682	17.5500	-120.0000
296.2000	17.5353	-120.0000
296.2500	17.5114	-120.0000
296.2729	17.5000	-120.0000
296.3000	17.4866	-120.0000
296.3500	17.4610	-120.0000
296.3707	17.4500	-120.0000
296.4000	17.4345	-120.0000
296.4500	17.4072	-120.0000
296.4628	17.4000	-120.0000
296.5000	17.3790	-120.0000
296.5499	17.3500	-120.0000
296.5500	17.3499	-120.0000
296.6000	17.3201	-120.0000
296.6327	17.3000	-120.0000
296.6500	17.2892	-120.0000
296.7000	17.2575	-120.0000
296.7116	17.2500	-120.0000
296.7500	17.2248	-120.0000
296.7869	17.2000	-120.0000
296.8000	17.1910	-120.0000
296.8500	17.1562	-120.0000
296.8587	17.1500	-120.0000
296.9000	17.1201	-120.0000
296.9273	17.1000	-120.0000
296.9500	17.0828	-120.0000
296.9927	17.0500	-120.0000
297.0000	17.0442	-120.0000
297.0500	17.0042	-120.0000
297.0552	17.0000	-120.0000
297.1000	16.9628	-120.0000
297.1152	16.9500	-120.0000
297.1500	16.9200	-120.0000
297.1729	16.9000	-120.0000
297.2000	16.8758	-120.0000
297.2285	16.8500	-120.0000
297.2500	16.8303	-120.0000
297.2825	16.8000	-120.0000
297.3000	16.7835	-120.0000
297.3350	16.7500	-120.0000
297.3500	16.7355	-120.0000
297.3862	16.7000	-120.0000
297.4000	16.6864	-120.0000
297.4363	16.6500	-120.0000
297.4500	16.6362	-120.0000
297.4853	16.6000	-120.0000
297.5000	16.5849	-120.0000
297.5332	16.5500	-120.0000
297.5500	16.5323	-120.0000
297.5800	16.5000	-120.0000
297.6000	16.4782	-120.0000
297.6255	16.4500	-120.0000
297.6500	16.4226	-120.0000
297.6698	16.4000	-120.0000
297.7000	16.3651	-120.0000
297.7129	16.3500	-120.0000
297.7500	16.3058	-120.0000
297.7548	16.3000	-120.0000
297.7955	16.2500	-120.0000
297.8000	16.2444	-120.0000
297.8353	16.2000	-120.0000
297.8500	16.1810	-120.0000
297.8741	16.1500	-120.0000
297.9000	16.1159	-120.0000
297.9120	16.1000	-120.0000
297.9493	16.0500	-120.0000
297.9500	16.0491	-120.0000
297.9862	16.0000	-120.0000
298.0000	15.9810	-120.0000
298.0227	15.9500	-120.0000
298.0500	15.9121	-120.0000
298.0587	15.9000	-120.0000
298.0945	15.8500	-120.0000
298.1000	15.8422	-120.0000
298.1300	15.8000	-120.0000
298.1500	15.7713	-120.0000
298.1649	15.7500	-120.0000
298.1992	15.7000	-120.0000
298.2000	15.6989	-120.0000
298.2329	15.6500	-120.0000
298.2500	15.6236	-120.0000
298.2653	15.6000	-120.0000
298.2965	15.5500	-120.0000
298.3000	15.5442	-120.0000
298.3262	15.5000	-120.0000
298.3500	15.4574	-120.0000
298.3541	15.4500	-120.0000
298.3801	15.4000	-120.0000
298.4000	15.3585	-120.0000
298.4040	15.3500	-120.0000
298.4259	15.3000	-120.0000
298.4456	15.2500	-120.0000
298.4500	15.2375	-120.0000
298.4632	15.2000	-120.0000
298.4786	15.1500	-120.0000
298.4920	15.1000	-120.0000
298.5000	15.0650	-120.0000
298.5034	15.0500	-120.0000
298.5129	15.0000	-120.0000
298.5205	14.9500	-120.0000
298.5263	14.9000	-120.0000
298.5304	14.8500	-120.0000
298.5330	14.8000	-120.0000
298.5340	14.7500	-120.0000
298.5335	14.7000	-120.0000
298.5317	14.6500	-120.0000
298.5287	14.6000	-120.0000
298.5245	14.5500	-120.0000
298.5193	14.5000	-120.0000
298.5130	14.4500	-120.0000
298.5060	14.4000	-120.0000
298.5000	14.3619	-120.0000
298.4982	14.3500	-120.0000
298.4899	14.3000	-120.0000
298.4811	14.2500	-120.0000
298.4720	14.2000	-120.0000
298.4626	14.1500	-120.0000
298.4532	14.1000	-120.0000
298.4500	14.0830	-120.0000
298.4439	14.0500	-120.0000
298.4350	14.0000	-120.0000
298.4263	13.9500	-120.0000
298.4180	13.9000	-120.0000
298.4102	13.8500	-120.0000
298.4029	13.8000	-120.0000
298.4000	13.7782	-120.0000
298.3963	13.7500	-120.0000
298.3902	13.7000	-120.0000
298.3845	13.6500	-120.0000
298.3791	13.6000	-120.0000
298.3738	13.5500	-120.0000
298.3685	13.5000	-120.0000
298.3629	13.4500	-120.0000
298.3568	13.4000	-120.0000
298.3500	13.3500	-120.0000
298.3500	13.3500	-120.0000
298.3423	13.3000	-120.0000
298.3334	13.2500	-120.0000
298.3231	13.2000	-120.0000
298.3111	13.1500	-120.0000
298.3000	13.1097	-120.0000
298.2973	13.1000	-120.0000
298.2816	13.0500	-120.0000
298.2637	13.0000	-120.0000
298.2500	12.9657	-120.0000
298.2437	12.9500	-120.0000
298.2215	12.9000	-120.0000
298.2000	12.8559	-120.0000
298.1971	12.8500	-120.0000
298.1707	12.8000	-120.0000
298.1500	12.7632	-120.0000
298.1425	12.7500	-120.0000
298.1126	12.7000	-120.0000
298.1000	12.6797	-120.0000
298.0814	12.6500	-120.0000
298.0500	12.6014	-120.0000
298.0491	12.6000	-120.0000
298.0162	12.5500	-120.0000
298.0000	12.5258	-120.0000
297.9829	12.5000	-120.0000
297.9500	12.4511	-120.0000
297.9493	12.4500	-120.0000
297.9160	12.4000	-120.0000
297.9000	12.3762	-120.0000
297.8828	12.3500	-120.0000
297.8500	12.3004	-120.0000
297.8497	12.3000	-120.0000
297.8174	12.2500	-120.0000
297.8000	12.2232	-120.0000
297.7853	12.2000	-120.0000
297.7535	12.1500	-120.0000
297.7500	12.1445	-120.0000
297.7224	12.1000	-120.0000
297.7000	12.0639	-120.0000
297.6915	12.0500	-120.0000
297.6612	12.0000	-120.0000
297.6500	11.9816	-120.0000
297.6312	11.9500	-120.0000
297.6015	11.9000	-120.0000
297.6000	11.8975	-120.0000
297.5724	11.8500	-120.0000
297.5500	11.8114	-120.0000
297.5434	11.8000	-120.0000
297.5149	11.7500	-120.0000
297.5000	11.7237	-120.0000
297.4867	11.7000	-120.0000
297.4587	11.6500	-120.0000
297.4500	11.6344	-120.0000
297.4310	11.6000	-120.0000
297.4035	11.5500	-120.0000
297.4000	11.5436	-120.0000
297.3763	11.5000	-120.0000
297.3500	11.4513	-120.0000
297.3493	11.4500	-120.0000
297.3226	11.4000	-120.0000
297.3000	11.3575	-120.0000
297.2960	11.3500	-120.0000
297.2699	11.3000	-120.0000
297.2500	11.2619	-120.0000
297.2438	11.2500	-120.0000
297.2181	11.2000	-120.0000
297.2000	11.1646	-120.0000
297.1926	11.1500	-120.0000
297.1674	11.1000	-120.0000
297.1500	11.0654	-120.0000
297.1423	11.0500	-120.0000
297.1175	11.0000	-120.0000
297.1000	10.9649	-120.0000
297.0926	10.9500	-120.0000
297.0680	10.9000	-120.0000
297.0500	10.8638	-120.0000
297.0432	10.8500	-120.0000
297.0185	10.8000	-120.0000
297.0000	10.7630	-120.0000
296.9935	10.7500	-120.0000
296.9686	10.7000	-120.0000
296.9500	10.6630	-120.0000
296.9435	10.6500	-120.0000
296.9183	10.6000	-120.0000
296.9000	10.5635	-120.0000
296.8931	10.5500	-120.0000
296.8680	10.5000	-120.0000
296.8500	10.4637	-120.0000
296.8430	10.4500	-120.0000
296.8184	10.4000	-120.0000
296.8000	10.3619	-120.0000
296.7941	10.3500	-120.0000
296.7704	10.3000	-120.0000
296.7500	10.2556	-120.0000
296.7473	10.2500	-120.0000
296.7249	10.2000	-120.0000
296.7035	10.1500	-120.0000
296.7000	10.1414	-120.0000
296.6827	10.1000	-120.0000
> -100 contour -Z-100
289.6500	18.3478	-100.0000
289.6656	18.3500	-100.0000
289.7000	18.3550	-100.0000
289.7500	18.3624	-100.0000
289.8000	18.3699	-100.0000
289.8500	18.3777	-100.0000
289.9000	18.3860	-100.0000
289.9500	18.3946	-100.0000
289.9794	18.4000	-100.0000
290.0000	18.4038	-100.0000
290.0500	18.4136	-100.0000
290.1000	18.4238	-100.0000
290.1500	18.4343	-100.0000
290.2000	18.4449	-100.0000
290.2235	18.4500	-100.0000
290.2500	18.4558	-100.0000
290.3000	18.4667	-100.0000
290.3500	18.4774	-100.0000
290.4000	18.4877	-100.0000
290.4500	18.4974	-100.0000
290.4639	18.5000	-100.0000
290.5000	18.5068	-100.0000
290.5500	18.5155	-100.0000
290.6000	18.5233	-100.0000
290.6500	18.5304	-100.0000
290.7000	18.5365	-100.0000
290.7500	18.5418	-100.0000
290.8000	18.5463	-100.0000
290.8500	18.5500	-100.0000
290.8506	18.5500	-100.0000
290.9000	18.5530	-100.0000
290.9500	18.5553	-100.0000
291.0000	18.5569	-100.0000
291.0500	18.5580	-100.0000
291.1000	18.5585	-100.0000
291.1500	18.5586	-100.0000
291.2000	18.5583	-100.0000
291.2500	18.5577	-100.0000
291.3000	18.5567	-100.0000
291.3500	18.5555	-100.0000
291.4000	18.5540	-100.0000
291.4500	18.5522	-100.0000
291.5000	18.5501	-100.0000
291.5022	18.5500	-100.0000
291.5500	18.5478	-100.0000
291.6000	18.5451	-100.0000
291.6500	18.5421	-100.0000
291.7000	18.5387	-100.0000
291.7500	18.5348	-100.0000
291.8000	18.5303	-100.0000
291.8500	18.5253	-100.0000
291.9000	18.5197	-100.0000
291.9500	18.5135	-100.0000
292.0000	18.5066	-100.0000
292.0432	18.5000	-100.0000
292.0500	18.4990	-100.0000
292.1000	18.4910	-100.0000
292.1500	18.4823	-100.0000
292.2000	18.4730	-100.0000
292.2500	18.4630	-100.0000
292.3000	18.4524	-100.0000
292.3108	18.4500	-100.0000
292.3500	18.4415	-100.0000
292.4000	18.4302	-100.0000
292.4500	18.4183	-100.0000
292.5000	18.4061	-100.0000
292.5245	18.4000	-100.0000
292.5500	18.3938	-100.0000
292.6000	18.3814	-100.0000
292.6500	18.3689	-100.0000
292.7000	18.3563	-100.0000
292.7254	18.3500	-100.0000
292.7500	18.3440	-100.0000
292.8000	18.3322	-100.0000
292.8500	18.3207	-100.0000
292.9000	18.3097	-100.0000
292.9461	18.3000	-100.0000
292.9500	18.2992	-100.0000
293.0000	18.2898	-100.0000
293.0500	18.2811	-100.0000
293.1000	18.2733	-100.0000
293.1500	18.2662	-100.0000
293.2000	18.2600	-100.0000
293.2500	18.2547	-100.0000
293.3000	18.2501	-100.0000
293.3016	18.2500	-100.0000
293.3500	18.2464	-100.0000
293.4000	18.2432	-100.0000
293.4500	18.2406	-100.0000
293.5000	18.2382	-100.0000
293.5500	18.2361	-100.0000
293.6000	18.2341	-100.0000
293.6500	18.2321	-100.0000
293.7000	18.2300	-100.0000
293.7500	18.2277	-100.0000
293.8000	18.2252	-100.0000
293.8500	18.2223	-100.0000
293.9000	18.2191	-100.0000
293.9500	18.2157	-100.0000
294.0000	18.2119	-100.0000
294.0500	18.2078	-100.0000
294.1000	18.2035	-100.0000
294.1400	18.2000	-100.0000
294.1500	18.1991	-100.0000
294.2000	18.1948	-100.0000
294.2500	18.1903	-100.0000
294.3000	18.1859	-100.0000
294.3500	18.1815	-100.0000
294.4000	18.1771	-100.0000
294.4500	18.1728	-100.0000
294.5000	18.1685	-100.0000
294.5500	18.1642	-100.0000
294.6000	18.1599	-100.0000
294.6500	18.1553	-100.0000
294.7000	18.1506	-100.0000
294.7062	18.1500	-100.0000
294.7500	18.1457	-100.0000
294.8000	18.1405	-100.0000
294.8500	18.1348	-100.0000
294.9000	18.1286	-100.0000
294.9500	18.1217	-100.0000
295.0000	18.1141	-100.0000
295.0500	18.1058	-100.0000
295.0815	18.1000	-100.0000
295.1000	18.0967	-100.0000
295.1500	18.0870	-100.0000
295.2000	18.0764	-100.0000
295.2500	18.0649	-100.0000
295.3000	18.0525	-100.0000
295.3094	18.0500	-100.0000
295.3500	18.0395	-100.0000
295.4000	18.0257	-100.0000
295.4500	18.0110	-100.0000
295.4857	18.0000	-100.0000
295.5000	17.9957	-100.0000
295.5500	17.9799	-100.0000
295.6000	17.9633	-100.0000
295.6383	17.9500	-100.0000
295.6500	17.9460	-100.0000
295.7000	17.9286	-100.0000
295.7500	17.9103	-100.0000
295.7774	17.9000	-100.0000
295.8000	17.8917	-100.0000
295.8500	17.8727	-100.0000
295.9000	17.8529	-100.0000
295.9072	17.8500	-100.0000
295.9500	17.8330	-100.0000
296.0000	17.8124	-100.0000
296.0290	17.8000	-100.0000
296.0500	17.7913	-100.0000
296.1000	17.7697	-100.0000
296.1437	17.7500	-100.0000
296.1500	17.7472	-100.0000
296.2000	17.7245	-100.0000
296.2500	17.7008	-100.0000
296.2516	17.7000	-100.0000
296.3000	17.6769	-100.0000
296.3500	17.6519	-100.0000
296.3537	17.6500	-100.0000
296.4000	17.6267	-100.0000
296.4500	17.6005	-100.0000
296.4509	17.6000	-100.0000
296.5000	17.5741	-100.0000
296.5441	17.5500	-100.0000
296.5500	17.5468	-100.0000
296.6000	17.5193	-100.0000
296.6340	17.5000	-100.0000
296.6500	17.4910	-100.0000
296.7000	17.4623	-100.0000
296.7210	17.4500	-100.0000
296.7500	17.4330	-100.0000
296.8000	17.4031	-100.0000
296.8051	17.4000	-100.0000
296.8500	17.3727	-100.0000
296.8864	17.3500	-100.0000
296.9000	17.3414	-100.0000
296.9500	17.3093	-100.0000
296.9643	17.3000	-100.0000
297.0000	17.2763	-100.0000
297.0386	17.2500	-100.0000
297.0500	17.2421	-100.0000
297.1000	17.2067	-100.0000
297.1092	17.2000	-100.0000
297.1500	17.1698	-100.0000
297.1761	17.1500	-100.0000
297.2000	17.1314	-100.0000
297.2392	17.1000	-100.0000
297.2500	17.0912	-100.0000
297.2991	17.0500	-100.0000
297.3000	17.0492	-100.0000
297.3500	17.0055	-100.0000
297.3561	17.0000	-100.0000
297.4000	16.9600	-100.0000
297.4107	16.9500	-100.0000
297.4500	16.9128	-100.0000
297.4632	16.9000	-100.0000
297.5000	16.8639	-100.0000
297.5139	16.8500	-100.0000
297.5500	16.8136	-100.0000
297.5632	16.8000	-100.0000
297.6000	16.7618	-100.0000
297.6112	16.7500	-100.0000
297.6500	16.7087	-100.0000
297.6580	16.7000	-100.0000
297.7000	16.6542	-100.0000
297.7038	16.6500	-100.0000
297.7485	16.6000	-100.0000
297.7500	16.5983	-100.0000
297.7923	16.5500	-100.0000
297.8000	16.5411	-100.0000
297.8352	16.5000	-100.0000
297.8500	16.4824	-100.0000
297.8771	16.4500	-100.0000
297.9000	16.4221	-100.0000
297.9181	16.4000	-100.0000
297.9500	16.3603	-100.0000
297.9582	16.3500	-100.0000
297.9977	16.3000	-100.0000
298.0000	16.2970	-100.0000
298.0367	16.2500	-100.0000
298.0500	16.2326	-100.0000
298.0751	16.2000	-100.0000
298.1000	16.1672	-100.0000
298.1131	16.1500	-100.0000
298.1500	16.1008	-100.0000
298.1506	16.1000	-100.0000
298.1881	16.0500	-100.0000
298.2000	16.0339	-100.0000
298.2253	16.0000	-100.0000
298.2500	15.9663	-100.0000
298.2620	15.9500	-100.0000
298.2984	15.9000	-100.0000
298.3000	15.8978	-100.0000
298.3344	15.8500	-100.0000
298.3500	15.8279	-100.0000
298.3697	15.8000	-100.0000
298.4000	15.7558	-100.0000
298.4040	15.7500	-100.0000
298.4373	15.7000	-100.0000
298.4500	15.6803	-100.0000
298.4693	15.6500	-100.0000
298.4997	15.6000	-100.0000
298.5000	15.5995	-100.0000
298.5286	15.5500	-100.0000
298.5500	15.5105	-100.0000
298.5556	15.5000	-100.0000
298.5809	15.4500	-100.0000
298.6000	15.4088	-100.0000
298.6041	15.4000	-100.0000
298.6255	15.3500	-100.0000
298.6448	15.3000	-100.0000
298.6500	15.2851	-100.0000
298.6623	15.2500	-100.0000
298.6780	15.2000	-100.0000
298.6917	15.1500	-100.0000
298.7000	15.1154	-100.0000
298.7037	15.1000	-100.0000
298.7141	15.0500	-100.0000
298.7229	15.0000	-100.0000
298.7299	14.9500	-100.0000
298.7355	14.9000	-100.0000
298.7396	14.8500	-100.0000
298.7422	14.8000	-100.0000
298.7435	14.7500	-100.0000
298.7435	14.7000	-100.0000
298.7423	14.6500	-100.0000
298.7400	14.6000	-100.0000
298.7366	14.5500	-100.0000
298.7321	14.5000	-100.0000
298.7267	14.4500	-100.0000
298.7205	14.4000	-100.0000
298.7135	14.3500	-100.0000
298.7059	14.3000	-100.0000
298.7000	14.2643	-100.0000
298.6977	14.2500	-100.0000
298.6893	14.2000	-100.0000
298.6805	14.1500	-100.0000
298.6715	14.1000	-100.0000
298.6624	14.0500	-100.0000
298.6534	14.0000	-100.0000
298.6500	13.9809	-100.0000
298.6447	13.9500	-100.0000
298.6363	13.9000	-100.0000
298.6283	13.8500	-100.0000
298.6208	13.8000	-100.0000
298.6137	13.7500	-100.0000
298.6070	13.7000	-100.0000
298.6008	13.6500	-100.0000
298.6000	13.6436	-100.0000
298.5950	13.6000	-100.0000
298.5896	13.5500	-100.0000
298.5841	13.5000	-100.0000
298.5786	13.4500	-100.0000
298.5728	13.4000	-100.0000
298.5665	13.3500	-100.0000
298.5594	13.3000	-100.0000
298.5514	13.2500	-100.0000
298.5500	13.2422	-100.0000
298.5425	13.2000	-100.0000
298.5323	13.1500	-100.0000
298.5206	13.1000	-100.0000
298.5072	13.0500	-100.0000
298.5000	13.0262	-100.0000
298.4921	13.0000	-100.0000
298.4753	12.9500	-100.0000
298.4565	12.9000	-100.0000
298.4500	12.8844	-100.0000
298.4358	12.8500	-100.0000
298.4131	12.8000	-100.0000
298.4000	12.7734	-100.0000
298.3884	12.7500	-100.0000
298.3619	12.7000	-100.0000
298.3500	12.6789	-100.0000
298.3336	12.6500	-100.0000
298.3036	12.6000	-100.0000
298.3000	12.5942	-100.0000
298.2723	12.5500	-100.0000
298.2500	12.5158	-100.0000
298.2397	12.5000	-100.0000
298.2061	12.4500	-100.0000
298.2000	12.4412	-100.0000
298.1718	12.4000	-100.0000
298.1500	12.3688	-100.0000
298.1370	12.3500	-100.0000
298.1018	12.3000	-100.0000
298.1000	12.2975	-100.0000
298.0668	12.2500	-100.0000
298.0500	12.2262	-100.0000
298.0318	12.2000	-100.0000
298.0000	12.1544	-100.0000
297.9970	12.1500	-100.0000
297.9629	12.1000	-100.0000
297.9500	12.0811	-100.0000
297.9293	12.0500	-100.0000
297.9000	12.0060	-100.0000
297.8961	12.0000	-100.0000
297.8639	11.9500	-100.0000
297.8500	11.9282	-100.0000
297.8324	11.9000	-100.0000
297.8014	11.8500	-100.0000
297.8000	11.8477	-100.0000
297.7716	11.8000	-100.0000
297.7500	11.7634	-100.0000
297.7422	11.7500	-100.0000
297.7138	11.7000	-100.0000
297.7000	11.6754	-100.0000
297.6860	11.6500	-100.0000
297.6588	11.6000	-100.0000
297.6500	11.5835	-100.0000
297.6323	11.5500	-100.0000
297.6063	11.5000	-100.0000
297.6000	11.4877	-100.0000
297.5809	11.4500	-100.0000
297.5557	11.4000	-100.0000
297.5500	11.3884	-100.0000
297.5312	11.3500	-100.0000
297.5067	11.3000	-100.0000
297.5000	11.2860	-100.0000
297.4828	11.2500	-100.0000
297.4589	11.2000	-100.0000
297.4500	11.1811	-100.0000
297.4354	11.1500	-100.0000
297.4120	11.1000	-100.0000
297.4000	11.0744	-100.0000
297.3887	11.0500	-100.0000
297.3655	11.0000	-100.0000
297.3500	10.9668	-100.0000
297.3423	10.9500	-100.0000
297.3192	10.9000	-100.0000
297.3000	10.8588	-100.0000
297.2959	10.8500	-100.0000
297.2730	10.8000	-100.0000
297.2500	10.7510	-100.0000
297.2495	10.7500	-100.0000
297.2267	10.7000	-100.0000
297.2034	10.6500	-100.0000
297.2000	10.6427	-100.0000
297.1806	10.6000	-100.0000
297.1578	10.5500	-100.0000
297.1500	10.5328	-100.0000
297.1355	10.5000	-100.0000
297.1136	10.4500	-100.0000
297.1000	10.4184	-100.0000
297.0923	10.4000	-100.0000
297.0719	10.3500	-100.0000
297.0522	10.3000	-100.0000
297.0500	10.2942	-100.0000
297.0338	10.2500	-100.0000
297.0164	10.2000	-100.0000
297.0000	10.1501	-100.0000
297.0000	10.1500	-100.0000
296.9850	10.1000	-100.0000
> -80 contour -Z-80
289.0500	18.4455	-80.0000
289.0883	18.4500	-80.0000
289.1000	18.4514	-80.0000
289.1500	18.4575	-80.0000
289.2000	18.4635	-80.0000
289.2500	18.4695	-80.0000
289.3000	18.4753	-80.0000
289.3500	18.4808	-80.0000
289.4000	18.4862	-80.0000
289.4500	18.4914	-80.0000
289.5000	18.4963	-80.0000
289.5379	18.5000	-80.0000
289.5500	18.5012	-80.0000
289.6000	18.5061	-80.0000
289.6500	18.5110	-80.0000
289.7000	18.5160	-80.0000
289.7500	18.5212	-80.0000
289.8000	18.5267	-80.0000
289.8500	18.5325	-80.0000
289.9000	18.5387	-80.0000
289.9500	18.5454	-80.0000
289.9820	18.5500	-80.0000
290.0000	18.5526	-80.0000
290.0500	18.5605	-80.0000
290.1000	18.5688	-80.0000
290.1500	18.5774	-80.0000
290.2000	18.5862	-80.0000
290.2500	18.5950	-80.0000
290.2781	18.6000	-80.0000
290.3000	18.6040	-80.0000
290.3500	18.6129	-80.0000
290.4000	18.6216	-80.0000
290.4500	18.6297	-80.0000
290.5000	18.6374	-80.0000
290.5500	18.6444	-80.0000
290.5946	18.6500	-80.0000
290.6000	18.6507	-80.0000
290.6500	18.6566	-80.0000
290.7000	18.6617	-80.0000
290.7500	18.6660	-80.0000
290.8000	18.6697	-80.0000
290.8500	18.6726	-80.0000
290.9000	18.6749	-80.0000
290.9500	18.6767	-80.0000
291.0000	18.6779	-80.0000
291.0500	18.6787	-80.0000
291.1000	18.6790	-80.0000
291.1500	18.6791	-80.0000
291.2000	18.6789	-80.0000
291.2500	18.6785	-80.0000
291.3000	18.6779	-80.0000
291.3500	18.6771	-80.0000
291.4000	18.6761	-80.0000
291.4500	18.6750	-80.0000
291.5000	18.6737	-80.0000
291.5500	18.6721	-80.0000
291.6000	18.6703	-80.0000
291.6500	18.6683	-80.0000
291.7000	18.6658	-80.0000
291.7500	18.6630	-80.0000
291.8000	18.6597	-80.0000
291.8500	18.6560	-80.0000
291.9000	18.6517	-80.0000
291.9175	18.6500	-80.0000
291.9500	18.6470	-80.0000
292.0000	18.6418	-80.0000
292.0500	18.6360	-80.0000
292.1000	18.6297	-80.0000
292.1500	18.6228	-80.0000
292.2000	18.6154	-80.0000
292.2500	18.6074	-80.0000
292.2933	18.6000	-80.0000
292.3000	18.5989	-80.0000
292.3500	18.5903	-80.0000
292.4000	18.5813	-80.0000
292.4500	18.5720	-80.0000
292.5000	18.5623	-80.0000
292.5500	18.5524	-80.0000
292.5620	18.5500	-80.0000
292.6000	18.5426	-80.0000
292.6500	18.5329	-80.0000
292.7000	18.5231	-80.0000
292.7500	18.5135	-80.0000
292.8000	18.5040	-80.0000
292.8222	18.5000	-80.0000
292.8500	18.4951	-80.0000
292.9000	18.4867	-80.0000
292.9500	18.4788	-80.0000
293.0000	18.4714	-80.0000
293.0500	18.4646	-80.0000
293.1000	18.4586	-80.0000
293.1500	18.4532	-80.0000
293.1843	18.4500	-80.0000
293.2000	18.4486	-80.0000
293.2500	18.4448	-80.0000
293.3000	18.4416	-80.0000
293.3500	18.4390	-80.0000
293.4000	18.4369	-80.0000
293.4500	18.4351	-80.0000
293.5000	18.4336	-80.0000
293.5500	18.4323	-80.0000
293.6000	18.4311	-80.0000
293.6500	18.4298	-80.0000
293.7000	18.4284	-80.0000
293.7500	18.4269	-80.0000
293.8000	18.4251	-80.0000
293.8500	18.4230	-80.0000
293.9000	18.4206	-80.0000
293.9500	18.4178	-80.0000
294.0000	18.4148	-80.0000
294.0500	18.4114	-80.0000
294.1000	18.4078	-80.0000
294.1500	18.4039	-80.0000
294.1979	18.4000	-80.0000
294.2000	18.3998	-80.0000
294.2500	18.3958	-80.0000
294.3000	18.3916	-80.0000
294.3500	18.3874	-80.0000
294.4000	18.3832	-80.0000
294.4500	18.3789	-80.0000
294.5000	18.3746	-80.0000
294.5500	18.3702	-80.0000
294.6000	18.3658	-80.0000
294.6500	18.3612	-80.0000
294.7000	18.3565	-80.0000
294.7500	18.3515	-80.0000
294.7647	18.3500	-80.0000
294.8000	18.3464	-80.0000
294.8500	18.3410	-80.0000
294.9000	18.3352	-80.0000
294.9500	18.3289	-80.0000
295.0000	18.3221	-80.0000
295.0500	18.3146	-80.0000
295.1000	18.3065	-80.0000
295.1366	18.3000	-80.0000
295.1500	18.2977	-80.0000
295.2000	18.2884	-80.0000
295.2500	18.2783	-80.0000
295.3000	18.2674	-80.0000
295.3500	18.2555	-80.0000
295.3719	18.2500	-80.0000
295.4000	18.2431	-80.0000
295.4500	18.2299	-80.0000
295.5000	18.2158	-80.0000
295.5500	18.2007	-80.0000
295.5523	18.2000	-80.0000
295.6000	18.1854	-80.0000
295.6500	18.1691	-80.0000
295.7000	18.1519	-80.0000
295.7052	18.1500	-80.0000
295.7500	18.1344	-80.0000
295.8000	18.1161	-80.0000
295.8419	18.1000	-80.0000
295.8500	18.0970	-80.0000
295.9000	18.0777	-80.0000
295.9500	18.0575	-80.0000
295.9678	18.0500	-80.0000
296.0000	18.0369	-80.0000
296.0500	18.0157	-80.0000
296.0855	18.0000	-80.0000
296.1000	17.9938	-80.0000
296.1500	17.9716	-80.0000
296.1965	17.9500	-80.0000
296.2000	17.9484	-80.0000
296.2500	17.9253	-80.0000
296.3000	17.9010	-80.0000
296.3020	17.9000	-80.0000
296.3500	17.8768	-80.0000
296.4000	17.8515	-80.0000
296.4029	17.8500	-80.0000
296.4500	17.8264	-80.0000
296.5000	17.8002	-80.0000
296.5004	17.8000	-80.0000
296.5500	17.7744	-80.0000
296.5955	17.7500	-80.0000
296.6000	17.7476	-80.0000
296.6500	17.7212	-80.0000
296.6888	17.7000	-80.0000
296.7000	17.6940	-80.0000
296.7500	17.6670	-80.0000
296.7808	17.6500	-80.0000
296.8000	17.6396	-80.0000
296.8500	17.6120	-80.0000
296.8715	17.6000	-80.0000
296.9000	17.5842	-80.0000
296.9500	17.5559	-80.0000
296.9603	17.5500	-80.0000
297.0000	17.5274	-80.0000
297.0464	17.5000	-80.0000
297.0500	17.4979	-80.0000
297.1000	17.4681	-80.0000
297.1292	17.4500	-80.0000
297.1500	17.4371	-80.0000
297.2000	17.4049	-80.0000
297.2074	17.4000	-80.0000
297.2500	17.3716	-80.0000
297.2810	17.3500	-80.0000
297.3000	17.3366	-80.0000
297.3496	17.3000	-80.0000
297.3500	17.2997	-80.0000
297.4000	17.2612	-80.0000
297.4140	17.2500	-80.0000
297.4500	17.2206	-80.0000
297.4744	17.2000	-80.0000
297.5000	17.1779	-80.0000
297.5312	17.1500	-80.0000
297.5500	17.1329	-80.0000
297.5852	17.1000	-80.0000
297.6000	17.0859	-80.0000
297.6368	17.0500	-80.0000
297.6500	17.0369	-80.0000
297.6864	17.0000	-80.0000
297.7000	16.9860	-80.0000
297.7343	16.9500	-80.0000
297.7500	16.9333	-80.0000
297.7808	16.9000	-80.0000
297.8000	16.8790	-80.0000
297.8261	16.8500	-80.0000
297.8500	16.8232	-80.0000
297.8704	16.8000	-80.0000
297.9000	16.7658	-80.0000
297.9136	16.7500	-80.0000
297.9500	16.7071	-80.0000
297.9559	16.7000	-80.0000
297.9975	16.6500	-80.0000
298.0000	16.6470	-80.0000
298.0386	16.6000	-80.0000
298.0500	16.5859	-80.0000
298.0789	16.5500	-80.0000
298.1000	16.5235	-80.0000
298.1186	16.5000	-80.0000
298.1500	16.4600	-80.0000
298.1578	16.4500	-80.0000
298.1966	16.4000	-80.0000
298.2000	16.3956	-80.0000
298.2353	16.3500	-80.0000
298.2500	16.3307	-80.0000
298.2736	16.3000	-80.0000
298.3000	16.2652	-80.0000
298.3116	16.2500	-80.0000
298.3493	16.2000	-80.0000
298.3500	16.1990	-80.0000
298.3870	16.1500	-80.0000
298.4000	16.1326	-80.0000
298.4244	16.1000	-80.0000
298.4500	16.0652	-80.0000
298.4613	16.0500	-80.0000
298.4976	16.0000	-80.0000
298.5000	15.9967	-80.0000
298.5336	15.9500	-80.0000
298.5500	15.9266	-80.0000
298.5687	15.9000	-80.0000
298.6000	15.8539	-80.0000
298.6027	15.8500	-80.0000
298.6358	15.8000	-80.0000
298.6500	15.7776	-80.0000
298.6676	15.7500	-80.0000
298.6977	15.7000	-80.0000
298.7000	15.6961	-80.0000
298.7268	15.6500	-80.0000
298.7500	15.6071	-80.0000
298.7539	15.6000	-80.0000
298.7797	15.5500	-80.0000
298.8000	15.5073	-80.0000
298.8035	15.5000	-80.0000
298.8260	15.4500	-80.0000
298.8464	15.4000	-80.0000
298.8500	15.3905	-80.0000
298.8656	15.3500	-80.0000
298.8830	15.3000	-80.0000
298.8986	15.2500	-80.0000
298.9000	15.2451	-80.0000
298.9131	15.2000	-80.0000
298.9260	15.1500	-80.0000
298.9373	15.1000	-80.0000
298.9471	15.0500	-80.0000
298.9500	15.0328	-80.0000
298.9558	15.0000	-80.0000
298.9632	14.9500	-80.0000
298.9692	14.9000	-80.0000
298.9739	14.8500	-80.0000
298.9774	14.8000	-80.0000
298.9796	14.7500	-80.0000
298.9807	14.7000	-80.0000
298.9808	14.6500	-80.0000
298.9797	14.6000	-80.0000
298.9777	14.5500	-80.0000
298.9747	14.5000	-80.0000
298.9708	14.4500	-80.0000
298.9661	14.4000	-80.0000
298.9607	14.3500	-80.0000
298.9545	14.3000	-80.0000
298.9500	14.2663	-80.0000
298.9479	14.2500	-80.0000
298.9410	14.2000	-80.0000
298.9337	14.1500	-80.0000
298.9261	14.1000	-80.0000
298.9182	14.0500	-80.0000
298.9103	14.0000	-80.0000
298.9022	13.9500	-80.0000
298.9000	13.9358	-80.0000
298.8946	13.9000	-80.0000
298.8872	13.8500	-80.0000
298.8800	13.8000	-80.0000
298.8730	13.7500	-80.0000
298.8663	13.7000	-80.0000
298.8598	13.6500	-80.0000
298.8536	13.6000	-80.0000
298.8500	13.5712	-80.0000
298.8475	13.5500	-80.0000
298.8417	13.5000	-80.0000
298.8358	13.4500	-80.0000
298.8296	13.4000	-80.0000
298.8229	13.3500	-80.0000
298.8157	13.3000	-80.0000
298.8077	13.2500	-80.0000
298.8000	13.2074	-80.0000
298.7987	13.2000	-80.0000
298.7892	13.1500	-80.0000
298.7784	13.1000	-80.0000
298.7662	13.0500	-80.0000
298.7525	13.0000	-80.0000
298.7500	12.9918	-80.0000
298.7378	12.9500	-80.0000
298.7214	12.9000	-80.0000
298.7031	12.8500	-80.0000
298.7000	12.8422	-80.0000
298.6836	12.8000	-80.0000
298.6622	12.7500	-80.0000
298.6500	12.7237	-80.0000
298.6392	12.7000	-80.0000
298.6145	12.6500	-80.0000
298.6000	12.6227	-80.0000
298.5880	12.6000	-80.0000
298.5600	12.5500	-80.0000
298.5500	12.5331	-80.0000
298.5305	12.5000	-80.0000
298.5000	12.4512	-80.0000
298.4993	12.4500	-80.0000
298.4672	12.4000	-80.0000
298.4500	12.3744	-80.0000
298.4338	12.3500	-80.0000
298.4000	12.3013	-80.0000
298.3991	12.3000	-80.0000
298.3641	12.2500	-80.0000
298.3500	12.2303	-80.0000
298.3284	12.2000	-80.0000
298.3000	12.1609	-80.0000
298.2922	12.1500	-80.0000
298.2560	12.1000	-80.0000
298.2500	12.0918	-80.0000
298.2201	12.0500	-80.0000
298.2000	12.0222	-80.0000
298.1843	12.0000	-80.0000
298.1500	11.9517	-80.0000
298.1488	11.9500	-80.0000
298.1145	11.9000	-80.0000
298.1000	11.8786	-80.0000
298.0810	11.8500	-80.0000
298.0500	11.8028	-80.0000
298.0482	11.8000	-80.0000
298.0171	11.7500	-80.0000
298.0000	11.7221	-80.0000
297.9868	11.7000	-80.0000
297.9578	11.6500	-80.0000
297.9500	11.6361	-80.0000
297.9303	11.6000	-80.0000
297.9036	11.5500	-80.0000
297.9000	11.5430	-80.0000
297.8785	11.5000	-80.0000
297.8541	11.4500	-80.0000
297.8500	11.4412	-80.0000
297.8312	11.4000	-80.0000
297.8088	11.3500	-80.0000
297.8000	11.3294	-80.0000
297.7876	11.3000	-80.0000
297.7671	11.2500	-80.0000
297.7500	11.2076	-80.0000
297.7470	11.2000	-80.0000
297.7279	11.1500	-80.0000
297.7089	11.1000	-80.0000
297.7000	11.0759	-80.0000
297.6905	11.0500	-80.0000
297.6723	11.0000	-80.0000
297.6540	10.9500	-80.0000
297.6500	10.9389	-80.0000
297.6360	10.9000	-80.0000
297.6178	10.8500	-80.0000
297.6000	10.8024	-80.0000
297.5991	10.8000	-80.0000
297.5806	10.7500	-80.0000
297.5613	10.7000	-80.0000
297.5500	10.6715	-80.0000
297.5416	10.6500	-80.0000
297.5217	10.6000	-80.0000
297.5009	10.5500	-80.0000
297.5000	10.5478	-80.0000
297.4806	10.5000	-80.0000
297.4597	10.4500	-80.0000
297.4500	10.4268	-80.0000
297.4391	10.4000	-80.0000
297.4191	10.3500	-80.0000
297.4000	10.3021	-80.0000
297.3992	10.3000	-80.0000
297.3809	10.2500	-80.0000
297.3634	10.2000	-80.0000
297.3500	10.1598	-80.0000
297.3469	10.1500	-80.0000
297.3323	10.1000	-80.0000
> -60 contour -Z-60
289.0500	18.6859	-60.0000
289.1000	18.6864	-60.0000
289.1500	18.6871	-60.0000
289.2000	18.6879	-60.0000
289.2500	18.6889	-60.0000
289.3000	18.6900	-60.0000
289.3500	18.6912	-60.0000
289.4000	18.6925	-60.0000
289.4500	18.6937	-60.0000
289.5000	18.6951	-60.0000
289.5500	18.6965	-60.0000
289.6000	18.6980	-60.0000
289.6500	18.6997	-60.0000
289.6577	18.7000	-60.0000
289.7000	18.7017	-60.0000
289.7500	18.7042	-60.0000
289.8000	18.7070	-60.0000
289.8500	18.7103	-60.0000
289.9000	18.7141	-60.0000
289.9500	18.7184	-60.0000
290.0000	18.7233	-60.0000
290.0500	18.7287	-60.0000
290.1000	18.7345	-60.0000
290.1500	18.7406	-60.0000
290.2000	18.7470	-60.0000
290.2225	18.7500	-60.0000
290.2500	18.7538	-60.0000
290.3000	18.7607	-60.0000
290.3500	18.7675	-60.0000
290.4000	18.7741	-60.0000
290.4500	18.7803	-60.0000
290.5000	18.7861	-60.0000
290.5500	18.7914	-60.0000
290.6000	18.7962	-60.0000
290.6461	18.8000	-60.0000
290.6500	18.8003	-60.0000
290.7000	18.8042	-60.0000
290.7500	18.8074	-60.0000
290.8000	18.8100	-60.0000
290.8500	18.8120	-60.0000
290.9000	18.8136	-60.0000
290.9500	18.8148	-60.0000
291.0000	18.8155	-60.0000
291.0500	18.8160	-60.0000
291.1000	18.8162	-60.0000
291.1500	18.8162	-60.0000
291.2000	18.8161	-60.0000
291.2500	18.8159	-60.0000
291.3000	18.8157	-60.0000
291.3500	18.8154	-60.0000
291.4000	18.8151	-60.0000
291.4500	18.8147	-60.0000
291.5000	18.8142	-60.0000
291.5500	18.8137	-60.0000
291.6000	18.8130	-60.0000
291.6500	18.8121	-60.0000
291.7000	18.8111	-60.0000
291.7500	18.8097	-60.0000
291.8000	18.8080	-60.0000
291.8500	18.8059	-60.0000
291.9000	18.8034	-60.0000
291.9500	18.8005	-60.0000
291.9578	18.8000	-60.0000
292.0000	18.7973	-60.0000
292.0500	18.7938	-60.0000
292.1000	18.7897	-60.0000
292.1500	18.7853	-60.0000
292.2000	18.7805	-60.0000
292.2500	18.7753	-60.0000
292.3000	18.7698	-60.0000
292.3500	18.7640	-60.0000
292.4000	18.7579	-60.0000
292.4500	18.7517	-60.0000
292.4632	18.7500	-60.0000
292.5000	18.7455	-60.0000
292.5500	18.7393	-60.0000
292.6000	18.7331	-60.0000
292.6500	18.7268	-60.0000
292.7000	18.7206	-60.0000
292.7500	18.7146	-60.0000
292.8000	18.7086	-60.0000
292.8500	18.7030	-60.0000
292.8778	18.7000	-60.0000
292.9000	18.6977	-60.0000
292.9500	18.6929	-60.0000
293.0000	18.6884	-60.0000
293.0500	18.6843	-60.0000
293.1000	18.6807	-60.0000
293.1500	18.6775	-60.0000
293.2000	18.6748	-60.0000
293.2500	18.6725	-60.0000
293.3000	18.6706	-60.0000
293.3500	18.6691	-60.0000
293.4000	18.6678	-60.0000
293.4500	18.6669	-60.0000
293.5000	18.6660	-60.0000
293.5500	18.6653	-60.0000
293.6000	18.6646	-60.0000
293.6500	18.6639	-60.0000
293.7000	18.6630	-60.0000
293.7500	18.6620	-60.0000
293.8000	18.6608	-60.0000
293.8500	18.6594	-60.0000
293.9000	18.6576	-60.0000
293.9500	18.6556	-60.0000
294.0000	18.6533	-60.0000
294.0500	18.6506	-60.0000
294.0609	18.6500	-60.0000
294.1000	18.6478	-60.0000
294.1500	18.6448	-60.0000
294.2000	18.6415	-60.0000
294.2500	18.6380	-60.0000
294.3000	18.6344	-60.0000
294.3500	18.6306	-60.0000
294.4000	18.6267	-60.0000
294.4500	18.6227	-60.0000
294.5000	18.6186	-60.0000
294.5500	18.6144	-60.0000
294.6000	18.6101	-60.0000
294.6500	18.6057	-60.0000
294.7000	18.6012	-60.0000
294.7130	18.6000	-60.0000
294.7500	18.5967	-60.0000
294.8000	18.5921	-60.0000
294.8500	18.5872	-60.0000
294.9000	18.5822	-60.0000
294.9500	18.5768	-60.0000
295.0000	18.5711	-60.0000
295.0500	18.5650	-60.0000
295.1000	18.5585	-60.0000
295.1500	18.5515	-60.0000
295.1604	18.5500	-60.0000
295.2000	18.5443	-60.0000
295.2500	18.5365	-60.0000
295.3000	18.5280	-60.0000
295.3500	18.5189	-60.0000
295.4000	18.5090	-60.0000
295.4421	18.5000	-60.0000
295.4500	18.4984	-60.0000
295.5000	18.4873	-60.0000
295.5500	18.4753	-60.0000
295.6000	18.4625	-60.0000
295.6451	18.4500	-60.0000
295.6500	18.4487	-60.0000
295.7000	18.4345	-60.0000
295.7500	18.4193	-60.0000
295.8000	18.4031	-60.0000
295.8091	18.4000	-60.0000
295.8500	18.3864	-60.0000
295.9000	18.3689	-60.0000
295.9500	18.3503	-60.0000
295.9508	18.3500	-60.0000
296.0000	18.3315	-60.0000
296.0500	18.3117	-60.0000
296.0782	18.3000	-60.0000
296.1000	18.2911	-60.0000
296.1500	18.2701	-60.0000
296.1956	18.2500	-60.0000
296.2000	18.2481	-60.0000
296.2500	18.2260	-60.0000
296.3000	18.2028	-60.0000
296.3058	18.2000	-60.0000
296.3500	18.1795	-60.0000
296.4000	18.1553	-60.0000
296.4108	18.1500	-60.0000
296.4500	18.1311	-60.0000
296.5000	18.1060	-60.0000
296.5119	18.1000	-60.0000
296.5500	18.0810	-60.0000
296.6000	18.0553	-60.0000
296.6102	18.0500	-60.0000
296.6500	18.0298	-60.0000
296.7000	18.0037	-60.0000
296.7070	18.0000	-60.0000
296.7500	17.9780	-60.0000
296.8000	17.9516	-60.0000
296.8031	17.9500	-60.0000
296.8500	17.9259	-60.0000
296.8990	17.9000	-60.0000
296.9000	17.8995	-60.0000
296.9500	17.8738	-60.0000
296.9947	17.8500	-60.0000
297.0000	17.8472	-60.0000
297.0500	17.8212	-60.0000
297.0892	17.8000	-60.0000
297.1000	17.7943	-60.0000
297.1500	17.7674	-60.0000
297.1813	17.7500	-60.0000
297.2000	17.7397	-60.0000
297.2500	17.7114	-60.0000
297.2695	17.7000	-60.0000
297.3000	17.6823	-60.0000
297.3500	17.6518	-60.0000
297.3528	17.6500	-60.0000
297.4000	17.6205	-60.0000
297.4311	17.6000	-60.0000
297.4500	17.5875	-60.0000
297.5000	17.5528	-60.0000
297.5039	17.5500	-60.0000
297.5500	17.5167	-60.0000
297.5720	17.5000	-60.0000
297.6000	17.4785	-60.0000
297.6356	17.4500	-60.0000
297.6500	17.4383	-60.0000
297.6952	17.4000	-60.0000
297.7000	17.3959	-60.0000
297.7500	17.3514	-60.0000
297.7515	17.3500	-60.0000
297.8000	17.3047	-60.0000
297.8049	17.3000	-60.0000
297.8500	17.2558	-60.0000
297.8558	17.2500	-60.0000
297.9000	17.2047	-60.0000
297.9045	17.2000	-60.0000
297.9500	17.1514	-60.0000
297.9513	17.1500	-60.0000
297.9966	17.1000	-60.0000
298.0000	17.0962	-60.0000
298.0406	17.0500	-60.0000
298.0500	17.0391	-60.0000
298.0834	17.0000	-60.0000
298.1000	16.9802	-60.0000
298.1251	16.9500	-60.0000
298.1500	16.9196	-60.0000
298.1659	16.9000	-60.0000
298.2000	16.8574	-60.0000
298.2059	16.8500	-60.0000
298.2453	16.8000	-60.0000
298.2500	16.7940	-60.0000
298.2845	16.7500	-60.0000
298.3000	16.7299	-60.0000
298.3231	16.7000	-60.0000
298.3500	16.6647	-60.0000
298.3613	16.6500	-60.0000
298.3991	16.6000	-60.0000
298.4000	16.5989	-60.0000
298.4372	16.5500	-60.0000
298.4500	16.5330	-60.0000
298.4750	16.5000	-60.0000
298.5000	16.4666	-60.0000
298.5125	16.4500	-60.0000
298.5497	16.4000	-60.0000
298.5500	16.3996	-60.0000
298.5871	16.3500	-60.0000
298.6000	16.3326	-60.0000
298.6242	16.3000	-60.0000
298.6500	16.2646	-60.0000
298.6608	16.2500	-60.0000
298.6969	16.2000	-60.0000
298.7000	16.1957	-60.0000
298.7329	16.1500	-60.0000
298.7500	16.1256	-60.0000
298.7681	16.1000	-60.0000
298.8000	16.0534	-60.0000
298.8023	16.0500	-60.0000
298.8362	16.0000	-60.0000
298.8500	15.9788	-60.0000
298.8689	15.9500	-60.0000
298.9000	15.9006	-60.0000
298.9004	15.9000	-60.0000
298.9313	15.8500	-60.0000
298.9500	15.8179	-60.0000
298.9606	15.8000	-60.0000
298.9888	15.7500	-60.0000
299.0000	15.7289	-60.0000
299.0157	15.7000	-60.0000
299.0412	15.6500	-60.0000
299.0500	15.6316	-60.0000
299.0655	15.6000	-60.0000
299.0884	15.5500	-60.0000
299.1000	15.5229	-60.0000
299.1101	15.5000	-60.0000
299.1306	15.4500	-60.0000
299.1494	15.4000	-60.0000
299.1500	15.3982	-60.0000
299.1676	15.3500	-60.0000
299.1844	15.3000	-60.0000
299.1997	15.2500	-60.0000
299.2000	15.2490	-60.0000
299.2146	15.2000	-60.0000
299.2281	15.1500	-60.0000
299.2404	15.1000	-60.0000
299.2500	15.0563	-60.0000
299.2515	15.0500	-60.0000
299.2621	15.0000	-60.0000
299.2715	14.9500	-60.0000
299.2798	14.9000	-60.0000
299.2869	14.8500	-60.0000
299.2930	14.8000	-60.0000
299.2981	14.7500	-60.0000
299.3000	14.7268	-60.0000
299.3024	14.7000	-60.0000
299.3058	14.6500	-60.0000
299.3082	14.6000	-60.0000
299.3097	14.5500	-60.0000
299.3103	14.5000	-60.0000
299.3100	14.4500	-60.0000
299.3089	14.4000	-60.0000
299.3071	14.3500	-60.0000
299.3046	14.3000	-60.0000
299.3014	14.2500	-60.0000
299.3000	14.2304	-60.0000
299.2979	14.2000	-60.0000
299.2941	14.1500	-60.0000
299.2899	14.1000	-60.0000
299.2853	14.0500	-60.0000
299.2805	14.0000	-60.0000
299.2756	13.9500	-60.0000
299.2704	13.9000	-60.0000
299.2652	13.8500	-60.0000
299.2599	13.8000	-60.0000
299.2546	13.7500	-60.0000
299.2500	13.7075	-60.0000
299.2493	13.7000	-60.0000
299.2443	13.6500	-60.0000
299.2392	13.6000	-60.0000
299.2339	13.5500	-60.0000
299.2284	13.5000	-60.0000
299.2226	13.4500	-60.0000
299.2162	13.4000	-60.0000
299.2093	13.3500	-60.0000
299.2016	13.3000	-60.0000
299.2000	13.2906	-60.0000
299.1937	13.2500	-60.0000
299.1851	13.2000	-60.0000
299.1754	13.1500	-60.0000
299.1647	13.1000	-60.0000
299.1526	13.0500	-60.0000
299.1500	13.0400	-60.0000
299.1402	13.0000	-60.0000
299.1267	12.9500	-60.0000
299.1117	12.9000	-60.0000
299.1000	12.8647	-60.0000
299.0954	12.8500	-60.0000
299.0786	12.8000	-60.0000
299.0599	12.7500	-60.0000
299.0500	12.7257	-60.0000
299.0401	12.7000	-60.0000
299.0190	12.6500	-60.0000
299.0000	12.6091	-60.0000
298.9959	12.6000	-60.0000
298.9721	12.5500	-60.0000
298.9500	12.5081	-60.0000
298.9459	12.5000	-60.0000
298.9188	12.4500	-60.0000
298.9000	12.4183	-60.0000
298.8895	12.4000	-60.0000
298.8587	12.3500	-60.0000
298.8500	12.3367	-60.0000
298.8267	12.3000	-60.0000
298.8000	12.2611	-60.0000
298.7926	12.2500	-60.0000
298.7576	12.2000	-60.0000
298.7500	12.1896	-60.0000
298.7218	12.1500	-60.0000
298.7000	12.1210	-60.0000
298.6847	12.1000	-60.0000
298.6500	12.0545	-60.0000
298.6467	12.0500	-60.0000
298.6089	12.0000	-60.0000
298.6000	11.9885	-60.0000
298.5711	11.9500	-60.0000
298.5500	11.9225	-60.0000
298.5333	11.9000	-60.0000
298.5000	11.8560	-60.0000
298.4956	11.8500	-60.0000
298.4594	11.8000	-60.0000
298.4500	11.7871	-60.0000
298.4243	11.7500	-60.0000
298.4000	11.7150	-60.0000
298.3901	11.7000	-60.0000
298.3576	11.6500	-60.0000
298.3500	11.6380	-60.0000
298.3272	11.6000	-60.0000
298.3000	11.5536	-60.0000
298.2980	11.5500	-60.0000
298.2717	11.5000	-60.0000
298.2500	11.4572	-60.0000
298.2465	11.4500	-60.0000
298.2242	11.4000	-60.0000
298.2030	11.3500	-60.0000
298.2000	11.3424	-60.0000
298.1844	11.3000	-60.0000
298.1673	11.2500	-60.0000
298.1515	11.2000	-60.0000
298.1500	11.1947	-60.0000
298.1380	11.1500	-60.0000
298.1257	11.1000	-60.0000
298.1146	11.0500	-60.0000
298.1045	11.0000	-60.0000
298.1000	10.9753	-60.0000
298.0956	10.9500	-60.0000
298.0877	10.9000	-60.0000
298.0804	10.8500	-60.0000
298.0736	10.8000	-60.0000
298.0669	10.7500	-60.0000
298.0604	10.7000	-60.0000
298.0537	10.6500	-60.0000
298.0500	10.6237	-60.0000
298.0468	10.6000	-60.0000
298.0395	10.5500	-60.0000
298.0315	10.5000	-60.0000
298.0226	10.4500	-60.0000
298.0127	10.4000	-60.0000
298.0016	10.3500	-60.0000
298.0000	10.3433	-60.0000
297.9897	10.3000	-60.0000
297.9767	10.2500	-60.0000
297.9626	10.2000	-60.0000
297.9500	10.1580	-60.0000
297.9476	10.1500	-60.0000
297.9324	10.1000	-60.0000
> -40 contour -Z-40
289.0500	18.9840	-40.0000
289.1000	18.9794	-40.0000
289.1500	18.9748	-40.0000
289.2000	18.9704	-40.0000
289.2500	18.9661	-40.0000
289.3000	18.9620	-40.0000
289.3500	18.9580	-40.0000
289.4000	18.9542	-40.0000
289.4500	18.9506	-40.0000
289.4579	18.9500	-40.0000
289.5000	18.9473	-40.0000
289.5500	18.9443	-40.0000
289.6000	18.9415	-40.0000
289.6500	18.9391	-40.0000
289.7000	18.9371	-40.0000
289.7500	18.9356	-40.0000
289.8000	18.9346	-40.0000
289.8500	18.9341	-40.0000
289.9000	18.9343	-40.0000
289.9500	18.9350	-40.0000
290.0000	18.9365	-40.0000
290.0500	18.9385	-40.0000
290.1000	18.9410	-40.0000
290.1500	18.9440	-40.0000
290.2000	18.9474	-40.0000
290.2359	18.9500	-40.0000
290.2500	18.9511	-40.0000
290.3000	18.9552	-40.0000
290.3500	18.9593	-40.0000
290.4000	18.9633	-40.0000
290.4500	18.9672	-40.0000
290.5000	18.9708	-40.0000
290.5500	18.9741	-40.0000
290.6000	18.9769	-40.0000
290.6500	18.9794	-40.0000
290.7000	18.9815	-40.0000
290.7500	18.9831	-40.0000
290.8000	18.9844	-40.0000
290.8500	18.9853	-40.0000
290.9000	18.9859	-40.0000
290.9500	18.9863	-40.0000
291.0000	18.9865	-40.0000
291.0500	18.9866	-40.0000
291.1000	18.9867	-40.0000
291.1500	18.9867	-40.0000
291.2000	18.9868	-40.0000
291.2500	18.9870	-40.0000
291.3000	18.9873	-40.0000
291.3500	18.9877	-40.0000
291.4000	18.9882	-40.0000
291.4500	18.9888	-40.0000
291.5000	18.9896	-40.0000
291.5500	18.9904	-40.0000
291.6000	18.9912	-40.0000
291.6500	18.9920	-40.0000
291.7000	18.9926	-40.0000
291.7500	18.9932	-40.0000
291.8000	18.9936	-40.0000
291.8500	18.9938	-40.0000
291.9000	18.9937	-40.0000
291.9500	18.9934	-40.0000
292.0000	18.9928	-40.0000
292.0500	18.9920	-40.0000
292.1000	18.9909	-40.0000
292.1500	18.9895	-40.0000
292.2000	18.9880	-40.0000
292.2500	18.9863	-40.0000
292.3000	18.9844	-40.0000
292.3500	18.9824	-40.0000
292.4000	18.9804	-40.0000
292.4500	18.9783	-40.0000
292.5000	18.9763	-40.0000
292.5500	18.9742	-40.0000
292.6000	18.9722	-40.0000
292.6500	18.9703	-40.0000
292.7000	18.9685	-40.0000
292.7500	18.9667	-40.0000
292.8000	18.9651	-40.0000
292.8500	18.9636	-40.0000
292.9000	18.9622	-40.0000
292.9500	18.9609	-40.0000
293.0000	18.9598	-40.0000
293.0500	18.9588	-40.0000
293.1000	18.9579	-40.0000
293.1500	18.9572	-40.0000
293.2000	18.9567	-40.0000
293.2500	18.9562	-40.0000
293.3000	18.9559	-40.0000
293.3500	18.9556	-40.0000
293.4000	18.9554	-40.0000
293.4500	18.9553	-40.0000
293.5000	18.9552	-40.0000
293.5500	18.9550	-40.0000
293.6000	18.9547	-40.0000
293.6500	18.9544	-40.0000
293.7000	18.9540	-40.0000
293.7500	18.9533	-40.0000
293.8000	18.9525	-40.0000
293.8500	18.9515	-40.0000
293.9000	18.9503	-40.0000
293.9117	18.9500	-40.0000
293.9500	18.9490	-40.0000
294.0000	18.9474	-40.0000
294.0500	18.9456	-40.0000
294.1000	18.9436	-40.0000
294.1500	18.9414	-40.0000
294.2000	18.9390	-40.0000
294.2500	18.9365	-40.0000
294.3000	18.9338	-40.0000
294.3500	18.9310	-40.0000
294.4000	18.9281	-40.0000
294.4500	18.9251	-40.0000
294.5000	18.9221	-40.0000
294.5500	18.9190	-40.0000
294.6000	18.9158	-40.0000
294.6500	18.9126	-40.0000
294.7000	18.9094	-40.0000
294.7500	18.9061	-40.0000
294.8000	18.9028	-40.0000
294.8422	18.9000	-40.0000
294.8500	18.8995	-40.0000
294.9000	18.8962	-40.0000
294.9500	18.8928	-40.0000
295.0000	18.8893	-40.0000
295.0500	18.8856	-40.0000
295.1000	18.8817	-40.0000
295.1500	18.8776	-40.0000
295.2000	18.8732	-40.0000
295.2500	18.8684	-40.0000
295.3000	18.8633	-40.0000
295.3500	18.8576	-40.0000
295.4000	18.8515	-40.0000
295.4115	18.8500	-40.0000
295.4500	18.8450	-40.0000
295.5000	18.8380	-40.0000
295.5500	18.8303	-40.0000
295.6000	18.8219	-40.0000
295.6500	18.8128	-40.0000
295.7000	18.8030	-40.0000
295.7145	18.8000	-40.0000
295.7500	18.7927	-40.0000
295.8000	18.7816	-40.0000
295.8500	18.7698	-40.0000
295.9000	18.7571	-40.0000
295.9269	18.7500	-40.0000
295.9500	18.7439	-40.0000
296.0000	18.7300	-40.0000
296.0500	18.7153	-40.0000
296.0998	18.7000	-40.0000
296.1000	18.6999	-40.0000
296.1500	18.6841	-40.0000
296.2000	18.6676	-40.0000
296.2500	18.6504	-40.0000
296.2511	18.6500	-40.0000
296.3000	18.6328	-40.0000
296.3500	18.6147	-40.0000
296.3895	18.6000	-40.0000
296.4000	18.5960	-40.0000
296.4500	18.5770	-40.0000
296.5000	18.5575	-40.0000
296.5189	18.5500	-40.0000
296.5500	18.5375	-40.0000
296.6000	18.5172	-40.0000
296.6411	18.5000	-40.0000
296.6500	18.4963	-40.0000
296.7000	18.4750	-40.0000
296.7500	18.4532	-40.0000
296.7572	18.4500	-40.0000
296.8000	18.4309	-40.0000
296.8500	18.4081	-40.0000
296.8675	18.4000	-40.0000
296.9000	18.3848	-40.0000
296.9500	18.3610	-40.0000
296.9726	18.3500	-40.0000
297.0000	18.3367	-40.0000
297.0500	18.3119	-40.0000
297.0735	18.3000	-40.0000
297.1000	18.2866	-40.0000
297.1500	18.2608	-40.0000
297.1706	18.2500	-40.0000
297.2000	18.2346	-40.0000
297.2500	18.2079	-40.0000
297.2646	18.2000	-40.0000
297.3000	18.1808	-40.0000
297.3500	18.1532	-40.0000
297.3557	18.1500	-40.0000
297.4000	18.1252	-40.0000
297.4441	18.1000	-40.0000
297.4500	18.0966	-40.0000
297.5000	18.0677	-40.0000
297.5299	18.0500	-40.0000
297.5500	18.0381	-40.0000
297.6000	18.0079	-40.0000
297.6130	18.0000	-40.0000
297.6500	17.9773	-40.0000
297.6934	17.9500	-40.0000
297.7000	17.9458	-40.0000
297.7500	17.9137	-40.0000
297.7710	17.9000	-40.0000
297.8000	17.8807	-40.0000
297.8452	17.8500	-40.0000
297.8500	17.8467	-40.0000
297.9000	17.8115	-40.0000
297.9161	17.8000	-40.0000
297.9500	17.7750	-40.0000
297.9832	17.7500	-40.0000
298.0000	17.7369	-40.0000
298.0462	17.7000	-40.0000
298.0500	17.6968	-40.0000
298.1000	17.6546	-40.0000
298.1053	17.6500	-40.0000
298.1500	17.6099	-40.0000
298.1608	17.6000	-40.0000
298.2000	17.5624	-40.0000
298.2126	17.5500	-40.0000
298.2500	17.5118	-40.0000
298.2612	17.5000	-40.0000
298.3000	17.4579	-40.0000
298.3071	17.4500	-40.0000
298.3500	17.4006	-40.0000
298.3505	17.4000	-40.0000
298.3921	17.3500	-40.0000
298.4000	17.3402	-40.0000
298.4320	17.3000	-40.0000
298.4500	17.2768	-40.0000
298.4705	17.2500	-40.0000
298.5000	17.2106	-40.0000
298.5079	17.2000	-40.0000
298.5444	17.1500	-40.0000
298.5500	17.1423	-40.0000
298.5805	17.1000	-40.0000
298.6000	17.0725	-40.0000
298.6159	17.0500	-40.0000
298.6500	17.0010	-40.0000
298.6507	17.0000	-40.0000
298.6856	16.9500	-40.0000
298.7000	16.9292	-40.0000
298.7202	16.9000	-40.0000
298.7500	16.8564	-40.0000
298.7544	16.8500	-40.0000
298.7886	16.8000	-40.0000
298.8000	16.7834	-40.0000
298.8228	16.7500	-40.0000
298.8500	16.7098	-40.0000
298.8566	16.7000	-40.0000
298.8905	16.6500	-40.0000
298.9000	16.6360	-40.0000
298.9243	16.6000	-40.0000
298.9500	16.5617	-40.0000
298.9578	16.5500	-40.0000
298.9913	16.5000	-40.0000
299.0000	16.4871	-40.0000
299.0248	16.4500	-40.0000
299.0500	16.4119	-40.0000
299.0579	16.4000	-40.0000
299.0909	16.3500	-40.0000
299.1000	16.3362	-40.0000
299.1238	16.3000	-40.0000
299.1500	16.2596	-40.0000
299.1562	16.2500	-40.0000
299.1884	16.2000	-40.0000
299.2000	16.1818	-40.0000
299.2202	16.1500	-40.0000
299.2500	16.1021	-40.0000
299.2513	16.1000	-40.0000
299.2822	16.0500	-40.0000
299.3000	16.0202	-40.0000
299.3121	16.0000	-40.0000
299.3414	15.9500	-40.0000
299.3500	15.9349	-40.0000
299.3701	15.9000	-40.0000
299.3977	15.8500	-40.0000
299.4000	15.8457	-40.0000
299.4249	15.8000	-40.0000
299.4500	15.7516	-40.0000
299.4509	15.7500	-40.0000
299.4765	15.7000	-40.0000
299.5000	15.6520	-40.0000
299.5010	15.6500	-40.0000
299.5252	15.6000	-40.0000
299.5484	15.5500	-40.0000
299.5500	15.5465	-40.0000
299.5714	15.5000	-40.0000
299.5937	15.4500	-40.0000
299.6000	15.4355	-40.0000
299.6158	15.4000	-40.0000
299.6374	15.3500	-40.0000
299.6500	15.3203	-40.0000
299.6588	15.3000	-40.0000
299.6802	15.2500	-40.0000
299.7000	15.2026	-40.0000
299.7011	15.2000	-40.0000
299.7224	15.1500	-40.0000
299.7433	15.1000	-40.0000
299.7500	15.0837	-40.0000
299.7644	15.0500	-40.0000
299.7855	15.0000	-40.0000
299.8000	14.9650	-40.0000
299.8065	14.9500	-40.0000
299.8277	14.9000	-40.0000
299.8486	14.8500	-40.0000
299.8500	14.8466	-40.0000
299.8697	14.8000	-40.0000
299.8907	14.7500	-40.0000
299.9000	14.7271	-40.0000
299.9115	14.7000	-40.0000
299.9321	14.6500	-40.0000
299.9500	14.6058	-40.0000
299.9524	14.6000	-40.0000
299.9726	14.5500	-40.0000
299.9923	14.5000	-40.0000
300.0000	14.4797	-40.0000
300.0116	14.4500	-40.0000
300.0305	14.4000	-40.0000
300.0489	14.3500	-40.0000
300.0500	14.3469	-40.0000
300.0669	14.3000	-40.0000
300.0843	14.2500	-40.0000
300.1000	14.2035	-40.0000
300.1012	14.2000	-40.0000
300.1176	14.1500	-40.0000
300.1336	14.1000	-40.0000
300.1491	14.0500	-40.0000
300.1500	14.0471	-40.0000
300.1643	14.0000	-40.0000
300.1790	13.9500	-40.0000
300.1935	13.9000	-40.0000
300.2000	13.8768	-40.0000
300.2076	13.8500	-40.0000
300.2215	13.8000	-40.0000
300.2350	13.7500	-40.0000
300.2484	13.7000	-40.0000
300.2500	13.6937	-40.0000
300.2613	13.6500	-40.0000
300.2739	13.6000	-40.0000
300.2861	13.5500	-40.0000
300.2979	13.5000	-40.0000
300.3000	13.4907	-40.0000
300.3091	13.4500	-40.0000
300.3197	13.4000	-40.0000
300.3297	13.3500	-40.0000
300.3390	13.3000	-40.0000
300.3476	13.2500	-40.0000
300.3500	13.2345	-40.0000
300.3553	13.2000	-40.0000
300.3622	13.1500	-40.0000
300.3683	13.1000	-40.0000
300.3736	13.0500	-40.0000
300.3781	13.0000	-40.0000
300.3818	12.9500	-40.0000
300.3848	12.9000	-40.0000
300.3872	12.8500	-40.0000
300.3890	12.8000	-40.0000
300.3903	12.7500	-40.0000
300.3912	12.7000	-40.0000
300.3917	12.6500	-40.0000
300.3920	12.6000	-40.0000
300.3922	12.5500	-40.0000
300.3923	12.5000	-40.0000
300.3924	12.4500	-40.0000
300.3926	12.4000	-40.0000
300.3930	12.3500	-40.0000
300.3935	12.3000	-40.0000
300.3942	12.2500	-40.0000
300.3952	12.2000	-40.0000
300.3964	12.1500	-40.0000
300.3978	12.1000	-40.0000
300.3994	12.0500	-40.0000
300.4000	12.0324	-40.0000
300.4011	12.0000	-40.0000
300.4029	11.9500	-40.0000
300.4047	11.9000	-40.0000
300.4064	11.8500	-40.0000
300.4080	11.8000	-40.0000
300.4094	11.7500	-40.0000
300.4103	11.7000	-40.0000
300.4106	11.6500	-40.0000
300.4103	11.6000	-40.0000
300.4090	11.5500	-40.0000
300.4066	11.5000	-40.0000
300.4029	11.4500	-40.0000
300.4000	11.4219	-40.0000
300.3976	11.4000	-40.0000
300.3905	11.3500	-40.0000
300.3814	11.3000	-40.0000
300.3702	11.2500	-40.0000
300.3569	11.2000	-40.0000
300.3500	11.1781	-40.0000
300.3408	11.1500	-40.0000
300.3220	11.1000	-40.0000
300.3008	11.0500	-40.0000
300.3000	11.0484	-40.0000
300.2761	11.0000	-40.0000
300.2500	10.9519	-40.0000
300.2489	10.9500	-40.0000
300.2183	10.9000	-40.0000
300.2000	10.8723	-40.0000
300.1851	10.8500	-40.0000
300.1500	10.8008	-40.0000
300.1494	10.8000	-40.0000
300.1109	10.7500	-40.0000
300.1000	10.7366	-40.0000
300.0704	10.7000	-40.0000
300.0500	10.6758	-40.0000
300.0284	10.6500	-40.0000
300.0000	10.6172	-40.0000
299.9852	10.6000	-40.0000
299.9500	10.5601	-40.0000
299.9412	10.5500	-40.0000
299.9000	10.5037	-40.0000
299.8967	10.5000	-40.0000
299.8520	10.4500	-40.0000
299.8500	10.4478	-40.0000
299.8070	10.4000	-40.0000
299.8000	10.3922	-40.0000
299.7621	10.3500	-40.0000
299.7500	10.3365	-40.0000
299.7172	10.3000	-40.0000
299.7000	10.2808	-40.0000
299.6723	10.2500	-40.0000
299.6500	10.2250	-40.0000
299.6274	10.2000	-40.0000
299.6000	10.1694	-40.0000
299.5823	10.1500	-40.0000
> -20 contour -Z-20
289.0500	19.3946	-20.0000
289.1000	19.3884	-20.0000
289.1500	19.3817	-20.0000
289.2000	19.3748	-20.0000
289.2500	19.3674	-20.0000
289.3000	19.3598	-20.0000
289.3500	19.3518	-20.0000
289.3611	19.3500	-20.0000
289.4000	19.3441	-20.0000
289.4500	19.3365	-20.0000
289.5000	19.3287	-20.0000
289.5500	19.3208	-20.0000
289.6000	19.3130	-20.0000
289.6500	19.3053	-20.0000
289.6848	19.3000	-20.0000
289.7000	19.2979	-20.0000
289.7500	19.2913	-20.0000
289.8000	19.2851	-20.0000
289.8500	19.2793	-20.0000
289.9000	19.2741	-20.0000
289.9500	19.2694	-20.0000
290.0000	19.2654	-20.0000
290.0500	19.2620	-20.0000
290.1000	19.2592	-20.0000
290.1500	19.2570	-20.0000
290.2000	19.2554	-20.0000
290.2500	19.2543	-20.0000
290.3000	19.2535	-20.0000
290.3500	19.2530	-20.0000
290.4000	19.2527	-20.0000
290.4500	19.2526	-20.0000
290.5000	19.2524	-20.0000
290.5500	19.2523	-20.0000
290.6000	19.2521	-20.0000
290.6500	19.2518	-20.0000
290.7000	19.2513	-20.0000
290.7500	19.2508	-20.0000
290.8000	19.2503	-20.0000
290.8215	19.2500	-20.0000
290.8500	19.2497	-20.0000
290.9000	19.2492	-20.0000
290.9500	19.2488	-20.0000
291.0000	19.2484	-20.0000
291.0500	19.2483	-20.0000
291.1000	19.2484	-20.0000
291.1500	19.2489	-20.0000
291.2000	19.2496	-20.0000
291.2178	19.2500	-20.0000
291.2500	19.2508	-20.0000
291.3000	19.2526	-20.0000
291.3500	19.2547	-20.0000
291.4000	19.2573	-20.0000
291.4500	19.2603	-20.0000
291.5000	19.2636	-20.0000
291.5500	19.2672	-20.0000
291.6000	19.2710	-20.0000
291.6500	19.2750	-20.0000
291.7000	19.2790	-20.0000
291.7500	19.2831	-20.0000
291.8000	19.2871	-20.0000
291.8500	19.2910	-20.0000
291.9000	19.2948	-20.0000
291.9500	19.2985	-20.0000
291.9718	19.3000	-20.0000
292.0000	19.3023	-20.0000
292.0500	19.3061	-20.0000
292.1000	19.3097	-20.0000
292.1500	19.3131	-20.0000
292.2000	19.3164	-20.0000
292.2500	19.3196	-20.0000
292.3000	19.3227	-20.0000
292.3500	19.3257	-20.0000
292.4000	19.3286	-20.0000
292.4500	19.3315	-20.0000
292.5000	19.3343	-20.0000
292.5500	19.3371	-20.0000
292.6000	19.3399	-20.0000
292.6500	19.3425	-20.0000
292.7000	19.3451	-20.0000
292.7500	19.3477	-20.0000
292.7981	19.3500	-20.0000
292.8000	19.3501	-20.0000
292.8500	19.3527	-20.0000
292.9000	19.3551	-20.0000
292.9500	19.3574	-20.0000
293.0000	19.3596	-20.0000
293.0500	19.3616	-20.0000
293.1000	19.3635	-20.0000
293.1500	19.3652	-20.0000
293.2000	19.3668	-20.0000
293.2500	19.3682	-20.0000
293.3000	19.3696	-20.0000
293.3500	19.3707	-20.0000
293.4000	19.3718	-20.0000
293.4500	19.3727	-20.0000
293.5000	19.3734	-20.0000
293.5500	19.3739	-20.0000
293.6000	19.3743	-20.0000
293.6500	19.3744	-20.0000
293.7000	19.3744	-20.0000
293.7500	19.3742	-20.0000
293.8000	19.3738	-20.0000
293.8500	19.3732	-20.0000
293.9000	19.3724	-20.0000
293.9500	19.3714	-20.0000
294.0000	19.3702	-20.0000
294.0500	19.3689	-20.0000
294.1000	19.3675	-20.0000
294.1500	19.3660	-20.0000
294.2000	19.3643	-20.0000
294.2500	19.3627	-20.0000
294.3000	19.3610	-20.0000
294.3500	19.3593	-20.0000
294.4000	19.3576	-20.0000
294.4500	19.3560	-20.0000
294.5000	19.3544	-20.0000
294.5500	19.3529	-20.0000
294.6000	19.3515	-20.0000
294.6500	19.3501	-20.0000
294.6539	19.3500	-20.0000
294.7000	19.3489	-20.0000
294.7500	19.3477	-20.0000
294.8000	19.3465	-20.0000
294.8500	19.3453	-20.0000
294.9000	19.3440	-20.0000
294.9500	19.3426	-20.0000
295.0000	19.3410	-20.0000
295.0500	19.3393	-20.0000
295.1000	19.3373	-20.0000
295.1500	19.3351	-20.0000
295.2000	19.3325	-20.0000
295.2500	19.3295	-20.0000
295.3000	19.3262	-20.0000
295.3500	19.3225	-20.0000
295.4000	19.3183	-20.0000
295.4500	19.3136	-20.0000
295.5000	19.3084	-20.0000
295.5500	19.3027	-20.0000
295.5721	19.3000	-20.0000
295.6000	19.2968	-20.0000
295.6500	19.2905	-20.0000
295.7000	19.2837	-20.0000
295.7500	19.2764	-20.0000
295.8000	19.2685	-20.0000
295.8500	19.2601	-20.0000
295.9000	19.2512	-20.0000
295.9062	19.2500	-20.0000
295.9500	19.2422	-20.0000
296.0000	19.2327	-20.0000
296.0500	19.2227	-20.0000
296.1000	19.2122	-20.0000
296.1500	19.2011	-20.0000
296.1547	19.2000	-20.0000
296.2000	19.1901	-20.0000
296.2500	19.1786	-20.0000
296.3000	19.1665	-20.0000
296.3500	19.1539	-20.0000
296.3651	19.1500	-20.0000
296.4000	19.1413	-20.0000
296.4500	19.1284	-20.0000
296.5000	19.1149	-20.0000
296.5500	19.1009	-20.0000
296.5531	19.1000	-20.0000
296.6000	19.0870	-20.0000
296.6500	19.0726	-20.0000
296.7000	19.0575	-20.0000
296.7239	19.0500	-20.0000
296.7500	19.0421	-20.0000
296.8000	19.0264	-20.0000
296.8500	19.0098	-20.0000
296.8784	19.0000	-20.0000
296.9000	18.9927	-20.0000
296.9500	18.9752	-20.0000
297.0000	18.9567	-20.0000
297.0175	18.9500	-20.0000
297.0500	18.9377	-20.0000
297.1000	18.9180	-20.0000
297.1433	18.9000	-20.0000
297.1500	18.8973	-20.0000
297.2000	18.8763	-20.0000
297.2500	18.8541	-20.0000
297.2591	18.8500	-20.0000
297.3000	18.8318	-20.0000
297.3500	18.8086	-20.0000
297.3681	18.8000	-20.0000
297.4000	18.7851	-20.0000
297.4500	18.7612	-20.0000
297.4731	18.7500	-20.0000
297.5000	18.7372	-20.0000
297.5500	18.7131	-20.0000
297.5769	18.7000	-20.0000
297.6000	18.6890	-20.0000
297.6500	18.6653	-20.0000
297.6824	18.6500	-20.0000
297.7000	18.6419	-20.0000
297.7500	18.6192	-20.0000
297.7928	18.6000	-20.0000
297.8000	18.5968	-20.0000
297.8500	18.5757	-20.0000
297.9000	18.5549	-20.0000
297.9124	18.5500	-20.0000
297.9500	18.5353	-20.0000
298.0000	18.5163	-20.0000
298.0442	18.5000	-20.0000
298.0500	18.4979	-20.0000
298.1000	18.4803	-20.0000
298.1500	18.4629	-20.0000
298.1873	18.4500	-20.0000
298.2000	18.4456	-20.0000
298.2500	18.4284	-20.0000
298.3000	18.4106	-20.0000
298.3289	18.4000	-20.0000
298.3500	18.3922	-20.0000
298.4000	18.3728	-20.0000
298.4500	18.3519	-20.0000
298.4543	18.3500	-20.0000
298.5000	18.3294	-20.0000
298.5500	18.3047	-20.0000
298.5589	18.3000	-20.0000
298.6000	18.2777	-20.0000
298.6465	18.2500	-20.0000
298.6500	18.2478	-20.0000
298.7000	18.2148	-20.0000
298.7208	18.2000	-20.0000
298.7500	18.1783	-20.0000
298.7855	18.1500	-20.0000
298.8000	18.1379	-20.0000
298.8428	18.1000	-20.0000
298.8500	18.0933	-20.0000
298.8943	18.0500	-20.0000
298.9000	18.0441	-20.0000
298.9411	18.0000	-20.0000
298.9500	17.9899	-20.0000
298.9841	17.9500	-20.0000
299.0000	17.9305	-20.0000
299.0242	17.9000	-20.0000
299.0500	17.8658	-20.0000
299.0617	17.8500	-20.0000
299.0972	17.8000	-20.0000
299.1000	17.7960	-20.0000
299.1312	17.7500	-20.0000
299.1500	17.7211	-20.0000
299.1638	17.7000	-20.0000
299.1952	17.6500	-20.0000
299.2000	17.6422	-20.0000
299.2259	17.6000	-20.0000
299.2500	17.5595	-20.0000
299.2557	17.5500	-20.0000
299.2850	17.5000	-20.0000
299.3000	17.4737	-20.0000
299.3137	17.4500	-20.0000
299.3418	17.4000	-20.0000
299.3500	17.3849	-20.0000
299.3694	17.3500	-20.0000
299.3964	17.3000	-20.0000
299.4000	17.2931	-20.0000
299.4231	17.2500	-20.0000
299.4489	17.2000	-20.0000
299.4500	17.1978	-20.0000
299.4746	17.1500	-20.0000
299.4995	17.1000	-20.0000
299.5000	17.0989	-20.0000
299.5244	17.0500	-20.0000
299.5486	17.0000	-20.0000
299.5500	16.9970	-20.0000
299.5730	16.9500	-20.0000
299.5969	16.9000	-20.0000
299.6000	16.8935	-20.0000
299.6213	16.8500	-20.0000
299.6454	16.8000	-20.0000
299.6500	16.7904	-20.0000
299.6701	16.7500	-20.0000
299.6947	16.7000	-20.0000
299.7000	16.6893	-20.0000
299.7200	16.6500	-20.0000
299.7453	16.6000	-20.0000
299.7500	16.5907	-20.0000
299.7712	16.5500	-20.0000
299.7970	16.5000	-20.0000
299.8000	16.4941	-20.0000
299.8234	16.4500	-20.0000
299.8493	16.4000	-20.0000
299.8500	16.3987	-20.0000
299.8759	16.3500	-20.0000
299.9000	16.3032	-20.0000
299.9017	16.3000	-20.0000
299.9279	16.2500	-20.0000
299.9500	16.2064	-20.0000
299.9533	16.2000	-20.0000
299.9789	16.1500	-20.0000
300.0000	16.1072	-20.0000
300.0036	16.1000	-20.0000
300.0285	16.0500	-20.0000
300.0500	16.0051	-20.0000
300.0525	16.0000	-20.0000
300.0767	15.9500	-20.0000
300.1000	15.9001	-20.0000
300.1000	15.9000	-20.0000
300.1238	15.8500	-20.0000
300.1469	15.8000	-20.0000
300.1500	15.7934	-20.0000
300.1706	15.7500	-20.0000
300.1939	15.7000	-20.0000
300.2000	15.6870	-20.0000
300.2178	15.6500	-20.0000
300.2418	15.6000	-20.0000
300.2500	15.5833	-20.0000
300.2667	15.5500	-20.0000
300.2920	15.5000	-20.0000
300.3000	15.4845	-20.0000
300.3184	15.4500	-20.0000
300.3454	15.4000	-20.0000
300.3500	15.3918	-20.0000
300.3739	15.3500	-20.0000
300.4000	15.3054	-20.0000
300.4032	15.3000	-20.0000
300.4342	15.2500	-20.0000
300.4500	15.2250	-20.0000
300.4662	15.2000	-20.0000
300.4994	15.1500	-20.0000
300.5000	15.1491	-20.0000
300.5343	15.1000	-20.0000
300.5500	15.0778	-20.0000
300.5703	15.0500	-20.0000
300.6000	15.0098	-20.0000
300.6074	15.0000	-20.0000
300.6458	14.9500	-20.0000
300.6500	14.9445	-20.0000
300.6855	14.9000	-20.0000
300.7000	14.8818	-20.0000
300.7261	14.8500	-20.0000
300.7500	14.8208	-20.0000
300.7676	14.8000	-20.0000
300.8000	14.7613	-20.0000
300.8098	14.7500	-20.0000
300.8500	14.7030	-20.0000
300.8526	14.7000	-20.0000
300.8959	14.6500	-20.0000
300.9000	14.6451	-20.0000
300.9393	14.6000	-20.0000
300.9500	14.5873	-20.0000
300.9823	14.5500	-20.0000
301.0000	14.5289	-20.0000
301.0247	14.5000	-20.0000
301.0500	14.4691	-20.0000
301.0659	14.4500	-20.0000
301.1000	14.4071	-20.0000
301.1057	14.4000	-20.0000
301.1438	14.3500	-20.0000
301.1500	14.3413	-20.0000
301.1798	14.3000	-20.0000
301.2000	14.2702	-20.0000
301.2137	14.2500	-20.0000
301.2452	14.2000	-20.0000
301.2500	14.1918	-20.0000
301.2746	14.1500	-20.0000
301.3000	14.1030	-20.0000
301.3016	14.1000	-20.0000
301.3268	14.0500	-20.0000
301.3499	14.0000	-20.0000
301.3500	13.9997	-20.0000
301.3714	13.9500	-20.0000
301.3912	13.9000	-20.0000
301.4000	13.8763	-20.0000
301.4097	13.8500	-20.0000
301.4269	13.8000	-20.0000
301.4430	13.7500	-20.0000
301.4500	13.7272	-20.0000
301.4582	13.7000	-20.0000
301.4726	13.6500	-20.0000
301.4862	13.6000	-20.0000
301.4991	13.5500	-20.0000
301.5000	13.5465	-20.0000
301.5115	13.5000	-20.0000
301.5234	13.4500	-20.0000
301.5346	13.4000	-20.0000
301.5454	13.3500	-20.0000
301.5500	13.3274	-20.0000
301.5557	13.3000	-20.0000
301.5655	13.2500	-20.0000
301.5747	13.2000	-20.0000
301.5834	13.1500	-20.0000
301.5914	13.1000	-20.0000
301.5988	13.0500	-20.0000
301.6000	13.0412	-20.0000
301.6056	13.0000	-20.0000
301.6116	12.9500	-20.0000
301.6169	12.9000	-20.0000
301.6214	12.8500	-20.0000
301.6250	12.8000	-20.0000
301.6280	12.7500	-20.0000
301.6302	12.7000	-20.0000
301.6319	12.6500	-20.0000
301.6330	12.6000	-20.0000
301.6338	12.5500	-20.0000
301.6343	12.5000	-20.0000
301.6349	12.4500	-20.0000
301.6356	12.4000	-20.0000
301.6367	12.3500	-20.0000
301.6382	12.3000	-20.0000
301.6404	12.2500	-20.0000
301.6434	12.2000	-20.0000
301.6472	12.1500	-20.0000
301.6500	12.1196	-20.0000
301.6519	12.1000	-20.0000
301.6574	12.0500	-20.0000
301.6636	12.0000	-20.0000
301.6703	11.9500	-20.0000
301.6772	11.9000	-20.0000
301.6842	11.8500	-20.0000
301.6910	11.8000	-20.0000
301.6971	11.7500	-20.0000
301.7000	11.7230	-20.0000
301.7025	11.7000	-20.0000
301.7067	11.6500	-20.0000
301.7095	11.6000	-20.0000
301.7107	11.5500	-20.0000
301.7100	11.5000	-20.0000
301.7073	11.4500	-20.0000
301.7024	11.4000	-20.0000
301.7000	11.3828	-20.0000
301.6954	11.3500	-20.0000
301.6862	11.3000	-20.0000
301.6747	11.2500	-20.0000
301.6608	11.2000	-20.0000
301.6500	11.1668	-20.0000
301.6446	11.1500	-20.0000
301.6262	11.1000	-20.0000
301.6056	11.0500	-20.0000
301.6000	11.0378	-20.0000
301.5829	11.0000	-20.0000
301.5580	10.9500	-20.0000
301.5500	10.9352	-20.0000
301.5312	10.9000	-20.0000
301.5023	10.8500	-20.0000
301.5000	10.8462	-20.0000
301.4718	10.8000	-20.0000
301.4500	10.7666	-20.0000
301.4392	10.7500	-20.0000
301.4048	10.7000	-20.0000
301.4000	10.6934	-20.0000
301.3684	10.6500	-20.0000
301.3500	10.6261	-20.0000
301.3297	10.6000	-20.0000
301.3000	10.5639	-20.0000
301.2884	10.5500	-20.0000
301.2500	10.5067	-20.0000
301.2439	10.5000	-20.0000
301.2000	10.4545	-20.0000
301.1955	10.4500	-20.0000
301.1500	10.4072	-20.0000
301.1420	10.4000	-20.0000
301.1000	10.3644	-20.0000
301.0822	10.3500	-20.0000
301.0500	10.3256	-20.0000
301.0141	10.3000	-20.0000
301.0000	10.2905	-20.0000
300.9500	10.2584	-20.0000
300.9363	10.2500	-20.0000
300.9000	10.2288	-20.0000
300.8500	10.2010	-20.0000
300.8481	10.2000	-20.0000
300.8000	10.1745	-20.0000
300.7526	10.1500	-20.0000
