> 20 contour -Z20
289.0500	19.3455	20.0000
289.1000	19.3396	20.0000
289.1500	19.3341	20.0000
289.2000	19.3288	20.0000
289.2500	19.3240	20.0000
289.3000	19.3194	20.0000
289.3500	19.3152	20.0000
289.4000	19.3113	20.0000
289.4500	19.3077	20.0000
289.5000	19.3044	20.0000
289.5500	19.3013	20.0000
289.5731	19.3000	20.0000
289.6000	19.2985	20.0000
289.6500	19.2962	20.0000
289.7000	19.2942	20.0000
289.7500	19.2927	20.0000
289.8000	19.2917	20.0000
289.8500	19.2914	20.0000
289.9000	19.2917	20.0000
289.9500	19.2928	20.0000
290.0000	19.2945	20.0000
290.0500	19.2969	20.0000
290.1000	19.2999	20.0000
290.1014	19.3000	20.0000
290.1500	19.3036	20.0000
290.2000	19.3076	20.0000
290.2500	19.3119	20.0000
290.3000	19.3163	20.0000
290.3500	19.3207	20.0000
290.4000	19.3249	20.0000
290.4500	19.3288	20.0000
290.5000	19.3324	20.0000
290.5500	19.3356	20.0000
290.6000	19.3383	20.0000
290.6500	19.3406	20.0000
290.7000	19.3424	20.0000
290.7500	19.3437	20.0000
290.8000	19.3445	20.0000
290.8500	19.3450	20.0000
290.9000	19.3451	20.0000
290.9500	19.3449	20.0000
291.0000	19.3445	20.0000
291.0500	19.3439	20.0000
291.1000	19.3433	20.0000
291.1500	19.3426	20.0000
291.2000	19.3420	20.0000
291.2500	19.3415	20.0000
291.3000	19.3411	20.0000
291.3500	19.3408	20.0000
291.4000	19.3407	20.0000
291.4500	19.3406	20.0000
291.5000	19.3406	20.0000
291.5500	19.3406	20.0000
291.6000	19.3406	20.0000
291.6500	19.3405	20.0000
291.7000	19.3402	20.0000
291.7500	19.3398	20.0000
291.8000	19.3392	20.0000
291.8500	19.3384	20.0000
291.9000	19.3373	20.0000
291.9500	19.3360	20.0000
292.0000	19.3344	20.0000
292.0500	19.3327	20.0000
292.1000	19.3307	20.0000
292.1500	19.3286	20.0000
292.2000	19.3264	20.0000
292.2500	19.3240	20.0000
292.3000	19.3216	20.0000
292.3500	19.3191	20.0000
292.4000	19.3167	20.0000
292.4500	19.3142	20.0000
292.5000	19.3118	20.0000
292.5500	19.3095	20.0000
292.6000	19.3072	20.0000
292.6500	19.3050	20.0000
292.7000	19.3029	20.0000
292.7500	19.3008	20.0000
292.7710	19.3000	20.0000
292.8000	19.2989	20.0000
292.8500	19.2970	20.0000
292.9000	19.2952	20.0000
292.9500	19.2934	20.0000
293.0000	19.2918	20.0000
293.0500	19.2902	20.0000
293.1000	19.2888	20.0000
293.1500	19.2874	20.0000
293.2000	19.2862	20.0000
293.2500	19.2851	20.0000
293.3000	19.2841	20.0000
293.3500	19.2832	20.0000
293.4000	19.2825	20.0000
293.4500	19.2818	20.0000
293.5000	19.2812	20.0000
293.5500	19.2806	20.0000
293.6000	19.2800	20.0000
293.6500	19.2793	20.0000
293.7000	19.2787	20.0000
293.7500	19.2779	20.0000
293.8000	19.2770	20.0000
293.8500	19.2760	20.0000
293.9000	19.2748	20.0000
293.9500	19.2735	20.0000
294.0000	19.2719	20.0000
294.0500	19.2702	20.0000
294.1000	19.2681	20.0000
294.1500	19.2659	20.0000
294.2000	19.2634	20.0000
294.2500	19.2607	20.0000
294.3000	19.2577	20.0000
294.3500	19.2545	20.0000
294.4000	19.2511	20.0000
294.4150	19.2500	20.0000
294.4500	19.2474	20.0000
294.5000	19.2434	20.0000
294.5500	19.2393	20.0000
294.6000	19.2351	20.0000
294.6500	19.2307	20.0000
294.7000	19.2262	20.0000
294.7500	19.2217	20.0000
294.8000	19.2171	20.0000
294.8500	19.2125	20.0000
294.9000	19.2079	20.0000
294.9500	19.2034	20.0000
294.9871	19.2000	20.0000
295.0000	19.1988	20.0000
295.0500	19.1940	20.0000
295.1000	19.1893	20.0000
295.1500	19.1845	20.0000
295.2000	19.1796	20.0000
295.2500	19.1746	20.0000
295.3000	19.1694	20.0000
295.3500	19.1639	20.0000
295.4000	19.1580	20.0000
295.4500	19.1518	20.0000
295.4637	19.1500	20.0000
295.5000	19.1447	20.0000
295.5500	19.1368	20.0000
295.6000	19.1283	20.0000
295.6500	19.1189	20.0000
295.7000	19.1089	20.0000
295.7410	19.1000	20.0000
295.7500	19.0978	20.0000
295.8000	19.0849	20.0000
295.8500	19.0711	20.0000
295.9000	19.0565	20.0000
295.9210	19.0500	20.0000
295.9500	19.0399	20.0000
296.0000	19.0218	20.0000
296.0500	19.0030	20.0000
296.0576	19.0000	20.0000
296.1000	18.9813	20.0000
296.1500	18.9587	20.0000
296.1690	18.9500	20.0000
296.2000	18.9337	20.0000
296.2500	18.9072	20.0000
296.2635	18.9000	20.0000
296.3000	18.8777	20.0000
296.3454	18.8500	20.0000
296.3500	18.8468	20.0000
296.4000	18.8117	20.0000
296.4169	18.8000	20.0000
296.4500	18.7735	20.0000
296.4797	18.7500	20.0000
296.5000	18.7315	20.0000
296.5352	18.7000	20.0000
296.5500	18.6849	20.0000
296.5848	18.6500	20.0000
296.6000	18.6332	20.0000
296.6304	18.6000	20.0000
296.6500	18.5774	20.0000
296.6741	18.5500	20.0000
296.7000	18.5204	20.0000
296.7181	18.5000	20.0000
296.7500	18.4659	20.0000
296.7650	18.4500	20.0000
296.8000	18.4163	20.0000
296.8170	18.4000	20.0000
296.8500	18.3721	20.0000
296.8762	18.3500	20.0000
296.9000	18.3325	20.0000
296.9439	18.3000	20.0000
296.9500	18.2961	20.0000
297.0000	18.2650	20.0000
297.0240	18.2500	20.0000
297.0500	18.2359	20.0000
297.1000	18.2086	20.0000
297.1158	18.2000	20.0000
297.1500	18.1838	20.0000
297.2000	18.1590	20.0000
297.2175	18.1500	20.0000
297.2500	18.1353	20.0000
297.3000	18.1106	20.0000
297.3194	18.1000	20.0000
297.3500	18.0852	20.0000
297.4000	18.0572	20.0000
297.4113	18.0500	20.0000
297.4500	18.0278	20.0000
297.4909	18.0000	20.0000
297.5000	17.9944	20.0000
297.5500	17.9585	20.0000
297.5602	17.9500	20.0000
297.6000	17.9195	20.0000
297.6220	17.9000	20.0000
297.6500	17.8769	20.0000
297.6788	17.8500	20.0000
297.7000	17.8313	20.0000
297.7320	17.8000	20.0000
297.7500	17.7832	20.0000
297.7826	17.7500	20.0000
297.8000	17.7331	20.0000
297.8315	17.7000	20.0000
297.8500	17.6814	20.0000
297.8794	17.6500	20.0000
297.9000	17.6288	20.0000
297.9267	17.6000	20.0000
297.9500	17.5756	20.0000
297.9737	17.5500	20.0000
298.0000	17.5222	20.0000
298.0206	17.5000	20.0000
298.0500	17.4689	20.0000
298.0676	17.4500	20.0000
298.1000	17.4158	20.0000
298.1149	17.4000	20.0000
298.1500	17.3629	20.0000
298.1623	17.3500	20.0000
298.2000	17.3103	20.0000
298.2099	17.3000	20.0000
298.2500	17.2578	20.0000
298.2575	17.2500	20.0000
298.3000	17.2052	20.0000
298.3049	17.2000	20.0000
298.3500	17.1523	20.0000
298.3522	17.1500	20.0000
298.3991	17.1000	20.0000
298.4000	17.0990	20.0000
298.4456	17.0500	20.0000
298.4500	17.0452	20.0000
298.4918	17.0000	20.0000
298.5000	16.9910	20.0000
298.5377	16.9500	20.0000
298.5500	16.9364	20.0000
298.5835	16.9000	20.0000
298.6000	16.8817	20.0000
298.6293	16.8500	20.0000
298.6500	16.8273	20.0000
298.6755	16.8000	20.0000
298.7000	16.7734	20.0000
298.7222	16.7500	20.0000
298.7500	16.7202	20.0000
298.7695	16.7000	20.0000
298.8000	16.6678	20.0000
298.8175	16.6500	20.0000
298.8500	16.6161	20.0000
298.8660	16.6000	20.0000
298.9000	16.5649	20.0000
298.9149	16.5500	20.0000
298.9500	16.5137	20.0000
298.9636	16.5000	20.0000
299.0000	16.4620	20.0000
299.0117	16.4500	20.0000
299.0500	16.4092	20.0000
299.0587	16.4000	20.0000
299.1000	16.3544	20.0000
299.1041	16.3500	20.0000
299.1475	16.3000	20.0000
299.1500	16.2970	20.0000
299.1889	16.2500	20.0000
299.2000	16.2357	20.0000
299.2279	16.2000	20.0000
299.2500	16.1696	20.0000
299.2644	16.1500	20.0000
299.2985	16.1000	20.0000
299.3000	16.0976	20.0000
299.3306	16.0500	20.0000
299.3500	16.0171	20.0000
299.3602	16.0000	20.0000
299.3878	15.9500	20.0000
299.4000	15.9257	20.0000
299.4132	15.9000	20.0000
299.4366	15.8500	20.0000
299.4500	15.8179	20.0000
299.4577	15.8000	20.0000
299.4772	15.7500	20.0000
299.4940	15.7000	20.0000
299.5000	15.6790	20.0000
299.5089	15.6500	20.0000
299.5217	15.6000	20.0000
299.5319	15.5500	20.0000
299.5394	15.5000	20.0000
299.5443	15.4500	20.0000
299.5467	15.4000	20.0000
299.5468	15.3500	20.0000
299.5447	15.3000	20.0000
299.5406	15.2500	20.0000
299.5348	15.2000	20.0000
299.5276	15.1500	20.0000
299.5191	15.1000	20.0000
299.5094	15.0500	20.0000
299.5000	15.0051	20.0000
299.4991	15.0000	20.0000
299.4897	14.9500	20.0000
299.4797	14.9000	20.0000
299.4693	14.8500	20.0000
299.4585	14.8000	20.0000
299.4500	14.7621	20.0000
299.4477	14.7500	20.0000
299.4376	14.7000	20.0000
299.4273	14.6500	20.0000
299.4167	14.6000	20.0000
299.4058	14.5500	20.0000
299.4000	14.5244	20.0000
299.3950	14.5000	20.0000
299.3846	14.4500	20.0000
299.3738	14.4000	20.0000
299.3627	14.3500	20.0000
299.3514	14.3000	20.0000
299.3500	14.2939	20.0000
299.3405	14.2500	20.0000
299.3295	14.2000	20.0000
299.3183	14.1500	20.0000
299.3070	14.1000	20.0000
299.3000	14.0694	20.0000
299.2958	14.0500	20.0000
299.2849	14.0000	20.0000
299.2742	13.9500	20.0000
299.2636	13.9000	20.0000
299.2532	13.8500	20.0000
299.2500	13.8339	20.0000
299.2434	13.8000	20.0000
299.2341	13.7500	20.0000
299.2253	13.7000	20.0000
299.2168	13.6500	20.0000
299.2087	13.6000	20.0000
299.2010	13.5500	20.0000
299.2000	13.5431	20.0000
299.1938	13.5000	20.0000
299.1868	13.4500	20.0000
299.1799	13.4000	20.0000
299.1729	13.3500	20.0000
299.1656	13.3000	20.0000
299.1580	13.2500	20.0000
299.1500	13.2015	20.0000
299.1498	13.2000	20.0000
299.1411	13.1500	20.0000
299.1316	13.1000	20.0000
299.1212	13.0500	20.0000
299.1095	13.0000	20.0000
299.1000	12.9632	20.0000
299.0967	12.9500	20.0000
299.0828	12.9000	20.0000
299.0675	12.8500	20.0000
299.0507	12.8000	20.0000
299.0500	12.7981	20.0000
299.0328	12.7500	20.0000
299.0134	12.7000	20.0000
299.0000	12.6679	20.0000
298.9926	12.6500	20.0000
298.9707	12.6000	20.0000
298.9500	12.5557	20.0000
298.9474	12.5500	20.0000
298.9231	12.5000	20.0000
298.9000	12.4549	20.0000
298.8975	12.4500	20.0000
298.8711	12.4000	20.0000
298.8500	12.3618	20.0000
298.8435	12.3500	20.0000
298.8152	12.3000	20.0000
298.8000	12.2742	20.0000
298.7858	12.2500	20.0000
298.7556	12.2000	20.0000
298.7500	12.1910	20.0000
298.7246	12.1500	20.0000
298.7000	12.1113	20.0000
298.6928	12.1000	20.0000
298.6604	12.0500	20.0000
298.6500	12.0343	20.0000
298.6273	12.0000	20.0000
298.6000	11.9593	20.0000
298.5937	11.9500	20.0000
298.5598	11.9000	20.0000
298.5500	11.8856	20.0000
298.5256	11.8500	20.0000
298.5000	11.8125	20.0000
298.4914	11.8000	20.0000
298.4573	11.7500	20.0000
298.4500	11.7391	20.0000
298.4236	11.7000	20.0000
298.4000	11.6642	20.0000
298.3905	11.6500	20.0000
298.3583	11.6000	20.0000
298.3500	11.5866	20.0000
298.3270	11.5500	20.0000
298.3000	11.5050	20.0000
298.2969	11.5000	20.0000
298.2681	11.4500	20.0000
298.2500	11.4171	20.0000
298.2404	11.4000	20.0000
298.2139	11.3500	20.0000
298.2000	11.3223	20.0000
298.1884	11.3000	20.0000
298.1637	11.2500	20.0000
298.1500	11.2211	20.0000
298.1396	11.2000	20.0000
298.1156	11.1500	20.0000
298.1000	11.1169	20.0000
298.0916	11.1000	20.0000
298.0669	11.0500	20.0000
298.0500	11.0163	20.0000
298.0413	11.0000	20.0000
298.0141	10.9500	20.0000
298.0000	10.9250	20.0000
297.9849	10.9000	20.0000
297.9532	10.8500	20.0000
297.9500	10.8452	20.0000
297.9188	10.8000	20.0000
297.9000	10.7742	20.0000
297.8818	10.7500	20.0000
297.8500	10.7092	20.0000
297.8428	10.7000	20.0000
297.8030	10.6500	20.0000
297.8000	10.6463	20.0000
297.7642	10.6000	20.0000
297.7500	10.5816	20.0000
297.7270	10.5500	20.0000
297.7000	10.5122	20.0000
297.6919	10.5000	20.0000
297.6597	10.4500	20.0000
297.6500	10.4342	20.0000
297.6304	10.4000	20.0000
297.6031	10.3500	20.0000
297.6000	10.3439	20.0000
297.5790	10.3000	20.0000
297.5566	10.2500	20.0000
297.5500	10.2340	20.0000
297.5368	10.2000	20.0000
297.5193	10.1500	20.0000
297.5036	10.1000	20.0000
> 40 contour -Z40
289.0500	18.4285	40.0000
289.0805	18.4500	40.0000
289.1000	18.4632	40.0000
289.1500	18.4960	40.0000
289.1563	18.5000	40.0000
289.2000	18.5268	40.0000
289.2397	18.5500	40.0000
289.2500	18.5558	40.0000
289.3000	18.5827	40.0000
289.3338	18.6000	40.0000
289.3500	18.6079	40.0000
289.4000	18.6312	40.0000
289.4427	18.6500	40.0000
289.4500	18.6531	40.0000
289.5000	18.6731	40.0000
289.5500	18.6921	40.0000
289.5716	18.7000	40.0000
289.6000	18.7099	40.0000
289.6500	18.7267	40.0000
289.7000	18.7430	40.0000
289.7216	18.7500	40.0000
289.7500	18.7587	40.0000
289.8000	18.7740	40.0000
289.8500	18.7894	40.0000
289.8837	18.8000	40.0000
289.9000	18.8048	40.0000
289.9500	18.8200	40.0000
290.0000	18.8354	40.0000
290.0464	18.8500	40.0000
290.0500	18.8511	40.0000
290.1000	18.8661	40.0000
290.1500	18.8812	40.0000
290.2000	18.8962	40.0000
290.2126	18.9000	40.0000
290.2500	18.9104	40.0000
290.3000	18.9240	40.0000
290.3500	18.9372	40.0000
290.4000	18.9497	40.0000
290.4014	18.9500	40.0000
290.4500	18.9608	40.0000
290.5000	18.9710	40.0000
290.5500	18.9805	40.0000
290.6000	18.9890	40.0000
290.6500	18.9967	40.0000
290.6746	19.0000	40.0000
290.7000	19.0032	40.0000
290.7500	19.0086	40.0000
290.8000	19.0131	40.0000
290.8500	19.0168	40.0000
290.9000	19.0196	40.0000
290.9500	19.0217	40.0000
291.0000	19.0232	40.0000
291.0500	19.0240	40.0000
291.1000	19.0242	40.0000
291.1500	19.0239	40.0000
291.2000	19.0233	40.0000
291.2500	19.0222	40.0000
291.3000	19.0208	40.0000
291.3500	19.0190	40.0000
291.4000	19.0170	40.0000
291.4500	19.0146	40.0000
291.5000	19.0118	40.0000
291.5500	19.0087	40.0000
291.6000	19.0052	40.0000
291.6500	19.0012	40.0000
291.6637	19.0000	40.0000
291.7000	18.9965	40.0000
291.7500	18.9911	40.0000
291.8000	18.9851	40.0000
291.8500	18.9785	40.0000
291.9000	18.9711	40.0000
291.9500	18.9630	40.0000
292.0000	18.9541	40.0000
292.0215	18.9500	40.0000
292.0500	18.9441	40.0000
292.1000	18.9329	40.0000
292.1500	18.9209	40.0000
292.2000	18.9080	40.0000
292.2292	18.9000	40.0000
292.2500	18.8938	40.0000
292.3000	18.8783	40.0000
292.3500	18.8618	40.0000
292.3840	18.8500	40.0000
292.4000	18.8441	40.0000
292.4500	18.8249	40.0000
292.5000	18.8048	40.0000
292.5116	18.8000	40.0000
292.5500	18.7833	40.0000
292.6000	18.7608	40.0000
292.6238	18.7500	40.0000
292.6500	18.7375	40.0000
292.7000	18.7135	40.0000
292.7280	18.7000	40.0000
292.7500	18.6891	40.0000
292.8000	18.6645	40.0000
292.8301	18.6500	40.0000
292.8500	18.6403	40.0000
292.9000	18.6166	40.0000
292.9365	18.6000	40.0000
292.9500	18.5938	40.0000
293.0000	18.5724	40.0000
293.0500	18.5524	40.0000
293.0567	18.5500	40.0000
293.1000	18.5343	40.0000
293.1500	18.5180	40.0000
293.2000	18.5036	40.0000
293.2144	18.5000	40.0000
293.2500	18.4911	40.0000
293.3000	18.4805	40.0000
293.3500	18.4714	40.0000
293.4000	18.4637	40.0000
293.4500	18.4571	40.0000
293.5000	18.4513	40.0000
293.5126	18.4500	40.0000
293.5500	18.4460	40.0000
293.6000	18.4410	40.0000
293.6500	18.4360	40.0000
293.7000	18.4309	40.0000
293.7500	18.4255	40.0000
293.8000	18.4197	40.0000
293.8500	18.4135	40.0000
293.9000	18.4069	40.0000
293.9491	18.4000	40.0000
293.9500	18.3999	40.0000
294.0000	18.3925	40.0000
294.0500	18.3850	40.0000
294.1000	18.3774	40.0000
294.1500	18.3700	40.0000
294.2000	18.3629	40.0000
294.2500	18.3562	40.0000
294.2995	18.3500	40.0000
294.3000	18.3499	40.0000
294.3500	18.3442	40.0000
294.4000	18.3391	40.0000
294.4500	18.3346	40.0000
294.5000	18.3305	40.0000
294.5500	18.3267	40.0000
294.6000	18.3230	40.0000
294.6500	18.3193	40.0000
294.7000	18.3153	40.0000
294.7500	18.3108	40.0000
294.8000	18.3057	40.0000
294.8486	18.3000	40.0000
294.8500	18.2998	40.0000
294.9000	18.2927	40.0000
294.9500	18.2846	40.0000
295.0000	18.2753	40.0000
295.0500	18.2649	40.0000
295.1000	18.2535	40.0000
295.1141	18.2500	40.0000
295.1500	18.2408	40.0000
295.2000	18.2271	40.0000
295.2500	18.2127	40.0000
295.2922	18.2000	40.0000
295.3000	18.1976	40.0000
295.3500	18.1817	40.0000
295.4000	18.1655	40.0000
295.4476	18.1500	40.0000
295.4500	18.1492	40.0000
295.5000	18.1324	40.0000
295.5500	18.1157	40.0000
295.5975	18.1000	40.0000
295.6000	18.0992	40.0000
295.6500	18.0823	40.0000
295.7000	18.0658	40.0000
295.7487	18.0500	40.0000
295.7500	18.0496	40.0000
295.8000	18.0330	40.0000
295.8500	18.0168	40.0000
295.9000	18.0006	40.0000
295.9019	18.0000	40.0000
295.9500	17.9840	40.0000
296.0000	17.9673	40.0000
296.0500	17.9506	40.0000
296.0516	17.9500	40.0000
296.1000	17.9329	40.0000
296.1500	17.9150	40.0000
296.1905	17.9000	40.0000
296.2000	17.8964	40.0000
296.2500	17.8768	40.0000
296.3000	17.8566	40.0000
296.3155	17.8500	40.0000
296.3500	17.8351	40.0000
296.4000	17.8127	40.0000
296.4272	17.8000	40.0000
296.4500	17.7890	40.0000
296.5000	17.7642	40.0000
296.5276	17.7500	40.0000
296.5500	17.7380	40.0000
296.6000	17.7106	40.0000
296.6188	17.7000	40.0000
296.6500	17.6815	40.0000
296.7000	17.6515	40.0000
296.7025	17.6500	40.0000
296.7500	17.6191	40.0000
296.7792	17.6000	40.0000
296.8000	17.5855	40.0000
296.8500	17.5505	40.0000
296.8506	17.5500	40.0000
296.9000	17.5125	40.0000
296.9166	17.5000	40.0000
296.9500	17.4727	40.0000
296.9781	17.4500	40.0000
297.0000	17.4309	40.0000
297.0358	17.4000	40.0000
297.0500	17.3867	40.0000
297.0902	17.3500	40.0000
297.1000	17.3403	40.0000
297.1421	17.3000	40.0000
297.1500	17.2919	40.0000
297.1924	17.2500	40.0000
297.2000	17.2421	40.0000
297.2420	17.2000	40.0000
297.2500	17.1916	40.0000
297.2916	17.1500	40.0000
297.3000	17.1414	40.0000
297.3420	17.1000	40.0000
297.3500	17.0921	40.0000
297.3938	17.0500	40.0000
297.4000	17.0440	40.0000
297.4472	17.0000	40.0000
297.4500	16.9974	40.0000
297.5000	16.9519	40.0000
297.5021	16.9500	40.0000
297.5500	16.9072	40.0000
297.5581	16.9000	40.0000
297.6000	16.8630	40.0000
297.6146	16.8500	40.0000
297.6500	16.8188	40.0000
297.6711	16.8000	40.0000
297.7000	16.7744	40.0000
297.7271	16.7500	40.0000
297.7500	16.7294	40.0000
297.7818	16.7000	40.0000
297.8000	16.6832	40.0000
297.8350	16.6500	40.0000
297.8500	16.6357	40.0000
297.8862	16.6000	40.0000
297.9000	16.5863	40.0000
297.9352	16.5500	40.0000
297.9500	16.5346	40.0000
297.9820	16.5000	40.0000
298.0000	16.4803	40.0000
298.0267	16.4500	40.0000
298.0500	16.4230	40.0000
298.0694	16.4000	40.0000
298.1000	16.3628	40.0000
298.1103	16.3500	40.0000
298.1498	16.3000	40.0000
298.1500	16.2997	40.0000
298.1874	16.2500	40.0000
298.2000	16.2330	40.0000
298.2242	16.2000	40.0000
298.2500	16.1645	40.0000
298.2605	16.1500	40.0000
298.2963	16.1000	40.0000
298.3000	16.0948	40.0000
298.3314	16.0500	40.0000
298.3500	16.0236	40.0000
298.3666	16.0000	40.0000
298.4000	15.9526	40.0000
298.4019	15.9500	40.0000
298.4362	15.9000	40.0000
298.4500	15.8799	40.0000
298.4703	15.8500	40.0000
298.5000	15.8061	40.0000
298.5040	15.8000	40.0000
298.5361	15.7500	40.0000
298.5500	15.7279	40.0000
298.5670	15.7000	40.0000
298.5968	15.6500	40.0000
298.6000	15.6443	40.0000
298.6237	15.6000	40.0000
298.6500	15.5501	40.0000
298.6500	15.5500	40.0000
298.6725	15.5000	40.0000
298.6943	15.4500	40.0000
298.7000	15.4357	40.0000
298.7129	15.4000	40.0000
298.7294	15.3500	40.0000
298.7445	15.3000	40.0000
298.7500	15.2789	40.0000
298.7566	15.2500	40.0000
298.7662	15.2000	40.0000
298.7740	15.1500	40.0000
298.7799	15.1000	40.0000
298.7839	15.0500	40.0000
298.7859	15.0000	40.0000
298.7861	14.9500	40.0000
298.7845	14.9000	40.0000
298.7814	14.8500	40.0000
298.7768	14.8000	40.0000
298.7710	14.7500	40.0000
298.7641	14.7000	40.0000
298.7563	14.6500	40.0000
298.7500	14.6138	40.0000
298.7472	14.6000	40.0000
298.7364	14.5500	40.0000
298.7251	14.5000	40.0000
298.7134	14.4500	40.0000
298.7013	14.4000	40.0000
298.7000	14.3948	40.0000
298.6875	14.3500	40.0000
298.6736	14.3000	40.0000
298.6597	14.2500	40.0000
298.6500	14.2145	40.0000
298.6458	14.2000	40.0000
298.6312	14.1500	40.0000
298.6173	14.1000	40.0000
298.6043	14.0500	40.0000
298.6000	14.0325	40.0000
298.5916	14.0000	40.0000
298.5798	13.9500	40.0000
298.5693	13.9000	40.0000
298.5603	13.8500	40.0000
298.5527	13.8000	40.0000
298.5500	13.7792	40.0000
298.5460	13.7500	40.0000
298.5405	13.7000	40.0000
298.5359	13.6500	40.0000
298.5320	13.6000	40.0000
298.5285	13.5500	40.0000
298.5250	13.5000	40.0000
298.5211	13.4500	40.0000
298.5166	13.4000	40.0000
298.5111	13.3500	40.0000
298.5045	13.3000	40.0000
298.5000	13.2709	40.0000
298.4961	13.2500	40.0000
298.4854	13.2000	40.0000
298.4731	13.1500	40.0000
298.4596	13.1000	40.0000
298.4500	13.0673	40.0000
298.4439	13.0500	40.0000
298.4253	13.0000	40.0000
298.4062	12.9500	40.0000
298.4000	12.9345	40.0000
298.3840	12.9000	40.0000
298.3608	12.8500	40.0000
298.3500	12.8271	40.0000
298.3356	12.8000	40.0000
298.3094	12.7500	40.0000
298.3000	12.7323	40.0000
298.2816	12.7000	40.0000
298.2537	12.6500	40.0000
298.2500	12.6434	40.0000
298.2246	12.6000	40.0000
298.2000	12.5561	40.0000
298.1966	12.5500	40.0000
298.1683	12.5000	40.0000
298.1500	12.4662	40.0000
298.1414	12.4500	40.0000
298.1152	12.4000	40.0000
298.1000	12.3702	40.0000
298.0901	12.3500	40.0000
298.0656	12.3000	40.0000
298.0500	12.2676	40.0000
298.0418	12.2500	40.0000
298.0181	12.2000	40.0000
298.0000	12.1618	40.0000
297.9946	12.1500	40.0000
297.9705	12.1000	40.0000
297.9500	12.0577	40.0000
297.9463	12.0500	40.0000
297.9211	12.0000	40.0000
297.9000	11.9591	40.0000
297.8954	11.9500	40.0000
297.8683	11.9000	40.0000
297.8500	11.8668	40.0000
297.8406	11.8500	40.0000
297.8115	11.8000	40.0000
297.8000	11.7807	40.0000
297.7812	11.7500	40.0000
297.7500	11.7000	40.0000
297.7500	11.7000	40.0000
297.7164	11.6500	40.0000
297.7000	11.6259	40.0000
297.6816	11.6000	40.0000
297.6500	11.5560	40.0000
297.6454	11.5500	40.0000
297.6071	11.5000	40.0000
297.6000	11.4908	40.0000
297.5669	11.4500	40.0000
297.5500	11.4291	40.0000
297.5254	11.4000	40.0000
297.5000	11.3695	40.0000
297.4831	11.3500	40.0000
297.4500	11.3110	40.0000
297.4404	11.3000	40.0000
297.4000	11.2521	40.0000
297.3982	11.2500	40.0000
297.3564	11.2000	40.0000
297.3500	11.1919	40.0000
297.3161	11.1500	40.0000
297.3000	11.1289	40.0000
297.2777	11.1000	40.0000
297.2500	11.0618	40.0000
297.2413	11.0500	40.0000
297.2063	11.0000	40.0000
297.2000	10.9906	40.0000
297.1718	10.9500	40.0000
297.1500	10.9166	40.0000
297.1385	10.9000	40.0000
297.1051	10.8500	40.0000
297.1000	10.8422	40.0000
297.0698	10.8000	40.0000
297.0500	10.7717	40.0000
297.0327	10.7500	40.0000
297.0000	10.7087	40.0000
296.9918	10.7000	40.0000
296.9500	10.6565	40.0000
296.9421	10.6500	40.0000
296.9000	10.6167	40.0000
296.8703	10.6000	40.0000
296.8500	10.5891	40.0000
296.8000	10.5744	40.0000
296.7500	10.5716	40.0000
296.7000	10.5812	40.0000
296.6569	10.6000	40.0000
> 60 contour -Z60
290.8000	18.2884	60.0000
290.8278	18.3000	60.0000
290.8500	18.3069	60.0000
290.9000	18.3199	60.0000
290.9500	18.3303	60.0000
291.0000	18.3376	60.0000
291.0500	18.3414	60.0000
291.1000	18.3413	60.0000
291.1500	18.3373	60.0000
291.2000	18.3295	60.0000
291.2500	18.3183	60.0000
291.3000	18.3046	60.0000
291.3147	18.3000	60.0000
291.3500	18.2827	60.0000
291.4000	18.2580	60.0000
291.4169	18.2500	60.0000
