> 20 contour -Z20
123.5255	7.1500	20.0000
123.5399	7.1000	20.0000
123.5500	7.0679	20.0000
123.5557	7.0500	20.0000
123.5727	7.0000	20.0000
123.5908	6.9500	20.0000
123.6000	6.9261	20.0000
123.6103	6.9000	20.0000
123.6311	6.8500	20.0000
123.6500	6.8080	20.0000
123.6537	6.8000	20.0000
123.6785	6.7500	20.0000
123.7000	6.7100	20.0000
123.7055	6.7000	20.0000
123.7348	6.6500	20.0000
123.7500	6.6255	20.0000
123.7657	6.6000	20.0000
123.7969	6.5500	20.0000
123.8000	6.5451	20.0000
123.8269	6.5000	20.0000
123.8500	6.4600	20.0000
123.8554	6.4500	20.0000
123.8815	6.4000	20.0000
123.9000	6.3632	20.0000
123.9063	6.3500	20.0000
123.9294	6.3000	20.0000
123.9500	6.2555	20.0000
123.9524	6.2500	20.0000
123.9745	6.2000	20.0000
123.9971	6.1500	20.0000
124.0000	6.1438	20.0000
124.0195	6.1000	20.0000
124.0430	6.0500	20.0000
124.0500	6.0361	20.0000
124.0677	6.0000	20.0000
124.0944	5.9500	20.0000
124.1000	5.9404	20.0000
124.1238	5.9000	20.0000
124.1500	5.8598	20.0000
124.1566	5.8500	20.0000
124.1936	5.8000	20.0000
124.2000	5.7921	20.0000
124.2354	5.7500	20.0000
124.2500	5.7341	20.0000
124.2828	5.7000	20.0000
124.3000	5.6833	20.0000
124.3364	5.6500	20.0000
124.3500	5.6384	20.0000
124.3978	5.6000	20.0000
124.4000	5.5983	20.0000
124.4500	5.5627	20.0000
124.4691	5.5500	20.0000
124.5000	5.5304	20.0000
124.5500	5.5012	20.0000
124.5522	5.5000	20.0000
124.6000	5.4740	20.0000
124.6466	5.4500	20.0000
124.6500	5.4482	20.0000
124.7000	5.4217	20.0000
124.7391	5.4000	20.0000
> 40 contour -Z40
125.2558	5.5500	40.0000
125.2500	5.5651	40.0000
125.2330	5.6000	40.0000
125.2000	5.6424	40.0000
125.1909	5.6500	40.0000
125.1500	5.6754	40.0000
125.1000	5.6936	40.0000
125.0743	5.7000	40.0000
125.0500	5.7061	40.0000
125.0000	5.7176	40.0000
124.9500	5.7297	40.0000
124.9000	5.7437	40.0000
124.8814	5.7500	40.0000
124.8500	5.7645	40.0000
124.8000	5.7916	40.0000
124.7865	5.8000	40.0000
124.7500	5.8331	40.0000
124.7321	5.8500	40.0000
124.7000	5.8971	40.0000
124.6979	5.9000	40.0000
124.6813	5.9500	40.0000
124.6805	6.0000	40.0000
124.7000	6.0441	40.0000
124.7035	6.0500	40.0000
124.7449	6.1000	40.0000
124.7500	6.1080	40.0000
124.7655	6.1500	40.0000
124.7632	6.2000	40.0000
124.7500	6.2337	40.0000
124.7398	6.2500	40.0000
124.7000	6.2946	40.0000
124.6920	6.3000	40.0000
124.6500	6.3274	40.0000
124.6066	6.3500	40.0000
124.6000	6.3542	40.0000
124.5500	6.3943	40.0000
124.5464	6.4000	40.0000
124.5258	6.4500	40.0000
124.5183	6.5000	40.0000
124.5187	6.5500	40.0000
124.5242	6.6000	40.0000
124.5333	6.6500	40.0000
124.5451	6.7000	40.0000
124.5500	6.7165	40.0000
124.5585	6.7500	40.0000
124.5733	6.8000	40.0000
124.5897	6.8500	40.0000
124.6000	6.8780	40.0000
124.6075	6.9000	40.0000
124.6266	6.9500	40.0000
124.6472	7.0000	40.0000
124.6500	7.0059	40.0000
124.6698	7.0500	40.0000
124.6936	7.1000	40.0000
124.7000	7.1124	40.0000
