> 20 contour -Z20
56.4950	29.9500	20.0000
56.5000	29.9430	20.0000
56.5296	29.9000	20.0000
56.5500	29.8760	20.0000
56.5715	29.8500	20.0000
56.6000	29.8203	20.0000
56.6192	29.8000	20.0000
56.6500	29.7707	20.0000
56.6716	29.7500	20.0000
56.7000	29.7245	20.0000
56.7276	29.7000	20.0000
56.7500	29.6809	20.0000
56.7867	29.6500	20.0000
56.8000	29.6389	20.0000
56.8480	29.6000	20.0000
56.8500	29.5983	20.0000
56.9000	29.5580	20.0000
56.9102	29.5500	20.0000
56.9500	29.5177	20.0000
56.9727	29.5000	20.0000
57.0000	29.4774	20.0000
57.0348	29.4500	20.0000
57.0500	29.4371	20.0000
57.0966	29.4000	20.0000
57.1000	29.3971	20.0000
57.1500	29.3565	20.0000
57.1588	29.3500	20.0000
57.2000	29.3168	20.0000
57.2237	29.3000	20.0000
57.2500	29.2798	20.0000
57.2952	29.2500	20.0000
57.3000	29.2466	20.0000
57.3500	29.2145	20.0000
57.3750	29.2000	20.0000
57.4000	29.1849	20.0000
57.4500	29.1556	20.0000
57.4589	29.1500	20.0000
57.5000	29.1237	20.0000
57.5340	29.1000	20.0000
57.5500	29.0888	20.0000
57.5987	29.0500	20.0000
57.6000	29.0489	20.0000
57.6500	29.0032	20.0000
57.6530	29.0000	20.0000
57.7000	28.9524	20.0000
57.7022	28.9500	20.0000
57.7484	28.9000	20.0000
57.7500	28.8984	20.0000
57.7936	28.8500	20.0000
57.8000	28.8433	20.0000
57.8394	28.8000	20.0000
57.8500	28.7890	20.0000
57.8869	28.7500	20.0000
57.9000	28.7369	20.0000
57.9371	28.7000	20.0000
57.9500	28.6877	20.0000
57.9911	28.6500	20.0000
58.0000	28.6421	20.0000
58.0500	28.6002	20.0000
58.0503	28.6000	20.0000
58.1000	28.5624	20.0000
58.1182	28.5500	20.0000
58.1500	28.5284	20.0000
58.1967	28.5000	20.0000
58.2000	28.4980	20.0000
58.2500	28.4713	20.0000
58.2954	28.4500	20.0000
58.3000	28.4478	20.0000
58.3500	28.4271	20.0000
58.4000	28.4088	20.0000
58.4266	28.4000	20.0000
58.4500	28.3922	20.0000
58.5000	28.3766	20.0000
58.5500	28.3615	20.0000
58.5887	28.3500	20.0000
58.6000	28.3465	20.0000
58.6500	28.3309	20.0000
58.7000	28.3148	20.0000
58.7441	28.3000	20.0000
58.7500	28.2980	20.0000
58.8000	28.2802	20.0000
58.8500	28.2622	20.0000
58.8841	28.2500	20.0000
58.9000	28.2442	20.0000
58.9500	28.2265	20.0000
59.0000	28.2097	20.0000
59.0319	28.2000	20.0000
59.0500	28.1944	20.0000
59.1000	28.1809	20.0000
59.1500	28.1698	20.0000
59.2000	28.1613	20.0000
59.2500	28.1558	20.0000
59.3000	28.1534	20.0000
59.3500	28.1542	20.0000
59.4000	28.1583	20.0000
59.4500	28.1656	20.0000
59.5000	28.1759	20.0000
59.5500	28.1888	20.0000
59.5871	28.2000	20.0000
59.6000	28.2037	20.0000
59.6500	28.2196	20.0000
59.7000	28.2364	20.0000
59.7396	28.2500	20.0000
59.7500	28.2534	20.0000
59.8000	28.2694	20.0000
59.8500	28.2851	20.0000
59.8988	28.3000	20.0000
59.9000	28.3003	20.0000
59.9500	28.3139	20.0000
60.0000	28.3269	20.0000
60.0500	28.3395	20.0000
60.0931	28.3500	20.0000
60.1000	28.3516	20.0000
60.1500	28.3624	20.0000
60.2000	28.3728	20.0000
60.2500	28.3828	20.0000
60.3000	28.3920	20.0000
60.3488	28.4000	20.0000
60.3500	28.4002	20.0000
60.4000	28.4059	20.0000
60.4500	28.4094	20.0000
60.5000	28.4100	20.0000
60.5500	28.4072	20.0000
60.6000	28.4002	20.0000
60.6008	28.4000	20.0000
60.6500	28.3867	20.0000
60.7000	28.3678	20.0000
60.7372	28.3500	20.0000
60.7500	28.3428	20.0000
60.8000	28.3094	20.0000
60.8124	28.3000	20.0000
60.8500	28.2676	20.0000
60.8691	28.2500	20.0000
60.9000	28.2186	20.0000
60.9179	28.2000	20.0000
60.9500	28.1652	20.0000
60.9643	28.1500	20.0000
61.0000	28.1130	20.0000
61.0136	28.1000	20.0000
61.0500	28.0675	20.0000
61.0725	28.0500	20.0000
61.1000	28.0308	20.0000
61.1500	28.0021	20.0000
61.1543	28.0000	20.0000
61.2000	27.9801	20.0000
61.2500	27.9631	20.0000
61.3000	27.9503	20.0000
61.3013	27.9500	20.0000
61.3500	27.9404	20.0000
61.4000	27.9330	20.0000
61.4500	27.9273	20.0000
61.5000	27.9231	20.0000
61.5500	27.9199	20.0000
61.6000	27.9175	20.0000
61.6500	27.9157	20.0000
61.7000	27.9142	20.0000
61.7500	27.9129	20.0000
61.8000	27.9116	20.0000
61.8500	27.9103	20.0000
61.9000	27.9089	20.0000
61.9500	27.9073	20.0000
62.0000	27.9056	20.0000
62.0500	27.9039	20.0000
62.1000	27.9023	20.0000
62.1500	27.9009	20.0000
62.1886	27.9000	20.0000
62.2000	27.8997	20.0000
62.2500	27.8990	20.0000
62.3000	27.8989	20.0000
62.3500	27.8996	20.0000
62.3643	27.9000	20.0000
62.4000	27.9011	20.0000
62.4500	27.9035	20.0000
62.5000	27.9070	20.0000
62.5500	27.9117	20.0000
62.6000	27.9176	20.0000
62.6500	27.9249	20.0000
62.7000	27.9335	20.0000
62.7500	27.9437	20.0000
62.7773	27.9500	20.0000
62.8000	27.9552	20.0000
62.8500	27.9682	20.0000
62.9000	27.9827	20.0000
62.9500	27.9989	20.0000
62.9530	28.0000	20.0000
63.0000	28.0166	20.0000
63.0500	28.0360	20.0000
63.0830	28.0500	20.0000
63.1000	28.0571	20.0000
63.1500	28.0798	20.0000
63.1911	28.1000	20.0000
63.2000	28.1043	20.0000
63.2500	28.1302	20.0000
63.2855	28.1500	20.0000
63.3000	28.1579	20.0000
63.3500	28.1870	20.0000
63.3712	28.2000	20.0000
63.4000	28.2173	20.0000
63.4500	28.2490	20.0000
63.4515	28.2500	20.0000
63.5000	28.2812	20.0000
63.5283	28.3000	20.0000
63.5500	28.3140	20.0000
63.6000	28.3471	20.0000
63.6044	28.3500	20.0000
63.6500	28.3795	20.0000
63.6818	28.4000	20.0000
63.7000	28.4113	20.0000
63.7500	28.4418	20.0000
63.7639	28.4500	20.0000
63.8000	28.4705	20.0000
63.8500	28.4975	20.0000
63.8551	28.5000	20.0000
63.9000	28.5218	20.0000
63.9500	28.5440	20.0000
63.9651	28.5500	20.0000
64.0000	28.5636	20.0000
64.0500	28.5810	20.0000
64.1000	28.5964	20.0000
64.1136	28.6000	20.0000
64.1500	28.6097	20.0000
64.2000	28.6215	20.0000
64.2500	28.6321	20.0000
64.3000	28.6419	20.0000
64.3437	28.6500	20.0000
64.3500	28.6512	20.0000
64.4000	28.6603	20.0000
64.4500	28.6696	20.0000
64.5000	28.6795	20.0000
64.5500	28.6902	20.0000
64.5916	28.7000	20.0000
64.6000	28.7021	20.0000
64.6500	28.7151	20.0000
64.7000	28.7295	20.0000
64.7500	28.7455	20.0000
64.7632	28.7500	20.0000
64.8000	28.7631	20.0000
64.8500	28.7824	20.0000
64.8921	28.8000	20.0000
64.9000	28.8035	20.0000
64.9500	28.8263	20.0000
64.9988	28.8500	20.0000
65.0000	28.8506	20.0000
65.0500	28.8768	20.0000
65.0924	28.9000	20.0000
65.1000	28.9044	20.0000
65.1500	28.9337	20.0000
65.1775	28.9500	20.0000
65.2000	28.9642	20.0000
65.2500	28.9960	20.0000
65.2564	29.0000	20.0000
65.3000	29.0291	20.0000
65.3314	29.0500	20.0000
65.3500	29.0632	20.0000
65.4000	29.0980	20.0000
65.4029	29.1000	20.0000
65.4500	29.1342	20.0000
65.4725	29.1500	20.0000
65.5000	29.1710	20.0000
65.5395	29.2000	20.0000
65.5500	29.2084	20.0000
65.6000	29.2467	20.0000
65.6046	29.2500	20.0000
65.6500	29.2863	20.0000
65.6681	29.3000	20.0000
65.7000	29.3270	20.0000
65.7288	29.3500	20.0000
65.7500	29.3692	20.0000
65.7863	29.4000	20.0000
65.8000	29.4134	20.0000
65.8398	29.4500	20.0000
65.8500	29.4611	20.0000
65.8882	29.5000	20.0000
65.9000	29.5146	20.0000
65.9304	29.5500	20.0000
65.9500	29.5790	20.0000
65.9650	29.6000	20.0000
65.9917	29.6500	20.0000
66.0000	29.6720	20.0000
66.0110	29.7000	20.0000
66.0233	29.7500	20.0000
66.0288	29.8000	20.0000
66.0283	29.8500	20.0000
66.0219	29.9000	20.0000
66.0093	29.9500	20.0000
> 20 contour -Z20
59.5363	29.9500	20.0000
59.5500	29.9450	20.0000
59.6000	29.9336	20.0000
59.6500	29.9291	20.0000
59.7000	29.9311	20.0000
59.7500	29.9385	20.0000
59.7980	29.9500	20.0000
