> 20 contour -Z20
120.6487	22.9600	20.0000
120.6600	22.9474	20.0000
120.6662	22.9400	20.0000
120.6800	22.9228	20.0000
120.6821	22.9200	20.0000
120.6964	22.9000	20.0000
120.7000	22.8946	20.0000
120.7093	22.8800	20.0000
120.7200	22.8618	20.0000
120.7210	22.8600	20.0000
120.7315	22.8400	20.0000
120.7400	22.8222	20.0000
120.7410	22.8200	20.0000
120.7495	22.8000	20.0000
120.7573	22.7800	20.0000
120.7600	22.7726	20.0000
120.7644	22.7600	20.0000
120.7708	22.7400	20.0000
120.7767	22.7200	20.0000
120.7800	22.7079	20.0000
120.7821	22.7000	20.0000
120.7871	22.6800	20.0000
120.7918	22.6600	20.0000
120.7962	22.6400	20.0000
120.8000	22.6220	20.0000
120.8004	22.6200	20.0000
120.8044	22.6000	20.0000
120.8083	22.5800	20.0000
120.8121	22.5600	20.0000
120.8159	22.5400	20.0000
120.8197	22.5200	20.0000
120.8200	22.5185	20.0000
120.8235	22.5000	20.0000
120.8273	22.4800	20.0000
120.8312	22.4600	20.0000
120.8352	22.4400	20.0000
120.8393	22.4200	20.0000
120.8400	22.4167	20.0000
120.8435	22.4000	20.0000
120.8478	22.3800	20.0000
120.8522	22.3600	20.0000
120.8567	22.3400	20.0000
120.8600	22.3259	20.0000
120.8614	22.3200	20.0000
120.8661	22.3000	20.0000
120.8710	22.2800	20.0000
120.8760	22.2600	20.0000
120.8800	22.2442	20.0000
120.8811	22.2400	20.0000
120.8862	22.2200	20.0000
120.8915	22.2000	20.0000
120.8969	22.1800	20.0000
120.9000	22.1686	20.0000
120.9023	22.1600	20.0000
120.9078	22.1400	20.0000
120.9134	22.1200	20.0000
120.9191	22.1000	20.0000
120.9200	22.0968	20.0000
120.9247	22.0800	20.0000
120.9304	22.0600	20.0000
120.9361	22.0400	20.0000
120.9400	22.0267	20.0000
120.9419	22.0200	20.0000
120.9476	22.0000	20.0000
120.9533	21.9800	20.0000
120.9590	21.9600	20.0000
120.9600	21.9566	20.0000
120.9646	21.9400	20.0000
120.9702	21.9200	20.0000
120.9757	21.9000	20.0000
120.9800	21.8840	20.0000
120.9811	21.8800	20.0000
120.9862	21.8600	20.0000
120.9913	21.8400	20.0000
120.9963	21.8200	20.0000
121.0000	21.8043	20.0000
121.0010	21.8000	20.0000
121.0054	21.7800	20.0000
121.0097	21.7600	20.0000
121.0137	21.7400	20.0000
121.0174	21.7200	20.0000
121.0200	21.7051	20.0000
121.0209	21.7000	20.0000
121.0239	21.6800	20.0000
121.0267	21.6600	20.0000
121.0291	21.6400	20.0000
121.0312	21.6200	20.0000
121.0330	21.6000	20.0000
121.0344	21.5800	20.0000
121.0355	21.5600	20.0000
121.0363	21.5400	20.0000
121.0368	21.5200	20.0000
121.0370	21.5000	20.0000
121.0370	21.4800	20.0000
121.0367	21.4600	20.0000
121.0362	21.4400	20.0000
121.0356	21.4200	20.0000
121.0348	21.4000	20.0000
121.0339	21.3800	20.0000
121.0329	21.3600	20.0000
121.0319	21.3400	20.0000
121.0308	21.3200	20.0000
121.0297	21.3000	20.0000
121.0287	21.2800	20.0000
121.0277	21.2600	20.0000
121.0268	21.2400	20.0000
121.0259	21.2200	20.0000
121.0252	21.2000	20.0000
121.0245	21.1800	20.0000
121.0240	21.1600	20.0000
121.0235	21.1400	20.0000
121.0233	21.1200	20.0000
121.0231	21.1000	20.0000
121.0231	21.0800	20.0000
121.0233	21.0600	20.0000
121.0235	21.0400	20.0000
121.0240	21.0200	20.0000
121.0246	21.0000	20.0000
121.0253	20.9800	20.0000
121.0262	20.9600	20.0000
121.0272	20.9400	20.0000
121.0283	20.9200	20.0000
121.0296	20.9000	20.0000
121.0310	20.8800	20.0000
121.0326	20.8600	20.0000
121.0342	20.8400	20.0000
121.0360	20.8200	20.0000
121.0378	20.8000	20.0000
121.0398	20.7800	20.0000
121.0400	20.7775	20.0000
121.0417	20.7600	20.0000
121.0437	20.7400	20.0000
121.0458	20.7200	20.0000
121.0479	20.7000	20.0000
121.0500	20.6800	20.0000
121.0522	20.6600	20.0000
121.0543	20.6400	20.0000
121.0565	20.6200	20.0000
121.0586	20.6000	20.0000
121.0600	20.5861	20.0000
121.0606	20.5800	20.0000
121.0626	20.5600	20.0000
121.0645	20.5400	20.0000
121.0664	20.5200	20.0000
121.0682	20.5000	20.0000
121.0699	20.4800	20.0000
121.0715	20.4600	20.0000
121.0730	20.4400	20.0000
121.0744	20.4200	20.0000
121.0757	20.4000	20.0000
121.0768	20.3800	20.0000
121.0779	20.3600	20.0000
121.0788	20.3400	20.0000
121.0795	20.3200	20.0000
121.0800	20.3054	20.0000
121.0802	20.3000	20.0000
121.0806	20.2800	20.0000
121.0810	20.2600	20.0000
121.0811	20.2400	20.0000
121.0811	20.2200	20.0000
121.0810	20.2000	20.0000
121.0807	20.1800	20.0000
121.0802	20.1600	20.0000
121.0800	20.1540	20.0000
121.0795	20.1400	20.0000
121.0787	20.1200	20.0000
121.0777	20.1000	20.0000
121.0765	20.0800	20.0000
121.0751	20.0600	20.0000
121.0736	20.0400	20.0000
121.0719	20.0200	20.0000
121.0701	20.0000	20.0000
121.0680	19.9800	20.0000
121.0659	19.9600	20.0000
121.0635	19.9400	20.0000
121.0610	19.9200	20.0000
121.0600	19.9120	20.0000
121.0584	19.9000	20.0000
121.0556	19.8800	20.0000
121.0526	19.8600	20.0000
121.0495	19.8400	20.0000
121.0463	19.8200	20.0000
121.0431	19.8000	20.0000
121.0400	19.7820	20.0000
121.0396	19.7800	20.0000
121.0361	19.7600	20.0000
121.0324	19.7400	20.0000
121.0286	19.7200	20.0000
121.0247	19.7000	20.0000
121.0208	19.6800	20.0000
121.0200	19.6761	20.0000
121.0167	19.6600	20.0000
121.0124	19.6400	20.0000
121.0081	19.6200	20.0000
121.0037	19.6000	20.0000
121.0000	19.5834	20.0000
120.9992	19.5800	20.0000
120.9945	19.5600	20.0000
120.9897	19.5400	20.0000
120.9848	19.5200	20.0000
120.9800	19.5012	20.0000
120.9797	19.5000	20.0000
120.9744	19.4800	20.0000
120.9689	19.4600	20.0000
120.9633	19.4400	20.0000
120.9600	19.4287	20.0000
120.9574	19.4200	20.0000
120.9512	19.4000	20.0000
120.9449	19.3800	20.0000
120.9400	19.3652	20.0000
120.9382	19.3600	20.0000
120.9312	19.3400	20.0000
120.9239	19.3200	20.0000
120.9200	19.3096	20.0000
120.9163	19.3000	20.0000
120.9082	19.2800	20.0000
120.9000	19.2605	20.0000
120.8998	19.2600	20.0000
120.8909	19.2400	20.0000
120.8816	19.2200	20.0000
120.8800	19.2167	20.0000
120.8718	19.2000	20.0000
120.8616	19.1800	20.0000
120.8600	19.1770	20.0000
120.8509	19.1600	20.0000
120.8400	19.1406	20.0000
120.8396	19.1400	20.0000
120.8280	19.1200	20.0000
120.8200	19.1069	20.0000
120.8158	19.1000	20.0000
120.8032	19.0800	20.0000
120.8000	19.0751	20.0000
120.7902	19.0600	20.0000
120.7800	19.0449	20.0000
120.7767	19.0400	20.0000
120.7629	19.0200	20.0000
120.7600	19.0159	20.0000
120.7488	19.0000	20.0000
120.7400	18.9879	20.0000
120.7344	18.9800	20.0000
120.7200	18.9604	20.0000
120.7197	18.9600	20.0000
120.7048	18.9400	20.0000
120.7000	18.9336	20.0000
120.6898	18.9200	20.0000
120.6800	18.9072	20.0000
120.6746	18.9000	20.0000
120.6600	18.8809	20.0000
120.6593	18.8800	20.0000
120.6440	18.8600	20.0000
120.6400	18.8548	20.0000
120.6287	18.8400	20.0000
120.6200	18.8288	20.0000
120.6133	18.8200	20.0000
120.6000	18.8027	20.0000
120.5979	18.8000	20.0000
120.5827	18.7800	20.0000
120.5800	18.7766	20.0000
120.5675	18.7600	20.0000
120.5600	18.7503	20.0000
120.5523	18.7400	20.0000
120.5400	18.7237	20.0000
120.5372	18.7200	20.0000
120.5223	18.7000	20.0000
120.5200	18.6970	20.0000
120.5075	18.6800	20.0000
120.5000	18.6699	20.0000
120.4928	18.6600	20.0000
120.4800	18.6424	20.0000
120.4783	18.6400	20.0000
120.4639	18.6200	20.0000
120.4600	18.6146	20.0000
120.4497	18.6000	20.0000
120.4400	18.5862	20.0000
120.4357	18.5800	20.0000
120.4218	18.5600	20.0000
120.4200	18.5574	20.0000
120.4082	18.5400	20.0000
120.4000	18.5279	20.0000
120.3947	18.5200	20.0000
120.3814	18.5000	20.0000
120.3800	18.4978	20.0000
120.3684	18.4800	20.0000
120.3600	18.4669	20.0000
120.3556	18.4600	20.0000
120.3429	18.4400	20.0000
120.3400	18.4353	20.0000
120.3305	18.4200	20.0000
120.3200	18.4028	20.0000
120.3183	18.4000	20.0000
120.3064	18.3800	20.0000
120.3000	18.3693	20.0000
120.2946	18.3600	20.0000
120.2830	18.3400	20.0000
120.2800	18.3347	20.0000
120.2717	18.3200	20.0000
120.2605	18.3000	20.0000
120.2600	18.2991	20.0000
120.2496	18.2800	20.0000
120.2400	18.2623	20.0000
120.2388	18.2600	20.0000
120.2282	18.2400	20.0000
120.2200	18.2241	20.0000
120.2179	18.2200	20.0000
120.2077	18.2000	20.0000
120.2000	18.1847	20.0000
120.1977	18.1800	20.0000
120.1878	18.1600	20.0000
120.1800	18.1438	20.0000
120.1782	18.1400	20.0000
120.1687	18.1200	20.0000
120.1600	18.1014	20.0000
120.1593	18.1000	20.0000
120.1501	18.0800	20.0000
120.1411	18.0600	20.0000
120.1400	18.0576	20.0000
120.1322	18.0400	20.0000
120.1234	18.0200	20.0000
120.1200	18.0121	20.0000
120.1148	18.0000	20.0000
120.1063	17.9800	20.0000
120.1000	17.9650	20.0000
120.0979	17.9600	20.0000
120.0896	17.9400	20.0000
120.0815	17.9200	20.0000
120.0800	17.9163	20.0000
120.0734	17.9000	20.0000
120.0655	17.8800	20.0000
120.0600	17.8659	20.0000
120.0577	17.8600	20.0000
120.0500	17.8400	20.0000
120.0423	17.8200	20.0000
120.0400	17.8138	20.0000
120.0348	17.8000	20.0000
120.0274	17.7800	20.0000
120.0201	17.7600	20.0000
120.0200	17.7598	20.0000
120.0129	17.7400	20.0000
120.0058	17.7200	20.0000
120.0000	17.7035	20.0000
119.9988	17.7000	20.0000
119.9919	17.6800	20.0000
119.9851	17.6600	20.0000
119.9800	17.6446	20.0000
119.9785	17.6400	20.0000
119.9719	17.6200	20.0000
119.9655	17.6000	20.0000
119.9600	17.5824	20.0000
119.9592	17.5800	20.0000
119.9531	17.5600	20.0000
119.9471	17.5400	20.0000
119.9412	17.5200	20.0000
119.9400	17.5157	20.0000
119.9355	17.5000	20.0000
119.9300	17.4800	20.0000
119.9246	17.4600	20.0000
119.9200	17.4426	20.0000
119.9193	17.4400	20.0000
119.9142	17.4200	20.0000
119.9093	17.4000	20.0000
119.9046	17.3800	20.0000
119.9000	17.3600	20.0000
119.9000	17.3599	20.0000
119.8956	17.3400	20.0000
119.8913	17.3200	20.0000
119.8873	17.3000	20.0000
119.8834	17.2800	20.0000
119.8800	17.2619	20.0000
119.8797	17.2600	20.0000
119.8761	17.2400	20.0000
119.8726	17.2200	20.0000
119.8694	17.2000	20.0000
119.8662	17.1800	20.0000
119.8633	17.1600	20.0000
119.8604	17.1400	20.0000
119.8600	17.1370	20.0000
119.8577	17.1200	20.0000
119.8550	17.1000	20.0000
119.8525	17.0800	20.0000
119.8500	17.0600	20.0000
119.8476	17.0400	20.0000
119.8453	17.0200	20.0000
119.8430	17.0000	20.0000
119.8407	16.9800	20.0000
119.8400	16.9742	20.0000
119.8384	16.9600	20.0000
119.8360	16.9400	20.0000
119.8336	16.9200	20.0000
119.8312	16.9000	20.0000
119.8287	16.8800	20.0000
119.8261	16.8600	20.0000
119.8234	16.8400	20.0000
119.8205	16.8200	20.0000
119.8200	16.8167	20.0000
119.8175	16.8000	20.0000
119.8143	16.7800	20.0000
119.8109	16.7600	20.0000
119.8074	16.7400	20.0000
119.8037	16.7200	20.0000
119.8000	16.7010	20.0000
119.7998	16.7000	20.0000
119.7957	16.6800	20.0000
119.7914	16.6600	20.0000
119.7870	16.6400	20.0000
119.7825	16.6200	20.0000
119.7800	16.6096	20.0000
119.7777	16.6000	20.0000
119.7729	16.5800	20.0000
119.7679	16.5600	20.0000
119.7629	16.5400	20.0000
119.7600	16.5285	20.0000
119.7578	16.5200	20.0000
119.7527	16.5000	20.0000
119.7475	16.4800	20.0000
119.7424	16.4600	20.0000
119.7400	16.4508	20.0000
119.7372	16.4400	20.0000
119.7321	16.4200	20.0000
119.7271	16.4000	20.0000
119.7221	16.3800	20.0000
119.7200	16.3715	20.0000
119.7172	16.3600	20.0000
119.7124	16.3400	20.0000
119.7076	16.3200	20.0000
119.7031	16.3000	20.0000
119.7000	16.2863	20.0000
119.6986	16.2800	20.0000
119.6942	16.2600	20.0000
119.6900	16.2400	20.0000
119.6859	16.2200	20.0000
119.6819	16.2000	20.0000
119.6800	16.1899	20.0000
119.6781	16.1800	20.0000
119.6744	16.1600	20.0000
119.6708	16.1400	20.0000
119.6674	16.1200	20.0000
119.6641	16.1000	20.0000
119.6609	16.0800	20.0000
119.6600	16.0740	20.0000
119.6578	16.0600	20.0000
119.6549	16.0400	20.0000
119.6520	16.0200	20.0000
119.6493	16.0000	20.0000
119.6467	15.9800	20.0000
119.6442	15.9600	20.0000
119.6417	15.9400	20.0000
119.6400	15.9253	20.0000
119.6394	15.9200	20.0000
119.6371	15.9000	20.0000
119.6348	15.8800	20.0000
119.6327	15.8600	20.0000
119.6306	15.8400	20.0000
119.6285	15.8200	20.0000
119.6265	15.8000	20.0000
119.6246	15.7800	20.0000
119.6227	15.7600	20.0000
119.6208	15.7400	20.0000
119.6200	15.7318	20.0000
119.6189	15.7200	20.0000
119.6170	15.7000	20.0000
119.6152	15.6800	20.0000
119.6133	15.6600	20.0000
119.6115	15.6400	20.0000
119.6097	15.6200	20.0000
119.6079	15.6000	20.0000
119.6062	15.5800	20.0000
119.6044	15.5600	20.0000
119.6026	15.5400	20.0000
119.6009	15.5200	20.0000
119.6000	15.5102	20.0000
119.5991	15.5000	20.0000
119.5973	15.4800	20.0000
119.5955	15.4600	20.0000
119.5938	15.4400	20.0000
119.5920	15.4200	20.0000
119.5903	15.4000	20.0000
119.5886	15.3800	20.0000
119.5870	15.3600	20.0000
119.5853	15.3400	20.0000
119.5837	15.3200	20.0000
119.5822	15.3000	20.0000
119.5807	15.2800	20.0000
119.5800	15.2706	20.0000
119.5792	15.2600	20.0000
119.5778	15.2400	20.0000
119.5765	15.2200	20.0000
119.5752	15.2000	20.0000
119.5741	15.1800	20.0000
119.5730	15.1600	20.0000
119.5721	15.1400	20.0000
119.5713	15.1200	20.0000
119.5706	15.1000	20.0000
119.5700	15.0800	20.0000
119.5696	15.0600	20.0000
119.5693	15.0400	20.0000
119.5692	15.0200	20.0000
119.5692	15.0000	20.0000
119.5694	14.9800	20.0000
119.5698	14.9600	20.0000
119.5704	14.9400	20.0000
119.5711	14.9200	20.0000
119.5721	14.9000	20.0000
119.5732	14.8800	20.0000
119.5746	14.8600	20.0000
119.5761	14.8400	20.0000
119.5779	14.8200	20.0000
119.5798	14.8000	20.0000
119.5800	14.7985	20.0000
119.5820	14.7800	20.0000
119.5843	14.7600	20.0000
119.5869	14.7400	20.0000
119.5897	14.7200	20.0000
119.5926	14.7000	20.0000
119.5958	14.6800	20.0000
119.5993	14.6600	20.0000
119.6000	14.6558	20.0000
119.6028	14.6400	20.0000
119.6066	14.6200	20.0000
119.6105	14.6000	20.0000
119.6147	14.5800	20.0000
119.6190	14.5600	20.0000
119.6200	14.5557	20.0000
119.6235	14.5400	20.0000
119.6281	14.5200	20.0000
119.6329	14.5000	20.0000
119.6379	14.4800	20.0000
119.6400	14.4719	20.0000
119.6430	14.4600	20.0000
119.6482	14.4400	20.0000
119.6536	14.4200	20.0000
119.6591	14.4000	20.0000
119.6600	14.3967	20.0000
119.6646	14.3800	20.0000
119.6703	14.3600	20.0000
119.6760	14.3400	20.0000
119.6800	14.3265	20.0000
119.6819	14.3200	20.0000
119.6877	14.3000	20.0000
119.6937	14.2800	20.0000
119.6997	14.2600	20.0000
119.7000	14.2590	20.0000
119.7057	14.2400	20.0000
119.7117	14.2200	20.0000
119.7179	14.2000	20.0000
119.7200	14.1931	20.0000
119.7240	14.1800	20.0000
119.7301	14.1600	20.0000
119.7363	14.1400	20.0000
119.7400	14.1282	20.0000
119.7425	14.1200	20.0000
119.7487	14.1000	20.0000
119.7550	14.0800	20.0000
119.7600	14.0641	20.0000
119.7613	14.0600	20.0000
119.7676	14.0400	20.0000
119.7739	14.0200	20.0000
119.7800	14.0013	20.0000
119.7804	14.0000	20.0000
119.7869	13.9800	20.0000
119.7935	13.9600	20.0000
119.8000	13.9405	20.0000
119.8002	13.9400	20.0000
119.8069	13.9200	20.0000
119.8137	13.9000	20.0000
119.8200	13.8822	20.0000
119.8208	13.8800	20.0000
119.8278	13.8600	20.0000
119.8351	13.8400	20.0000
119.8400	13.8269	20.0000
119.8425	13.8200	20.0000
119.8500	13.8000	20.0000
119.8578	13.7800	20.0000
119.8600	13.7743	20.0000
119.8656	13.7600	20.0000
119.8736	13.7400	20.0000
119.8800	13.7246	20.0000
119.8818	13.7200	20.0000
119.8902	13.7000	20.0000
119.8988	13.6800	20.0000
119.9000	13.6772	20.0000
119.9074	13.6600	20.0000
119.9163	13.6400	20.0000
119.9200	13.6319	20.0000
119.9253	13.6200	20.0000
119.9345	13.6000	20.0000
119.9400	13.5883	20.0000
119.9438	13.5800	20.0000
119.9532	13.5600	20.0000
119.9600	13.5457	20.0000
119.9627	13.5400	20.0000
119.9722	13.5200	20.0000
119.9800	13.5036	20.0000
119.9817	13.5000	20.0000
119.9911	13.4800	20.0000
120.0000	13.4611	20.0000
120.0005	13.4600	20.0000
120.0096	13.4400	20.0000
120.0186	13.4200	20.0000
120.0200	13.4167	20.0000
120.0271	13.4000	20.0000
120.0354	13.3800	20.0000
120.0400	13.3682	20.0000
120.0431	13.3600	20.0000
120.0503	13.3400	20.0000
120.0570	13.3200	20.0000
120.0600	13.3103	20.0000
120.0630	13.3000	20.0000
120.0684	13.2800	20.0000
120.0730	13.2600	20.0000
120.0770	13.2400	20.0000
> 40 contour -Z40
121.0214	22.9200	40.0000
121.0289	22.9000	40.0000
121.0360	22.8800	40.0000
121.0400	22.8677	40.0000
121.0426	22.8600	40.0000
121.0489	22.8400	40.0000
121.0547	22.8200	40.0000
121.0600	22.8009	40.0000
121.0603	22.8000	40.0000
121.0657	22.7800	40.0000
121.0708	22.7600	40.0000
121.0756	22.7400	40.0000
121.0800	22.7211	40.0000
121.0803	22.7200	40.0000
121.0849	22.7000	40.0000
121.0894	22.6800	40.0000
121.0937	22.6600	40.0000
121.0980	22.6400	40.0000
121.1000	22.6304	40.0000
121.1022	22.6200	40.0000
121.1065	22.6000	40.0000
121.1107	22.5800	40.0000
121.1149	22.5600	40.0000
121.1190	22.5400	40.0000
121.1200	22.5351	40.0000
121.1232	22.5200	40.0000
121.1275	22.5000	40.0000
121.1317	22.4800	40.0000
121.1359	22.4600	40.0000
121.1400	22.4403	40.0000
121.1401	22.4400	40.0000
121.1444	22.4200	40.0000
121.1487	22.4000	40.0000
121.1530	22.3800	40.0000
121.1573	22.3600	40.0000
121.1600	22.3473	40.0000
121.1616	22.3400	40.0000
121.1660	22.3200	40.0000
121.1704	22.3000	40.0000
121.1748	22.2800	40.0000
121.1792	22.2600	40.0000
121.1800	22.2563	40.0000
121.1837	22.2400	40.0000
121.1882	22.2200	40.0000
121.1927	22.2000	40.0000
121.1972	22.1800	40.0000
121.2000	22.1678	40.0000
121.2018	22.1600	40.0000
121.2065	22.1400	40.0000
121.2112	22.1200	40.0000
121.2158	22.1000	40.0000
121.2200	22.0824	40.0000
121.2206	22.0800	40.0000
121.2254	22.0600	40.0000
121.2302	22.0400	40.0000
121.2351	22.0200	40.0000
121.2399	22.0000	40.0000
121.2400	21.9998	40.0000
121.2449	21.9800	40.0000
121.2499	21.9600	40.0000
121.2548	21.9400	40.0000
121.2598	21.9200	40.0000
121.2600	21.9190	40.0000
121.2648	21.9000	40.0000
121.2698	21.8800	40.0000
121.2747	21.8600	40.0000
121.2796	21.8400	40.0000
121.2800	21.8384	40.0000
121.2845	21.8200	40.0000
121.2894	21.8000	40.0000
121.2942	21.7800	40.0000
121.2989	21.7600	40.0000
121.3000	21.7554	40.0000
121.3036	21.7400	40.0000
121.3083	21.7200	40.0000
121.3128	21.7000	40.0000
121.3172	21.6800	40.0000
121.3200	21.6671	40.0000
121.3216	21.6600	40.0000
121.3259	21.6400	40.0000
121.3301	21.6200	40.0000
121.3341	21.6000	40.0000
121.3381	21.5800	40.0000
121.3400	21.5701	40.0000
121.3420	21.5600	40.0000
121.3459	21.5400	40.0000
121.3497	21.5200	40.0000
121.3535	21.5000	40.0000
121.3571	21.4800	40.0000
121.3600	21.4643	40.0000
121.3608	21.4600	40.0000
121.3645	21.4400	40.0000
121.3683	21.4200	40.0000
121.3720	21.4000	40.0000
121.3757	21.3800	40.0000
121.3795	21.3600	40.0000
121.3800	21.3575	40.0000
121.3835	21.3400	40.0000
121.3875	21.3200	40.0000
121.3916	21.3000	40.0000
121.3958	21.2800	40.0000
121.4000	21.2606	40.0000
121.4001	21.2600	40.0000
121.4047	21.2400	40.0000
121.4094	21.2200	40.0000
121.4142	21.2000	40.0000
121.4190	21.1800	40.0000
121.4200	21.1760	40.0000
121.4242	21.1600	40.0000
121.4294	21.1400	40.0000
121.4347	21.1200	40.0000
121.4400	21.1004	40.0000
121.4401	21.1000	40.0000
121.4458	21.0800	40.0000
121.4515	21.0600	40.0000
121.4572	21.0400	40.0000
121.4600	21.0300	40.0000
121.4630	21.0200	40.0000
121.4690	21.0000	40.0000
121.4748	20.9800	40.0000
121.4800	20.9621	40.0000
121.4807	20.9600	40.0000
121.4867	20.9400	40.0000
121.4926	20.9200	40.0000
121.4983	20.9000	40.0000
121.5000	20.8941	40.0000
121.5042	20.8800	40.0000
121.5100	20.8600	40.0000
121.5155	20.8400	40.0000
121.5200	20.8233	40.0000
121.5210	20.8200	40.0000
121.5264	20.8000	40.0000
121.5317	20.7800	40.0000
121.5367	20.7600	40.0000
121.5400	20.7461	40.0000
121.5415	20.7400	40.0000
121.5463	20.7200	40.0000
121.5508	20.7000	40.0000
121.5550	20.6800	40.0000
121.5589	20.6600	40.0000
121.5600	20.6542	40.0000
121.5627	20.6400	40.0000
121.5663	20.6200	40.0000
121.5695	20.6000	40.0000
121.5723	20.5800	40.0000
121.5749	20.5600	40.0000
121.5771	20.5400	40.0000
121.5790	20.5200	40.0000
121.5800	20.5073	40.0000
121.5806	20.5000	40.0000
121.5819	20.4800	40.0000
121.5829	20.4600	40.0000
121.5836	20.4400	40.0000
121.5840	20.4200	40.0000
121.5841	20.4000	40.0000
121.5838	20.3800	40.0000
121.5833	20.3600	40.0000
121.5826	20.3400	40.0000
121.5816	20.3200	40.0000
121.5804	20.3000	40.0000
121.5800	20.2950	40.0000
121.5790	20.2800	40.0000
121.5775	20.2600	40.0000
121.5758	20.2400	40.0000
121.5740	20.2200	40.0000
121.5721	20.2000	40.0000
121.5701	20.1800	40.0000
121.5681	20.1600	40.0000
121.5659	20.1400	40.0000
121.5638	20.1200	40.0000
121.5617	20.1000	40.0000
121.5600	20.0844	40.0000
121.5596	20.0800	40.0000
121.5576	20.0600	40.0000
121.5556	20.0400	40.0000
121.5538	20.0200	40.0000
121.5520	20.0000	40.0000
121.5504	19.9800	40.0000
121.5489	19.9600	40.0000
121.5476	19.9400	40.0000
121.5464	19.9200	40.0000
121.5454	19.9000	40.0000
121.5447	19.8800	40.0000
121.5442	19.8600	40.0000
121.5439	19.8400	40.0000
121.5440	19.8200	40.0000
121.5443	19.8000	40.0000
121.5450	19.7800	40.0000
121.5460	19.7600	40.0000
121.5473	19.7400	40.0000
121.5491	19.7200	40.0000
121.5512	19.7000	40.0000
121.5537	19.6800	40.0000
121.5567	19.6600	40.0000
121.5600	19.6411	40.0000
121.5602	19.6400	40.0000
121.5643	19.6200	40.0000
121.5689	19.6000	40.0000
121.5740	19.5800	40.0000
121.5797	19.5600	40.0000
121.5800	19.5590	40.0000
121.5862	19.5400	40.0000
121.5933	19.5200	40.0000
121.6000	19.5024	40.0000
121.6010	19.5000	40.0000
121.6096	19.4800	40.0000
121.6188	19.4600	40.0000
121.6200	19.4574	40.0000
121.6289	19.4400	40.0000
121.6396	19.4200	40.0000
121.6400	19.4192	40.0000
121.6511	19.4000	40.0000
121.6600	19.3848	40.0000
121.6630	19.3800	40.0000
121.6754	19.3600	40.0000
121.6800	19.3524	40.0000
121.6879	19.3400	40.0000
121.7000	19.3204	40.0000
121.7003	19.3200	40.0000
121.7121	19.3000	40.0000
121.7200	19.2856	40.0000
121.7231	19.2800	40.0000
121.7328	19.2600	40.0000
121.7400	19.2425	40.0000
121.7410	19.2400	40.0000
121.7476	19.2200	40.0000
121.7525	19.2000	40.0000
121.7558	19.1800	40.0000
121.7577	19.1600	40.0000
121.7583	19.1400	40.0000
121.7577	19.1200	40.0000
121.7564	19.1000	40.0000
121.7543	19.0800	40.0000
121.7518	19.0600	40.0000
121.7489	19.0400	40.0000
121.7459	19.0200	40.0000
121.7428	19.0000	40.0000
121.7400	18.9819	40.0000
121.7397	18.9800	40.0000
121.7366	18.9600	40.0000
121.7336	18.9400	40.0000
121.7308	18.9200	40.0000
121.7281	18.9000	40.0000
121.7256	18.8800	40.0000
121.7233	18.8600	40.0000
121.7211	18.8400	40.0000
121.7200	18.8289	40.0000
121.7191	18.8200	40.0000
121.7171	18.8000	40.0000
121.7152	18.7800	40.0000
121.7133	18.7600	40.0000
121.7114	18.7400	40.0000
121.7096	18.7200	40.0000
121.7076	18.7000	40.0000
121.7055	18.6800	40.0000
121.7033	18.6600	40.0000
121.7009	18.6400	40.0000
121.7000	18.6337	40.0000
121.6981	18.6200	40.0000
121.6951	18.6000	40.0000
121.6917	18.5800	40.0000
121.6879	18.5600	40.0000
121.6838	18.5400	40.0000
121.6800	18.5236	40.0000
121.6791	18.5200	40.0000
121.6739	18.5000	40.0000
121.6682	18.4800	40.0000
121.6620	18.4600	40.0000
121.6600	18.4541	40.0000
121.6551	18.4400	40.0000
121.6477	18.4200	40.0000
121.6400	18.4009	40.0000
121.6397	18.4000	40.0000
121.6309	18.3800	40.0000
121.6217	18.3600	40.0000
121.6200	18.3564	40.0000
121.6119	18.3400	40.0000
121.6016	18.3200	40.0000
121.6000	18.3169	40.0000
121.5908	18.3000	40.0000
121.5800	18.2806	40.0000
121.5796	18.2800	40.0000
121.5680	18.2600	40.0000
121.5600	18.2465	40.0000
121.5561	18.2400	40.0000
121.5440	18.2200	40.0000
121.5400	18.2136	40.0000
121.5316	18.2000	40.0000
121.5200	18.1814	40.0000
121.5191	18.1800	40.0000
121.5065	18.1600	40.0000
121.5000	18.1498	40.0000
121.4938	18.1400	40.0000
121.4811	18.1200	40.0000
121.4800	18.1183	40.0000
121.4683	18.1000	40.0000
121.4600	18.0869	40.0000
121.4556	18.0800	40.0000
121.4429	18.0600	40.0000
121.4400	18.0554	40.0000
121.4303	18.0400	40.0000
121.4200	18.0237	40.0000
121.4177	18.0200	40.0000
121.4051	18.0000	40.0000
121.4000	17.9918	40.0000
121.3926	17.9800	40.0000
121.3801	17.9600	40.0000
121.3800	17.9598	40.0000
121.3677	17.9400	40.0000
121.3600	17.9276	40.0000
121.3553	17.9200	40.0000
121.3430	17.9000	40.0000
121.3400	17.8952	40.0000
121.3306	17.8800	40.0000
121.3200	17.8627	40.0000
121.3183	17.8600	40.0000
121.3060	17.8400	40.0000
121.3000	17.8301	40.0000
121.2938	17.8200	40.0000
121.2815	17.8000	40.0000
121.2800	17.7975	40.0000
121.2692	17.7800	40.0000
121.2600	17.7649	40.0000
121.2570	17.7600	40.0000
121.2447	17.7400	40.0000
121.2400	17.7323	40.0000
121.2324	17.7200	40.0000
121.2201	17.7000	40.0000
121.2200	17.6998	40.0000
121.2078	17.6800	40.0000
121.2000	17.6673	40.0000
121.1955	17.6600	40.0000
121.1832	17.6400	40.0000
121.1800	17.6348	40.0000
121.1708	17.6200	40.0000
121.1600	17.6024	40.0000
121.1585	17.6000	40.0000
121.1461	17.5800	40.0000
121.1400	17.5701	40.0000
121.1337	17.5600	40.0000
121.1214	17.5400	40.0000
121.1200	17.5377	40.0000
121.1089	17.5200	40.0000
121.1000	17.5054	40.0000
121.0966	17.5000	40.0000
121.0842	17.4800	40.0000
121.0800	17.4732	40.0000
121.0717	17.4600	40.0000
121.0600	17.4410	40.0000
121.0593	17.4400	40.0000
121.0468	17.4200	40.0000
121.0400	17.4090	40.0000
121.0343	17.4000	40.0000
121.0218	17.3800	40.0000
121.0200	17.3771	40.0000
121.0091	17.3600	40.0000
121.0000	17.3454	40.0000
120.9965	17.3400	40.0000
120.9837	17.3200	40.0000
120.9800	17.3141	40.0000
120.9708	17.3000	40.0000
120.9600	17.2833	40.0000
120.9578	17.2800	40.0000
120.9445	17.2600	40.0000
120.9400	17.2532	40.0000
120.9309	17.2400	40.0000
120.9200	17.2238	40.0000
120.9173	17.2200	40.0000
120.9031	17.2000	40.0000
120.9000	17.1955	40.0000
120.8886	17.1800	40.0000
120.8800	17.1683	40.0000
120.8736	17.1600	40.0000
120.8600	17.1423	40.0000
120.8582	17.1400	40.0000
120.8419	17.1200	40.0000
120.8400	17.1176	40.0000
120.8248	17.1000	40.0000
120.8200	17.0943	40.0000
120.8068	17.0800	40.0000
120.8000	17.0725	40.0000
120.7876	17.0600	40.0000
120.7800	17.0522	40.0000
120.7670	17.0400	40.0000
120.7600	17.0333	40.0000
120.7447	17.0200	40.0000
120.7400	17.0159	40.0000
120.7202	17.0000	40.0000
120.7200	16.9998	40.0000
120.7000	16.9852	40.0000
120.6921	16.9800	40.0000
120.6800	16.9718	40.0000
120.6607	16.9600	40.0000
120.6600	16.9595	40.0000
120.6400	16.9484	40.0000
120.6237	16.9400	40.0000
120.6200	16.9380	40.0000
120.6000	16.9284	40.0000
120.5819	16.9200	40.0000
120.5800	16.9191	40.0000
120.5600	16.9100	40.0000
120.5400	16.9007	40.0000
120.5385	16.9000	40.0000
120.5200	16.8908	40.0000
120.5002	16.8800	40.0000
120.5000	16.8799	40.0000
120.4800	16.8674	40.0000
120.4697	16.8600	40.0000
120.4600	16.8528	40.0000
120.4450	16.8400	40.0000
120.4400	16.8356	40.0000
120.4247	16.8200	40.0000
120.4200	16.8150	40.0000
120.4075	16.8000	40.0000
120.4000	16.7906	40.0000
120.3925	16.7800	40.0000
120.3800	16.7617	40.0000
120.3790	16.7600	40.0000
120.3670	16.7400	40.0000
120.3600	16.7279	40.0000
120.3559	16.7200	40.0000
120.3455	16.7000	40.0000
120.3400	16.6891	40.0000
120.3358	16.6800	40.0000
120.3266	16.6600	40.0000
120.3200	16.6456	40.0000
120.3177	16.6400	40.0000
120.3093	16.6200	40.0000
120.3009	16.6000	40.0000
120.3000	16.5979	40.0000
120.2930	16.5800	40.0000
120.2852	16.5600	40.0000
120.2800	16.5469	40.0000
120.2774	16.5400	40.0000
120.2700	16.5200	40.0000
120.2624	16.5000	40.0000
120.2600	16.4936	40.0000
120.2551	16.4800	40.0000
120.2478	16.4600	40.0000
120.2404	16.4400	40.0000
120.2400	16.4390	40.0000
120.2333	16.4200	40.0000
120.2260	16.4000	40.0000
120.2200	16.3837	40.0000
120.2187	16.3800	40.0000
120.2116	16.3600	40.0000
120.2043	16.3400	40.0000
120.2000	16.3284	40.0000
120.1970	16.3200	40.0000
120.1898	16.3000	40.0000
120.1824	16.2800	40.0000
120.1800	16.2736	40.0000
120.1751	16.2600	40.0000
120.1678	16.2400	40.0000
120.1602	16.2200	40.0000
120.1600	16.2195	40.0000
120.1529	16.2000	40.0000
120.1454	16.1800	40.0000
120.1400	16.1660	40.0000
120.1378	16.1600	40.0000
120.1304	16.1400	40.0000
120.1228	16.1200	40.0000
120.1200	16.1127	40.0000
120.1154	16.1000	40.0000
120.1080	16.0800	40.0000
120.1005	16.0600	40.0000
120.1000	16.0586	40.0000
120.0934	16.0400	40.0000
120.0863	16.0200	40.0000
120.0800	16.0026	40.0000
120.0791	16.0000	40.0000
120.0724	15.9800	40.0000
120.0656	15.9600	40.0000
120.0600	15.9434	40.0000
120.0589	15.9400	40.0000
120.0527	15.9200	40.0000
120.0465	15.9000	40.0000
120.0404	15.8800	40.0000
120.0400	15.8788	40.0000
120.0347	15.8600	40.0000
120.0291	15.8400	40.0000
120.0237	15.8200	40.0000
120.0200	15.8063	40.0000
120.0184	15.8000	40.0000
120.0135	15.7800	40.0000
120.0087	15.7600	40.0000
120.0041	15.7400	40.0000
120.0000	15.7222	40.0000
119.9995	15.7200	40.0000
119.9954	15.7000	40.0000
119.9913	15.6800	40.0000
119.9874	15.6600	40.0000
119.9835	15.6400	40.0000
119.9800	15.6211	40.0000
119.9798	15.6200	40.0000
119.9764	15.6000	40.0000
119.9731	15.5800	40.0000
119.9700	15.5600	40.0000
119.9669	15.5400	40.0000
119.9639	15.5200	40.0000
119.9610	15.5000	40.0000
119.9600	15.4926	40.0000
119.9584	15.4800	40.0000
119.9559	15.4600	40.0000
119.9535	15.4400	40.0000
119.9512	15.4200	40.0000
119.9491	15.4000	40.0000
119.9470	15.3800	40.0000
119.9451	15.3600	40.0000
119.9433	15.3400	40.0000
119.9417	15.3200	40.0000
119.9402	15.3000	40.0000
119.9400	15.2976	40.0000
119.9389	15.2800	40.0000
119.9377	15.2600	40.0000
119.9367	15.2400	40.0000
119.9359	15.2200	40.0000
119.9352	15.2000	40.0000
119.9347	15.1800	40.0000
119.9344	15.1600	40.0000
119.9342	15.1400	40.0000
119.9342	15.1200	40.0000
119.9344	15.1000	40.0000
119.9348	15.0800	40.0000
119.9353	15.0600	40.0000
119.9360	15.0400	40.0000
119.9369	15.0200	40.0000
119.9380	15.0000	40.0000
119.9392	14.9800	40.0000
119.9400	14.9692	40.0000
119.9407	14.9600	40.0000
119.9424	14.9400	40.0000
119.9442	14.9200	40.0000
119.9463	14.9000	40.0000
119.9484	14.8800	40.0000
119.9508	14.8600	40.0000
119.9533	14.8400	40.0000
119.9559	14.8200	40.0000
119.9587	14.8000	40.0000
119.9600	14.7910	40.0000
119.9617	14.7800	40.0000
119.9649	14.7600	40.0000
119.9682	14.7400	40.0000
119.9716	14.7200	40.0000
119.9751	14.7000	40.0000
119.9787	14.6800	40.0000
119.9800	14.6730	40.0000
119.9825	14.6600	40.0000
119.9865	14.6400	40.0000
119.9905	14.6200	40.0000
119.9946	14.6000	40.0000
119.9988	14.5800	40.0000
120.0000	14.5742	40.0000
120.0031	14.5600	40.0000
120.0075	14.5400	40.0000
120.0120	14.5200	40.0000
120.0165	14.5000	40.0000
120.0200	14.4846	40.0000
120.0211	14.4800	40.0000
120.0258	14.4600	40.0000
120.0305	14.4400	40.0000
120.0352	14.4200	40.0000
120.0399	14.4000	40.0000
120.0400	14.3998	40.0000
120.0448	14.3800	40.0000
120.0497	14.3600	40.0000
120.0545	14.3400	40.0000
120.0594	14.3200	40.0000
120.0600	14.3173	40.0000
120.0643	14.3000	40.0000
120.0692	14.2800	40.0000
120.0741	14.2600	40.0000
120.0790	14.2400	40.0000
120.0800	14.2359	40.0000
120.0840	14.2200	40.0000
120.0890	14.2000	40.0000
120.0940	14.1800	40.0000
120.0989	14.1600	40.0000
120.1000	14.1556	40.0000
120.1040	14.1400	40.0000
120.1091	14.1200	40.0000
120.1142	14.1000	40.0000
120.1193	14.0800	40.0000
120.1200	14.0772	40.0000
120.1245	14.0600	40.0000
120.1298	14.0400	40.0000
120.1351	14.0200	40.0000
120.1400	14.0018	40.0000
120.1405	14.0000	40.0000
120.1460	13.9800	40.0000
120.1516	13.9600	40.0000
120.1571	13.9400	40.0000
120.1600	13.9298	40.0000
120.1628	13.9200	40.0000
120.1687	13.9000	40.0000
120.1745	13.8800	40.0000
120.1800	13.8615	40.0000
120.1804	13.8600	40.0000
120.1866	13.8400	40.0000
120.1928	13.8200	40.0000
120.1990	13.8000	40.0000
120.2000	13.7970	40.0000
120.2055	13.7800	40.0000
120.2121	13.7600	40.0000
120.2187	13.7400	40.0000
120.2200	13.7363	40.0000
120.2256	13.7200	40.0000
120.2326	13.7000	40.0000
120.2396	13.6800	40.0000
120.2400	13.6788	40.0000
120.2468	13.6600	40.0000
120.2541	13.6400	40.0000
120.2600	13.6238	40.0000
120.2614	13.6200	40.0000
120.2689	13.6000	40.0000
120.2762	13.5800	40.0000
120.2800	13.5698	40.0000
120.2836	13.5600	40.0000
120.2910	13.5400	40.0000
120.2981	13.5200	40.0000
120.3000	13.5147	40.0000
120.3052	13.5000	40.0000
120.3121	13.4800	40.0000
120.3186	13.4600	40.0000
120.3200	13.4555	40.0000
120.3249	13.4400	40.0000
120.3308	13.4200	40.0000
120.3363	13.4000	40.0000
120.3400	13.3856	40.0000
120.3414	13.3800	40.0000
120.3462	13.3600	40.0000
120.3503	13.3400	40.0000
120.3540	13.3200	40.0000
120.3572	13.3000	40.0000
120.3598	13.2800	40.0000
> 60 contour -Z60
121.5798	22.9000	60.0000
121.5800	22.8982	60.0000
121.5824	22.8800	60.0000
121.5850	22.8600	60.0000
121.5873	22.8400	60.0000
121.5896	22.8200	60.0000
121.5917	22.8000	60.0000
121.5938	22.7800	60.0000
121.5958	22.7600	60.0000
121.5977	22.7400	60.0000
121.5997	22.7200	60.0000
121.6000	22.7163	60.0000
121.6015	22.7000	60.0000
121.6034	22.6800	60.0000
121.6053	22.6600	60.0000
121.6072	22.6400	60.0000
121.6091	22.6200	60.0000
121.6110	22.6000	60.0000
121.6129	22.5800	60.0000
121.6148	22.5600	60.0000
121.6168	22.5400	60.0000
121.6187	22.5200	60.0000
121.6200	22.5069	60.0000
121.6207	22.5000	60.0000
121.6227	22.4800	60.0000
121.6247	22.4600	60.0000
121.6267	22.4400	60.0000
121.6288	22.4200	60.0000
121.6308	22.4000	60.0000
121.6328	22.3800	60.0000
121.6349	22.3600	60.0000
121.6370	22.3400	60.0000
121.6391	22.3200	60.0000
121.6400	22.3111	60.0000
121.6412	22.3000	60.0000
121.6434	22.2800	60.0000
121.6456	22.2600	60.0000
121.6478	22.2400	60.0000
121.6501	22.2200	60.0000
121.6525	22.2000	60.0000
121.6550	22.1800	60.0000
121.6576	22.1600	60.0000
121.6600	22.1420	60.0000
121.6603	22.1400	60.0000
121.6631	22.1200	60.0000
121.6662	22.1000	60.0000
121.6693	22.0800	60.0000
121.6727	22.0600	60.0000
121.6763	22.0400	60.0000
121.6800	22.0206	60.0000
121.6801	22.0200	60.0000
121.6842	22.0000	60.0000
121.6886	21.9800	60.0000
121.6933	21.9600	60.0000
121.6982	21.9400	60.0000
121.7000	21.9332	60.0000
121.7036	21.9200	60.0000
121.7093	21.9000	60.0000
121.7153	21.8800	60.0000
121.7200	21.8654	60.0000
121.7218	21.8600	60.0000
121.7287	21.8400	60.0000
121.7360	21.8200	60.0000
121.7400	21.8095	60.0000
121.7437	21.8000	60.0000
121.7520	21.7800	60.0000
121.7600	21.7615	60.0000
121.7607	21.7600	60.0000
121.7699	21.7400	60.0000
121.7795	21.7200	60.0000
121.7800	21.7191	60.0000
121.7897	21.7000	60.0000
121.8000	21.6805	60.0000
121.8003	21.6800	60.0000
121.8113	21.6600	60.0000
121.8200	21.6449	60.0000
121.8228	21.6400	60.0000
121.8346	21.6200	60.0000
121.8400	21.6111	60.0000
121.8467	21.6000	60.0000
121.8591	21.5800	60.0000
121.8600	21.5785	60.0000
121.8716	21.5600	60.0000
121.8800	21.5467	60.0000
121.8842	21.5400	60.0000
121.8968	21.5200	60.0000
121.9000	21.5151	60.0000
121.9094	21.5000	60.0000
121.9200	21.4831	60.0000
121.9219	21.4800	60.0000
121.9342	21.4600	60.0000
121.9400	21.4505	60.0000
121.9463	21.4400	60.0000
121.9581	21.4200	60.0000
121.9600	21.4168	60.0000
121.9696	21.4000	60.0000
121.9800	21.3815	60.0000
121.9808	21.3800	60.0000
121.9916	21.3600	60.0000
122.0000	21.3443	60.0000
122.0022	21.3400	60.0000
122.0124	21.3200	60.0000
122.0200	21.3046	60.0000
122.0222	21.3000	60.0000
122.0317	21.2800	60.0000
122.0400	21.2622	60.0000
122.0410	21.2600	60.0000
122.0499	21.2400	60.0000
122.0585	21.2200	60.0000
122.0600	21.2165	60.0000
122.0668	21.2000	60.0000
122.0749	21.1800	60.0000
122.0800	21.1672	60.0000
122.0828	21.1600	60.0000
122.0904	21.1400	60.0000
122.0978	21.1200	60.0000
122.1000	21.1140	60.0000
122.1050	21.1000	60.0000
122.1121	21.0800	60.0000
122.1189	21.0600	60.0000
122.1200	21.0568	60.0000
122.1256	21.0400	60.0000
122.1321	21.0200	60.0000
122.1385	21.0000	60.0000
122.1400	20.9953	60.0000
122.1448	20.9800	60.0000
122.1509	20.9600	60.0000
122.1569	20.9400	60.0000
122.1600	20.9294	60.0000
122.1628	20.9200	60.0000
122.1685	20.9000	60.0000
122.1742	20.8800	60.0000
122.1797	20.8600	60.0000
122.1800	20.8590	60.0000
122.1852	20.8400	60.0000
122.1906	20.8200	60.0000
122.1959	20.8000	60.0000
122.2000	20.7840	60.0000
122.2010	20.7800	60.0000
122.2062	20.7600	60.0000
122.2112	20.7400	60.0000
122.2162	20.7200	60.0000
122.2200	20.7043	60.0000
122.2211	20.7000	60.0000
122.2259	20.6800	60.0000
122.2307	20.6600	60.0000
122.2354	20.6400	60.0000
122.2400	20.6202	60.0000
122.2401	20.6200	60.0000
122.2447	20.6000	60.0000
122.2493	20.5800	60.0000
122.2538	20.5600	60.0000
122.2582	20.5400	60.0000
122.2600	20.5321	60.0000
122.2627	20.5200	60.0000
122.2671	20.5000	60.0000
122.2715	20.4800	60.0000
122.2758	20.4600	60.0000
122.2800	20.4402	60.0000
122.2800	20.4400	60.0000
122.2843	20.4200	60.0000
122.2885	20.4000	60.0000
122.2927	20.3800	60.0000
122.2968	20.3600	60.0000
122.3000	20.3444	60.0000
122.3009	20.3400	60.0000
122.3050	20.3200	60.0000
122.3090	20.3000	60.0000
122.3131	20.2800	60.0000
122.3171	20.2600	60.0000
122.3200	20.2455	60.0000
122.3211	20.2400	60.0000
122.3252	20.2200	60.0000
122.3293	20.2000	60.0000
122.3334	20.1800	60.0000
122.3376	20.1600	60.0000
122.3400	20.1488	60.0000
122.3419	20.1400	60.0000
122.3464	20.1200	60.0000
122.3509	20.1000	60.0000
122.3557	20.0800	60.0000
122.3600	20.0627	60.0000
122.3607	20.0600	60.0000
122.3658	20.0400	60.0000
122.3713	20.0200	60.0000
122.3769	20.0000	60.0000
122.3800	19.9897	60.0000
122.3829	19.9800	60.0000
122.3890	19.9600	60.0000
122.3955	19.9400	60.0000
122.4000	19.9265	60.0000
122.4022	19.9200	60.0000
122.4090	19.9000	60.0000
122.4161	19.8800	60.0000
122.4200	19.8693	60.0000
122.4234	19.8600	60.0000
122.4307	19.8400	60.0000
122.4381	19.8200	60.0000
122.4400	19.8150	60.0000
122.4456	19.8000	60.0000
122.4531	19.7800	60.0000
122.4600	19.7618	60.0000
122.4607	19.7600	60.0000
122.4681	19.7400	60.0000
122.4757	19.7200	60.0000
122.4800	19.7086	60.0000
> 60 contour -Z60
120.8861	13.3800	60.0000
120.8800	13.3917	60.0000
120.8759	13.4000	60.0000
120.8661	13.4200	60.0000
120.8600	13.4328	60.0000
120.8567	13.4400	60.0000
120.8476	13.4600	60.0000
120.8400	13.4774	60.0000
120.8389	13.4800	60.0000
120.8305	13.5000	60.0000
120.8223	13.5200	60.0000
120.8200	13.5258	60.0000
120.8144	13.5400	60.0000
120.8068	13.5600	60.0000
120.8000	13.5785	60.0000
120.7995	13.5800	60.0000
120.7923	13.6000	60.0000
120.7854	13.6200	60.0000
120.7800	13.6363	60.0000
120.7788	13.6400	60.0000
120.7723	13.6600	60.0000
120.7661	13.6800	60.0000
120.7601	13.7000	60.0000
120.7600	13.7004	60.0000
120.7543	13.7200	60.0000
120.7487	13.7400	60.0000
120.7433	13.7600	60.0000
120.7400	13.7727	60.0000
120.7381	13.7800	60.0000
120.7331	13.8000	60.0000
120.7282	13.8200	60.0000
120.7235	13.8400	60.0000
120.7200	13.8555	60.0000
120.7190	13.8600	60.0000
120.7146	13.8800	60.0000
120.7104	13.9000	60.0000
120.7063	13.9200	60.0000
120.7023	13.9400	60.0000
120.7000	13.9523	60.0000
120.6985	13.9600	60.0000
120.6948	13.9800	60.0000
120.6913	14.0000	60.0000
120.6878	14.0200	60.0000
120.6845	14.0400	60.0000
120.6813	14.0600	60.0000
120.6800	14.0688	60.0000
120.6783	14.0800	60.0000
120.6754	14.1000	60.0000
120.6726	14.1200	60.0000
120.6699	14.1400	60.0000
120.6675	14.1600	60.0000
120.6652	14.1800	60.0000
120.6630	14.2000	60.0000
120.6610	14.2200	60.0000
120.6600	14.2315	60.0000
120.6592	14.2400	60.0000
120.6576	14.2600	60.0000
120.6562	14.2800	60.0000
120.6550	14.3000	60.0000
120.6540	14.3200	60.0000
120.6533	14.3400	60.0000
120.6527	14.3600	60.0000
120.6524	14.3800	60.0000
120.6523	14.4000	60.0000
120.6524	14.4200	60.0000
120.6527	14.4400	60.0000
120.6533	14.4600	60.0000
120.6542	14.4800	60.0000
120.6552	14.5000	60.0000
120.6565	14.5200	60.0000
120.6580	14.5400	60.0000
120.6597	14.5600	60.0000
120.6600	14.5627	60.0000
120.6617	14.5800	60.0000
120.6640	14.6000	60.0000
120.6664	14.6200	60.0000
120.6691	14.6400	60.0000
120.6720	14.6600	60.0000
120.6751	14.6800	60.0000
120.6784	14.7000	60.0000
120.6800	14.7090	60.0000
120.6820	14.7200	60.0000
120.6859	14.7400	60.0000
120.6899	14.7600	60.0000
120.6941	14.7800	60.0000
120.6985	14.8000	60.0000
120.7000	14.8068	60.0000
120.7032	14.8200	60.0000
120.7081	14.8400	60.0000
120.7132	14.8600	60.0000
120.7184	14.8800	60.0000
120.7200	14.8863	60.0000
120.7239	14.9000	60.0000
120.7296	14.9200	60.0000
120.7354	14.9400	60.0000
120.7400	14.9558	60.0000
120.7414	14.9600	60.0000
120.7477	14.9800	60.0000
120.7540	15.0000	60.0000
120.7600	15.0193	60.0000
120.7603	15.0200	60.0000
120.7670	15.0400	60.0000
120.7736	15.0600	60.0000
120.7800	15.0800	60.0000
120.7800	15.0800	60.0000
120.7869	15.1000	60.0000
120.7934	15.1200	60.0000
120.7997	15.1400	60.0000
120.8000	15.1412	60.0000
120.8062	15.1600	60.0000
120.8123	15.1800	60.0000
120.8179	15.2000	60.0000
120.8200	15.2079	60.0000
120.8235	15.2200	60.0000
120.8288	15.2400	60.0000
120.8336	15.2600	60.0000
120.8380	15.2800	60.0000
120.8400	15.2898	60.0000
120.8422	15.3000	60.0000
120.8463	15.3200	60.0000
120.8500	15.3400	60.0000
120.8536	15.3600	60.0000
120.8569	15.3800	60.0000
120.8600	15.3990	60.0000
120.8602	15.4000	60.0000
120.8636	15.4200	60.0000
120.8669	15.4400	60.0000
120.8703	15.4600	60.0000
120.8738	15.4800	60.0000
120.8773	15.5000	60.0000
120.8800	15.5150	60.0000
120.8809	15.5200	60.0000
120.8848	15.5400	60.0000
120.8888	15.5600	60.0000
120.8929	15.5800	60.0000
120.8972	15.6000	60.0000
120.9000	15.6122	60.0000
120.9017	15.6200	60.0000
120.9065	15.6400	60.0000
120.9113	15.6600	60.0000
120.9164	15.6800	60.0000
120.9200	15.6940	60.0000
120.9216	15.7000	60.0000
120.9270	15.7200	60.0000
120.9325	15.7400	60.0000
120.9382	15.7600	60.0000
120.9400	15.7660	60.0000
120.9441	15.7800	60.0000
120.9501	15.8000	60.0000
120.9563	15.8200	60.0000
120.9600	15.8318	60.0000
120.9626	15.8400	60.0000
120.9690	15.8600	60.0000
120.9756	15.8800	60.0000
120.9800	15.8933	60.0000
120.9822	15.9000	60.0000
120.9891	15.9200	60.0000
120.9960	15.9400	60.0000
121.0000	15.9513	60.0000
121.0031	15.9600	60.0000
121.0102	15.9800	60.0000
121.0175	16.0000	60.0000
121.0200	16.0067	60.0000
121.0250	16.0200	60.0000
121.0325	16.0400	60.0000
121.0400	16.0596	60.0000
121.0401	16.0600	60.0000
121.0480	16.0800	60.0000
121.0559	16.1000	60.0000
121.0600	16.1103	60.0000
121.0639	16.1200	60.0000
121.0721	16.1400	60.0000
121.0800	16.1592	60.0000
121.0803	16.1600	60.0000
121.0888	16.1800	60.0000
121.0973	16.2000	60.0000
121.1000	16.2062	60.0000
121.1060	16.2200	60.0000
121.1148	16.2400	60.0000
121.1200	16.2516	60.0000
121.1238	16.2600	60.0000
121.1329	16.2800	60.0000
121.1400	16.2954	60.0000
121.1421	16.3000	60.0000
121.1515	16.3200	60.0000
121.1600	16.3379	60.0000
121.1610	16.3400	60.0000
121.1707	16.3600	60.0000
121.1800	16.3789	60.0000
121.1805	16.3800	60.0000
121.1905	16.4000	60.0000
121.2000	16.4187	60.0000
121.2006	16.4200	60.0000
121.2110	16.4400	60.0000
121.2200	16.4573	60.0000
121.2214	16.4600	60.0000
121.2321	16.4800	60.0000
121.2400	16.4947	60.0000
121.2429	16.5000	60.0000
121.2539	16.5200	60.0000
121.2600	16.5310	60.0000
121.2651	16.5400	60.0000
121.2765	16.5600	60.0000
121.2800	16.5662	60.0000
121.2880	16.5800	60.0000
121.2998	16.6000	60.0000
121.3000	16.6004	60.0000
121.3118	16.6200	60.0000
121.3200	16.6336	60.0000
