> -220 contour -Z-220
73.8390	37.5800	-220.0000
73.8400	37.5801	-220.0000
73.8600	37.5823	-220.0000
73.8800	37.5843	-220.0000
73.9000	37.5862	-220.0000
> -220 contour -Z-220
73.6984	37.5600	-220.0000
73.7000	37.5603	-220.0000
73.7200	37.5636	-220.0000
73.7400	37.5668	-220.0000
73.7600	37.5698	-220.0000
> -220 contour -Z-220
73.5961	37.5400	-220.0000
73.6000	37.5409	-220.0000
73.6200	37.5451	-220.0000
> -220 contour -Z-220
72.0687	36.6400	-220.0000
72.0800	36.6481	-220.0000
72.0960	36.6600	-220.0000
72.1000	36.6630	-220.0000
72.1200	36.6782	-220.0000
72.1223	36.6800	-220.0000
72.1400	36.6939	-220.0000
72.1476	36.7000	-220.0000
72.1600	36.7100	-220.0000
72.1721	36.7200	-220.0000
72.1800	36.7265	-220.0000
72.1961	36.7400	-220.0000
72.2000	36.7433	-220.0000
72.2196	36.7600	-220.0000
72.2200	36.7603	-220.0000
72.2400	36.7776	-220.0000
72.2427	36.7800	-220.0000
72.2600	36.7951	-220.0000
72.2655	36.8000	-220.0000
72.2800	36.8127	-220.0000
72.2882	36.8200	-220.0000
72.3000	36.8304	-220.0000
72.3108	36.8400	-220.0000
72.3200	36.8481	-220.0000
72.3334	36.8600	-220.0000
72.3400	36.8658	-220.0000
72.3560	36.8800	-220.0000
72.3600	36.8835	-220.0000
72.3788	36.9000	-220.0000
72.3800	36.9010	-220.0000
72.4000	36.9184	-220.0000
72.4019	36.9200	-220.0000
72.4200	36.9355	-220.0000
72.4252	36.9400	-220.0000
72.4400	36.9525	-220.0000
72.4488	36.9600	-220.0000
72.4600	36.9693	-220.0000
72.4729	36.9800	-220.0000
72.4800	36.9858	-220.0000
72.4974	37.0000	-220.0000
72.5000	37.0021	-220.0000
72.5200	37.0180	-220.0000
72.5225	37.0200	-220.0000
72.5400	37.0337	-220.0000
72.5481	37.0400	-220.0000
72.5600	37.0491	-220.0000
72.5743	37.0600	-220.0000
72.5800	37.0643	-220.0000
72.6000	37.0791	-220.0000
72.6012	37.0800	-220.0000
72.6200	37.0937	-220.0000
72.6287	37.1000	-220.0000
72.6400	37.1080	-220.0000
72.6570	37.1200	-220.0000
72.6600	37.1220	-220.0000
72.6800	37.1358	-220.0000
72.6862	37.1400	-220.0000
72.7000	37.1493	-220.0000
72.7161	37.1600	-220.0000
72.7200	37.1626	-220.0000
72.7400	37.1755	-220.0000
72.7469	37.1800	-220.0000
72.7600	37.1883	-220.0000
72.7787	37.2000	-220.0000
72.7800	37.2008	-220.0000
72.8000	37.2131	-220.0000
72.8114	37.2200	-220.0000
72.8200	37.2252	-220.0000
72.8400	37.2370	-220.0000
72.8451	37.2400	-220.0000
72.8600	37.2486	-220.0000
72.8799	37.2600	-220.0000
72.8800	37.2600	-220.0000
72.9000	37.2712	-220.0000
72.9159	37.2800	-220.0000
72.9200	37.2822	-220.0000
72.9400	37.2930	-220.0000
72.9532	37.3000	-220.0000
72.9600	37.3036	-220.0000
72.9800	37.3140	-220.0000
72.9918	37.3200	-220.0000
73.0000	37.3242	-220.0000
73.0200	37.3342	-220.0000
73.0318	37.3400	-220.0000
73.0400	37.3440	-220.0000
73.0600	37.3536	-220.0000
73.0735	37.3600	-220.0000
73.0800	37.3630	-220.0000
73.1000	37.3723	-220.0000
73.1171	37.3800	-220.0000
73.1200	37.3813	-220.0000
73.1400	37.3902	-220.0000
73.1600	37.3988	-220.0000
73.1627	37.4000	-220.0000
73.1800	37.4073	-220.0000
73.2000	37.4156	-220.0000
73.2108	37.4200	-220.0000
73.2200	37.4237	-220.0000
73.2400	37.4316	-220.0000
73.2600	37.4393	-220.0000
73.2618	37.4400	-220.0000
73.2800	37.4468	-220.0000
73.3000	37.4542	-220.0000
73.3164	37.4600	-220.0000
73.3200	37.4613	-220.0000
73.3400	37.4682	-220.0000
73.3600	37.4750	-220.0000
73.3753	37.4800	-220.0000
73.3800	37.4815	-220.0000
73.4000	37.4879	-220.0000
73.4200	37.4941	-220.0000
73.4399	37.5000	-220.0000
73.4400	37.5000	-220.0000
73.4600	37.5058	-220.0000
73.4800	37.5114	-220.0000
73.5000	37.5168	-220.0000
73.5124	37.5200	-220.0000
73.5200	37.5220	-220.0000
73.5400	37.5270	-220.0000
73.5600	37.5318	-220.0000
> -200 contour -Z-200
71.9330	36.7000	-200.0000
71.9400	36.7041	-200.0000
71.9600	36.7163	-200.0000
71.9659	36.7200	-200.0000
71.9800	36.7289	-200.0000
71.9972	36.7400	-200.0000
72.0000	36.7418	-200.0000
72.0200	36.7552	-200.0000
72.0270	36.7600	-200.0000
72.0400	36.7690	-200.0000
72.0556	36.7800	-200.0000
72.0600	36.7831	-200.0000
72.0800	36.7976	-200.0000
72.0832	36.8000	-200.0000
72.1000	36.8124	-200.0000
72.1100	36.8200	-200.0000
72.1200	36.8276	-200.0000
72.1361	36.8400	-200.0000
72.1400	36.8430	-200.0000
72.1600	36.8587	-200.0000
72.1617	36.8600	-200.0000
72.1800	36.8745	-200.0000
72.1868	36.8800	-200.0000
72.2000	36.8905	-200.0000
72.2117	36.9000	-200.0000
72.2200	36.9067	-200.0000
72.2364	36.9200	-200.0000
72.2400	36.9229	-200.0000
72.2600	36.9392	-200.0000
72.2610	36.9400	-200.0000
72.2800	36.9554	-200.0000
72.2856	36.9600	-200.0000
72.3000	36.9717	-200.0000
72.3102	36.9800	-200.0000
72.3200	36.9879	-200.0000
72.3350	37.0000	-200.0000
72.3400	37.0040	-200.0000
72.3600	37.0200	-200.0000
72.3600	37.0200	-200.0000
72.3800	37.0358	-200.0000
72.3853	37.0400	-200.0000
72.4000	37.0515	-200.0000
72.4109	37.0600	-200.0000
72.4200	37.0670	-200.0000
72.4369	37.0800	-200.0000
72.4400	37.0823	-200.0000
72.4600	37.0975	-200.0000
72.4634	37.1000	-200.0000
72.4800	37.1124	-200.0000
72.4903	37.1200	-200.0000
72.5000	37.1271	-200.0000
72.5178	37.1400	-200.0000
72.5200	37.1416	-200.0000
72.5400	37.1558	-200.0000
72.5459	37.1600	-200.0000
72.5600	37.1698	-200.0000
72.5747	37.1800	-200.0000
72.5800	37.1837	-200.0000
72.6000	37.1972	-200.0000
72.6041	37.2000	-200.0000
72.6200	37.2106	-200.0000
72.6342	37.2200	-200.0000
72.6400	37.2238	-200.0000
72.6600	37.2367	-200.0000
72.6652	37.2400	-200.0000
72.6800	37.2494	-200.0000
72.6969	37.2600	-200.0000
72.7000	37.2619	-200.0000
72.7200	37.2742	-200.0000
72.7295	37.2800	-200.0000
72.7400	37.2863	-200.0000
72.7600	37.2982	-200.0000
72.7630	37.3000	-200.0000
72.7800	37.3099	-200.0000
72.7975	37.3200	-200.0000
72.8000	37.3214	-200.0000
72.8200	37.3327	-200.0000
72.8331	37.3400	-200.0000
72.8400	37.3438	-200.0000
72.8600	37.3548	-200.0000
72.8697	37.3600	-200.0000
72.8800	37.3655	-200.0000
72.9000	37.3761	-200.0000
72.9075	37.3800	-200.0000
72.9200	37.3865	-200.0000
72.9400	37.3967	-200.0000
72.9466	37.4000	-200.0000
72.9600	37.4067	-200.0000
72.9800	37.4165	-200.0000
72.9871	37.4200	-200.0000
73.0000	37.4262	-200.0000
73.0200	37.4357	-200.0000
73.0292	37.4400	-200.0000
73.0400	37.4450	-200.0000
73.0600	37.4542	-200.0000
73.0730	37.4600	-200.0000
73.0800	37.4631	-200.0000
73.1000	37.4719	-200.0000
73.1188	37.4800	-200.0000
73.1200	37.4805	-200.0000
73.1400	37.4889	-200.0000
73.1600	37.4972	-200.0000
73.1670	37.5000	-200.0000
73.1800	37.5053	-200.0000
73.2000	37.5132	-200.0000
73.2178	37.5200	-200.0000
73.2200	37.5209	-200.0000
73.2400	37.5284	-200.0000
73.2600	37.5358	-200.0000
73.2718	37.5400	-200.0000
73.2800	37.5429	-200.0000
73.3000	37.5499	-200.0000
73.3200	37.5568	-200.0000
73.3298	37.5600	-200.0000
73.3400	37.5634	-200.0000
73.3600	37.5698	-200.0000
73.3800	37.5761	-200.0000
73.3928	37.5800	-200.0000
73.4000	37.5822	-200.0000
73.4200	37.5881	-200.0000
73.4400	37.5938	-200.0000
73.4600	37.5994	-200.0000
73.4624	37.6000	-200.0000
73.4800	37.6047	-200.0000
73.5000	37.6099	-200.0000
73.5200	37.6149	-200.0000
73.5400	37.6197	-200.0000
73.5412	37.6200	-200.0000
73.5600	37.6244	-200.0000
73.5800	37.6289	-200.0000
73.6000	37.6332	-200.0000
73.6200	37.6373	-200.0000
73.6339	37.6400	-200.0000
73.6400	37.6412	-200.0000
73.6600	37.6450	-200.0000
73.6800	37.6486	-200.0000
73.7000	37.6521	-200.0000
73.7200	37.6554	-200.0000
73.7400	37.6585	-200.0000
73.7502	37.6600	-200.0000
73.7600	37.6615	-200.0000
73.7800	37.6643	-200.0000
73.8000	37.6670	-200.0000
73.8200	37.6695	-200.0000
73.8400	37.6719	-200.0000
73.8600	37.6741	-200.0000
73.8800	37.6762	-200.0000
73.9000	37.6781	-200.0000
73.9200	37.6799	-200.0000
73.9206	37.6800	-200.0000
73.9400	37.6817	-200.0000
73.9600	37.6832	-200.0000
73.9800	37.6847	-200.0000
74.0000	37.6861	-200.0000
74.0200	37.6873	-200.0000
74.0400	37.6884	-200.0000
74.0600	37.6894	-200.0000
74.0800	37.6903	-200.0000
74.1000	37.6911	-200.0000
74.1200	37.6918	-200.0000
74.1400	37.6925	-200.0000
74.1600	37.6930	-200.0000
74.1800	37.6934	-200.0000
74.2000	37.6938	-200.0000
74.2200	37.6941	-200.0000
74.2400	37.6943	-200.0000
74.2600	37.6945	-200.0000
74.2800	37.6946	-200.0000
74.3000	37.6946	-200.0000
74.3200	37.6946	-200.0000
74.3400	37.6945	-200.0000
74.3600	37.6944	-200.0000
74.3800	37.6943	-200.0000
74.4000	37.6941	-200.0000
74.4200	37.6938	-200.0000
74.4400	37.6935	-200.0000
74.4600	37.6932	-200.0000
74.4800	37.6929	-200.0000
74.5000	37.6925	-200.0000
74.5200	37.6921	-200.0000
74.5400	37.6917	-200.0000
> -180 contour -Z-180
71.8144	36.7800	-180.0000
71.8200	36.7827	-180.0000
71.8400	36.7926	-180.0000
71.8544	36.8000	-180.0000
71.8600	36.8029	-180.0000
71.8800	36.8136	-180.0000
71.8916	36.8200	-180.0000
71.9000	36.8246	-180.0000
71.9200	36.8361	-180.0000
71.9267	36.8400	-180.0000
71.9400	36.8479	-180.0000
71.9599	36.8600	-180.0000
71.9600	36.8601	-180.0000
71.9800	36.8726	-180.0000
71.9915	36.8800	-180.0000
72.0000	36.8855	-180.0000
72.0200	36.8987	-180.0000
72.0219	36.9000	-180.0000
72.0400	36.9122	-180.0000
72.0513	36.9200	-180.0000
72.0600	36.9260	-180.0000
72.0799	36.9400	-180.0000
72.0800	36.9401	-180.0000
72.1000	36.9544	-180.0000
72.1078	36.9600	-180.0000
72.1200	36.9689	-180.0000
72.1352	36.9800	-180.0000
72.1400	36.9835	-180.0000
72.1600	36.9983	-180.0000
72.1622	37.0000	-180.0000
72.1800	37.0132	-180.0000
72.1890	37.0200	-180.0000
72.2000	37.0282	-180.0000
72.2156	37.0400	-180.0000
72.2200	37.0433	-180.0000
72.2400	37.0584	-180.0000
72.2422	37.0600	-180.0000
72.2600	37.0734	-180.0000
72.2687	37.0800	-180.0000
72.2800	37.0884	-180.0000
72.2954	37.1000	-180.0000
72.3000	37.1034	-180.0000
72.3200	37.1183	-180.0000
72.3223	37.1200	-180.0000
72.3400	37.1331	-180.0000
72.3494	37.1400	-180.0000
72.3600	37.1478	-180.0000
72.3768	37.1600	-180.0000
72.3800	37.1623	-180.0000
72.4000	37.1768	-180.0000
72.4045	37.1800	-180.0000
72.4200	37.1910	-180.0000
72.4327	37.2000	-180.0000
72.4400	37.2052	-180.0000
72.4600	37.2191	-180.0000
72.4613	37.2200	-180.0000
72.4800	37.2329	-180.0000
72.4904	37.2400	-180.0000
72.5000	37.2465	-180.0000
72.5200	37.2599	-180.0000
72.5201	37.2600	-180.0000
72.5400	37.2732	-180.0000
72.5504	37.2800	-180.0000
72.5600	37.2863	-180.0000
72.5800	37.2992	-180.0000
72.5813	37.3000	-180.0000
72.6000	37.3119	-180.0000
72.6130	37.3200	-180.0000
72.6200	37.3244	-180.0000
72.6400	37.3367	-180.0000
72.6454	37.3400	-180.0000
72.6600	37.3489	-180.0000
72.6785	37.3600	-180.0000
72.6800	37.3609	-180.0000
72.7000	37.3727	-180.0000
72.7125	37.3800	-180.0000
72.7200	37.3843	-180.0000
72.7400	37.3958	-180.0000
72.7475	37.4000	-180.0000
72.7600	37.4071	-180.0000
72.7800	37.4182	-180.0000
72.7833	37.4200	-180.0000
72.8000	37.4291	-180.0000
72.8200	37.4399	-180.0000
72.8203	37.4400	-180.0000
72.8400	37.4505	-180.0000
72.8583	37.4600	-180.0000
72.8600	37.4609	-180.0000
72.8800	37.4712	-180.0000
72.8975	37.4800	-180.0000
72.9000	37.4812	-180.0000
72.9200	37.4912	-180.0000
72.9381	37.5000	-180.0000
72.9400	37.5009	-180.0000
72.9600	37.5105	-180.0000
72.9800	37.5199	-180.0000
72.9801	37.5200	-180.0000
73.0000	37.5292	-180.0000
73.0200	37.5383	-180.0000
73.0238	37.5400	-180.0000
73.0400	37.5472	-180.0000
73.0600	37.5560	-180.0000
73.0693	37.5600	-180.0000
73.0800	37.5646	-180.0000
73.1000	37.5730	-180.0000
73.1169	37.5800	-180.0000
73.1200	37.5813	-180.0000
73.1400	37.5894	-180.0000
73.1600	37.5973	-180.0000
73.1668	37.6000	-180.0000
73.1800	37.6051	-180.0000
73.2000	37.6127	-180.0000
73.2196	37.6200	-180.0000
73.2200	37.6201	-180.0000
73.2400	37.6274	-180.0000
73.2600	37.6345	-180.0000
73.2758	37.6400	-180.0000
73.2800	37.6415	-180.0000
73.3000	37.6482	-180.0000
73.3200	37.6548	-180.0000
73.3362	37.6600	-180.0000
73.3400	37.6612	-180.0000
73.3600	37.6675	-180.0000
73.3800	37.6736	-180.0000
73.4000	37.6795	-180.0000
73.4018	37.6800	-180.0000
73.4200	37.6853	-180.0000
73.4400	37.6908	-180.0000
73.4600	37.6962	-180.0000
73.4744	37.7000	-180.0000
73.4800	37.7015	-180.0000
73.5000	37.7066	-180.0000
73.5200	37.7115	-180.0000
73.5400	37.7162	-180.0000
73.5565	37.7200	-180.0000
73.5600	37.7208	-180.0000
73.5800	37.7253	-180.0000
73.6000	37.7295	-180.0000
73.6200	37.7336	-180.0000
73.6400	37.7376	-180.0000
73.6527	37.7400	-180.0000
73.6600	37.7414	-180.0000
73.6800	37.7451	-180.0000
73.7000	37.7486	-180.0000
73.7200	37.7519	-180.0000
73.7400	37.7551	-180.0000
73.7600	37.7582	-180.0000
73.7723	37.7600	-180.0000
73.7800	37.7611	-180.0000
73.8000	37.7640	-180.0000
73.8200	37.7667	-180.0000
73.8400	37.7692	-180.0000
73.8600	37.7716	-180.0000
73.8800	37.7739	-180.0000
73.9000	37.7761	-180.0000
73.9200	37.7781	-180.0000
73.9391	37.7800	-180.0000
73.9400	37.7801	-180.0000
73.9600	37.7819	-180.0000
73.9800	37.7837	-180.0000
74.0000	37.7853	-180.0000
74.0200	37.7869	-180.0000
74.0400	37.7883	-180.0000
74.0600	37.7896	-180.0000
74.0800	37.7909	-180.0000
74.1000	37.7920	-180.0000
74.1200	37.7930	-180.0000
74.1400	37.7940	-180.0000
74.1600	37.7949	-180.0000
74.1800	37.7957	-180.0000
74.2000	37.7964	-180.0000
74.2200	37.7970	-180.0000
74.2400	37.7975	-180.0000
74.2600	37.7980	-180.0000
74.2800	37.7984	-180.0000
74.3000	37.7987	-180.0000
74.3200	37.7989	-180.0000
74.3400	37.7991	-180.0000
74.3600	37.7991	-180.0000
74.3800	37.7992	-180.0000
74.4000	37.7991	-180.0000
74.4200	37.7990	-180.0000
74.4400	37.7988	-180.0000
74.4600	37.7985	-180.0000
74.4800	37.7981	-180.0000
74.5000	37.7977	-180.0000
74.5200	37.7973	-180.0000
74.5400	37.7967	-180.0000
74.5600	37.7961	-180.0000
74.5800	37.7955	-180.0000
74.6000	37.7948	-180.0000
74.6200	37.7940	-180.0000
74.6400	37.7931	-180.0000
74.6600	37.7922	-180.0000
74.6800	37.7913	-180.0000
74.7000	37.7902	-180.0000
74.7200	37.7892	-180.0000
74.7400	37.7880	-180.0000
74.7600	37.7869	-180.0000
74.7800	37.7856	-180.0000
74.8000	37.7843	-180.0000
74.8200	37.7830	-180.0000
74.8400	37.7816	-180.0000
74.8600	37.7801	-180.0000
74.8617	37.7800	-180.0000
74.8800	37.7786	-180.0000
74.9000	37.7771	-180.0000
74.9200	37.7755	-180.0000
74.9400	37.7739	-180.0000
74.9600	37.7722	-180.0000
74.9800	37.7704	-180.0000
75.0000	37.7687	-180.0000
75.0200	37.7668	-180.0000
75.0400	37.7649	-180.0000
75.0600	37.7630	-180.0000
75.0800	37.7610	-180.0000
75.0901	37.7600	-180.0000
75.1000	37.7590	-180.0000
75.1200	37.7570	-180.0000
75.1400	37.7549	-180.0000
75.1600	37.7527	-180.0000
75.1800	37.7506	-180.0000
75.2000	37.7484	-180.0000
75.2200	37.7462	-180.0000
75.2400	37.7439	-180.0000
75.2600	37.7416	-180.0000
75.2742	37.7400	-180.0000
75.2800	37.7393	-180.0000
75.3000	37.7371	-180.0000
75.3200	37.7348	-180.0000
75.3400	37.7325	-180.0000
75.3600	37.7302	-180.0000
> -160 contour -Z-160
71.6486	36.8600	-160.0000
71.6600	36.8636	-160.0000
71.6800	36.8702	-160.0000
71.7000	36.8771	-160.0000
71.7078	36.8800	-160.0000
71.7200	36.8845	-160.0000
71.7400	36.8922	-160.0000
71.7593	36.9000	-160.0000
71.7600	36.9003	-160.0000
71.7800	36.9088	-160.0000
71.8000	36.9177	-160.0000
71.8050	36.9200	-160.0000
71.8200	36.9269	-160.0000
71.8400	36.9366	-160.0000
71.8468	36.9400	-160.0000
71.8600	36.9466	-160.0000
71.8800	36.9570	-160.0000
71.8856	36.9600	-160.0000
71.9000	36.9677	-160.0000
71.9200	36.9788	-160.0000
71.9220	36.9800	-160.0000
71.9400	36.9903	-160.0000
71.9565	37.0000	-160.0000
71.9600	37.0021	-160.0000
71.9800	37.0142	-160.0000
71.9894	37.0200	-160.0000
72.0000	37.0265	-160.0000
72.0200	37.0392	-160.0000
72.0213	37.0400	-160.0000
72.0400	37.0521	-160.0000
72.0521	37.0600	-160.0000
72.0600	37.0652	-160.0000
72.0800	37.0785	-160.0000
72.0822	37.0800	-160.0000
72.1000	37.0920	-160.0000
72.1117	37.1000	-160.0000
72.1200	37.1056	-160.0000
72.1400	37.1194	-160.0000
72.1409	37.1200	-160.0000
72.1600	37.1333	-160.0000
72.1696	37.1400	-160.0000
72.1800	37.1472	-160.0000
72.1983	37.1600	-160.0000
72.2000	37.1612	-160.0000
72.2200	37.1752	-160.0000
72.2268	37.1800	-160.0000
72.2400	37.1892	-160.0000
72.2554	37.2000	-160.0000
72.2600	37.2032	-160.0000
72.2800	37.2172	-160.0000
72.2840	37.2200	-160.0000
72.3000	37.2311	-160.0000
72.3128	37.2400	-160.0000
72.3200	37.2450	-160.0000
72.3400	37.2588	-160.0000
72.3418	37.2600	-160.0000
72.3600	37.2725	-160.0000
72.3710	37.2800	-160.0000
72.3800	37.2861	-160.0000
72.4000	37.2995	-160.0000
72.4007	37.3000	-160.0000
72.4200	37.3129	-160.0000
72.4307	37.3200	-160.0000
72.4400	37.3262	-160.0000
72.4600	37.3393	-160.0000
72.4611	37.3400	-160.0000
72.4800	37.3522	-160.0000
72.4921	37.3600	-160.0000
72.5000	37.3651	-160.0000
72.5200	37.3778	-160.0000
72.5236	37.3800	-160.0000
72.5400	37.3903	-160.0000
72.5557	37.4000	-160.0000
72.5600	37.4027	-160.0000
72.5800	37.4149	-160.0000
72.5884	37.4200	-160.0000
72.6000	37.4270	-160.0000
72.6200	37.4389	-160.0000
72.6218	37.4400	-160.0000
72.6400	37.4507	-160.0000
72.6560	37.4600	-160.0000
72.6600	37.4623	-160.0000
72.6800	37.4738	-160.0000
72.6911	37.4800	-160.0000
72.7000	37.4851	-160.0000
72.7200	37.4962	-160.0000
72.7270	37.5000	-160.0000
72.7400	37.5072	-160.0000
72.7600	37.5180	-160.0000
72.7638	37.5200	-160.0000
72.7800	37.5286	-160.0000
72.8000	37.5391	-160.0000
72.8017	37.5400	-160.0000
72.8200	37.5495	-160.0000
72.8400	37.5596	-160.0000
72.8407	37.5600	-160.0000
72.8600	37.5697	-160.0000
72.8800	37.5795	-160.0000
72.8809	37.5800	-160.0000
72.9000	37.5893	-160.0000
72.9200	37.5988	-160.0000
72.9225	37.6000	-160.0000
72.9400	37.6082	-160.0000
72.9600	37.6175	-160.0000
72.9656	37.6200	-160.0000
72.9800	37.6266	-160.0000
73.0000	37.6355	-160.0000
73.0102	37.6400	-160.0000
73.0200	37.6443	-160.0000
73.0400	37.6529	-160.0000
73.0567	37.6600	-160.0000
73.0600	37.6614	-160.0000
73.0800	37.6697	-160.0000
73.1000	37.6779	-160.0000
73.1053	37.6800	-160.0000
73.1200	37.6859	-160.0000
73.1400	37.6938	-160.0000
73.1563	37.7000	-160.0000
73.1600	37.7014	-160.0000
73.1800	37.7090	-160.0000
73.2000	37.7164	-160.0000
73.2100	37.7200	-160.0000
73.2200	37.7236	-160.0000
73.2400	37.7307	-160.0000
73.2600	37.7377	-160.0000
73.2669	37.7400	-160.0000
73.2800	37.7445	-160.0000
73.3000	37.7511	-160.0000
73.3200	37.7575	-160.0000
73.3278	37.7600	-160.0000
73.3400	37.7639	-160.0000
73.3600	37.7700	-160.0000
73.3800	37.7760	-160.0000
73.3936	37.7800	-160.0000
73.4000	37.7819	-160.0000
73.4200	37.7876	-160.0000
73.4400	37.7931	-160.0000
73.4600	37.7985	-160.0000
73.4657	37.8000	-160.0000
73.4800	37.8038	-160.0000
73.5000	37.8089	-160.0000
73.5200	37.8138	-160.0000
73.5400	37.8186	-160.0000
73.5460	37.8200	-160.0000
73.5600	37.8233	-160.0000
73.5800	37.8278	-160.0000
73.6000	37.8322	-160.0000
73.6200	37.8364	-160.0000
73.6376	37.8400	-160.0000
73.6400	37.8405	-160.0000
73.6600	37.8445	-160.0000
73.6800	37.8483	-160.0000
73.7000	37.8521	-160.0000
73.7200	37.8556	-160.0000
73.7400	37.8591	-160.0000
73.7456	37.8600	-160.0000
73.7600	37.8624	-160.0000
73.7800	37.8657	-160.0000
73.8000	37.8688	-160.0000
73.8200	37.8718	-160.0000
73.8400	37.8747	-160.0000
73.8600	37.8774	-160.0000
73.8792	37.8800	-160.0000
73.8800	37.8801	-160.0000
73.9000	37.8827	-160.0000
73.9200	37.8852	-160.0000
73.9400	37.8876	-160.0000
73.9600	37.8899	-160.0000
73.9800	37.8921	-160.0000
74.0000	37.8942	-160.0000
74.0200	37.8962	-160.0000
74.0400	37.8981	-160.0000
74.0600	37.8999	-160.0000
74.0608	37.9000	-160.0000
74.0800	37.9017	-160.0000
74.1000	37.9034	-160.0000
74.1200	37.9049	-160.0000
74.1400	37.9064	-160.0000
74.1600	37.9078	-160.0000
74.1800	37.9090	-160.0000
74.2000	37.9102	-160.0000
74.2200	37.9113	-160.0000
74.2400	37.9122	-160.0000
74.2600	37.9131	-160.0000
74.2800	37.9138	-160.0000
74.3000	37.9144	-160.0000
74.3200	37.9149	-160.0000
74.3400	37.9153	-160.0000
74.3600	37.9156	-160.0000
74.3800	37.9157	-160.0000
74.4000	37.9157	-160.0000
74.4200	37.9156	-160.0000
74.4400	37.9154	-160.0000
74.4600	37.9150	-160.0000
74.4800	37.9145	-160.0000
74.5000	37.9139	-160.0000
74.5200	37.9131	-160.0000
74.5400	37.9122	-160.0000
74.5600	37.9112	-160.0000
74.5800	37.9101	-160.0000
74.6000	37.9088	-160.0000
74.6200	37.9075	-160.0000
74.6400	37.9060	-160.0000
74.6600	37.9044	-160.0000
74.6800	37.9027	-160.0000
74.7000	37.9009	-160.0000
74.7099	37.9000	-160.0000
74.7200	37.8991	-160.0000
74.7400	37.8971	-160.0000
74.7600	37.8951	-160.0000
74.7800	37.8930	-160.0000
74.8000	37.8908	-160.0000
74.8200	37.8886	-160.0000
74.8400	37.8863	-160.0000
74.8600	37.8840	-160.0000
74.8800	37.8816	-160.0000
74.8930	37.8800	-160.0000
74.9000	37.8792	-160.0000
74.9200	37.8767	-160.0000
74.9400	37.8742	-160.0000
74.9600	37.8717	-160.0000
74.9800	37.8691	-160.0000
75.0000	37.8666	-160.0000
75.0200	37.8640	-160.0000
75.0400	37.8613	-160.0000
75.0500	37.8600	-160.0000
75.0600	37.8587	-160.0000
75.0800	37.8560	-160.0000
75.1000	37.8534	-160.0000
75.1200	37.8507	-160.0000
75.1400	37.8480	-160.0000
75.1600	37.8454	-160.0000
75.1800	37.8427	-160.0000
75.1999	37.8400	-160.0000
75.2000	37.8400	-160.0000
75.2200	37.8373	-160.0000
75.2400	37.8347	-160.0000
75.2600	37.8320	-160.0000
75.2800	37.8294	-160.0000
75.3000	37.8267	-160.0000
75.3200	37.8241	-160.0000
75.3400	37.8216	-160.0000
75.3524	37.8200	-160.0000
75.3600	37.8190	-160.0000
75.3800	37.8166	-160.0000
75.4000	37.8141	-160.0000
75.4200	37.8118	-160.0000
75.4400	37.8094	-160.0000
75.4600	37.8072	-160.0000
75.4800	37.8050	-160.0000
75.5000	37.8029	-160.0000
75.5200	37.8009	-160.0000
75.5296	37.8000	-160.0000
75.5400	37.7990	-160.0000
75.5600	37.7973	-160.0000
75.5800	37.7956	-160.0000
75.6000	37.7941	-160.0000
75.6200	37.7927	-160.0000
75.6400	37.7915	-160.0000
75.6600	37.7905	-160.0000
75.6800	37.7896	-160.0000
75.7000	37.7889	-160.0000
75.7200	37.7884	-160.0000
75.7400	37.7881	-160.0000
75.7600	37.7880	-160.0000
75.7800	37.7881	-160.0000
75.8000	37.7885	-160.0000
75.8200	37.7891	-160.0000
75.8400	37.7900	-160.0000
75.8600	37.7911	-160.0000
75.8800	37.7924	-160.0000
75.9000	37.7941	-160.0000
75.9200	37.7960	-160.0000
75.9400	37.7982	-160.0000
> -140 contour -Z-140
71.4800	36.9839	-140.0000
71.5000	36.9861	-140.0000
71.5200	36.9887	-140.0000
71.5400	36.9917	-140.0000
71.5600	36.9951	-140.0000
71.5800	36.9988	-140.0000
71.5857	37.0000	-140.0000
71.6000	37.0030	-140.0000
71.6200	37.0075	-140.0000
71.6400	37.0125	-140.0000
71.6600	37.0178	-140.0000
71.6675	37.0200	-140.0000
71.6800	37.0236	-140.0000
71.7000	37.0298	-140.0000
71.7200	37.0363	-140.0000
71.7304	37.0400	-140.0000
71.7400	37.0433	-140.0000
71.7600	37.0507	-140.0000
71.7800	37.0585	-140.0000
71.7836	37.0600	-140.0000
71.8000	37.0667	-140.0000
71.8200	37.0753	-140.0000
71.8304	37.0800	-140.0000
71.8400	37.0843	-140.0000
71.8600	37.0937	-140.0000
71.8731	37.1000	-140.0000
71.8800	37.1034	-140.0000
71.9000	37.1134	-140.0000
71.9126	37.1200	-140.0000
71.9200	37.1238	-140.0000
71.9400	37.1346	-140.0000
71.9498	37.1400	-140.0000
71.9600	37.1456	-140.0000
71.9800	37.1569	-140.0000
71.9853	37.1600	-140.0000
72.0000	37.1685	-140.0000
72.0194	37.1800	-140.0000
72.0200	37.1804	-140.0000
72.0400	37.1924	-140.0000
72.0523	37.2000	-140.0000
72.0600	37.2047	-140.0000
72.0800	37.2171	-140.0000
72.0845	37.2200	-140.0000
72.1000	37.2298	-140.0000
72.1161	37.2400	-140.0000
72.1200	37.2425	-140.0000
72.1400	37.2554	-140.0000
72.1471	37.2600	-140.0000
72.1600	37.2683	-140.0000
72.1779	37.2800	-140.0000
72.1800	37.2813	-140.0000
72.2000	37.2944	-140.0000
72.2085	37.3000	-140.0000
72.2200	37.3076	-140.0000
72.2389	37.3200	-140.0000
72.2400	37.3207	-140.0000
72.2600	37.3338	-140.0000
72.2694	37.3400	-140.0000
72.2800	37.3470	-140.0000
72.2999	37.3600	-140.0000
72.3000	37.3601	-140.0000
72.3200	37.3732	-140.0000
72.3305	37.3800	-140.0000
72.3400	37.3862	-140.0000
72.3600	37.3991	-140.0000
72.3614	37.4000	-140.0000
72.3800	37.4120	-140.0000
72.3925	37.4200	-140.0000
72.4000	37.4248	-140.0000
72.4200	37.4375	-140.0000
72.4240	37.4400	-140.0000
72.4400	37.4501	-140.0000
72.4559	37.4600	-140.0000
72.4600	37.4626	-140.0000
72.4800	37.4750	-140.0000
72.4882	37.4800	-140.0000
72.5000	37.4872	-140.0000
72.5200	37.4993	-140.0000
72.5211	37.5000	-140.0000
72.5400	37.5114	-140.0000
72.5545	37.5200	-140.0000
72.5600	37.5233	-140.0000
72.5800	37.5350	-140.0000
72.5886	37.5400	-140.0000
72.6000	37.5466	-140.0000
72.6200	37.5581	-140.0000
72.6234	37.5600	-140.0000
72.6400	37.5694	-140.0000
72.6590	37.5800	-140.0000
72.6600	37.5805	-140.0000
72.6800	37.5916	-140.0000
72.6955	37.6000	-140.0000
72.7000	37.6025	-140.0000
72.7200	37.6132	-140.0000
72.7329	37.6200	-140.0000
72.7400	37.6238	-140.0000
72.7600	37.6342	-140.0000
72.7713	37.6400	-140.0000
72.7800	37.6445	-140.0000
72.8000	37.6546	-140.0000
72.8108	37.6600	-140.0000
72.8200	37.6646	-140.0000
72.8400	37.6744	-140.0000
72.8515	37.6800	-140.0000
72.8600	37.6841	-140.0000
72.8800	37.6937	-140.0000
72.8935	37.7000	-140.0000
72.9000	37.7030	-140.0000
72.9200	37.7123	-140.0000
72.9370	37.7200	-140.0000
72.9400	37.7214	-140.0000
72.9600	37.7304	-140.0000
72.9800	37.7391	-140.0000
72.9820	37.7400	-140.0000
73.0000	37.7478	-140.0000
73.0200	37.7564	-140.0000
73.0287	37.7600	-140.0000
73.0400	37.7647	-140.0000
73.0600	37.7730	-140.0000
73.0773	37.7800	-140.0000
73.0800	37.7811	-140.0000
73.1000	37.7891	-140.0000
73.1200	37.7969	-140.0000
73.1281	37.8000	-140.0000
73.1400	37.8046	-140.0000
73.1600	37.8121	-140.0000
73.1800	37.8195	-140.0000
73.1813	37.8200	-140.0000
73.2000	37.8268	-140.0000
73.2200	37.8339	-140.0000
73.2374	37.8400	-140.0000
73.2400	37.8409	-140.0000
73.2600	37.8478	-140.0000
73.2800	37.8545	-140.0000
73.2967	37.8600	-140.0000
73.3000	37.8611	-140.0000
73.3200	37.8676	-140.0000
73.3400	37.8739	-140.0000
73.3600	37.8800	-140.0000
73.3600	37.8800	-140.0000
73.3800	37.8861	-140.0000
73.4000	37.8920	-140.0000
73.4200	37.8977	-140.0000
73.4281	37.9000	-140.0000
73.4400	37.9034	-140.0000
73.4600	37.9089	-140.0000
73.4800	37.9143	-140.0000
73.5000	37.9195	-140.0000
73.5019	37.9200	-140.0000
73.5200	37.9247	-140.0000
73.5400	37.9297	-140.0000
73.5600	37.9346	-140.0000
73.5800	37.9393	-140.0000
73.5830	37.9400	-140.0000
73.6000	37.9440	-140.0000
73.6200	37.9485	-140.0000
73.6400	37.9529	-140.0000
73.6600	37.9572	-140.0000
73.6732	37.9600	-140.0000
73.6800	37.9614	-140.0000
73.7000	37.9656	-140.0000
73.7200	37.9696	-140.0000
73.7400	37.9735	-140.0000
73.7600	37.9773	-140.0000
73.7745	37.9800	-140.0000
73.7800	37.9810	-140.0000
73.8000	37.9847	-140.0000
73.8200	37.9883	-140.0000
73.8400	37.9917	-140.0000
73.8600	37.9951	-140.0000
73.8800	37.9984	-140.0000
73.8900	38.0000	-140.0000
73.9000	38.0016	-140.0000
73.9200	38.0048	-140.0000
73.9400	38.0079	-140.0000
73.9600	38.0109	-140.0000
73.9800	38.0138	-140.0000
74.0000	38.0166	-140.0000
74.0200	38.0193	-140.0000
74.0253	38.0200	-140.0000
74.0400	38.0220	-140.0000
74.0600	38.0245	-140.0000
74.0800	38.0270	-140.0000
74.1000	38.0294	-140.0000
74.1200	38.0316	-140.0000
74.1400	38.0338	-140.0000
74.1600	38.0358	-140.0000
74.1800	38.0377	-140.0000
74.2000	38.0394	-140.0000
74.2074	38.0400	-140.0000
74.2200	38.0410	-140.0000
74.2400	38.0425	-140.0000
74.2600	38.0438	-140.0000
74.2800	38.0449	-140.0000
74.3000	38.0459	-140.0000
74.3200	38.0466	-140.0000
74.3400	38.0472	-140.0000
74.3600	38.0476	-140.0000
74.3800	38.0477	-140.0000
74.4000	38.0477	-140.0000
74.4200	38.0474	-140.0000
74.4400	38.0469	-140.0000
74.4600	38.0462	-140.0000
74.4800	38.0453	-140.0000
74.5000	38.0441	-140.0000
74.5200	38.0427	-140.0000
74.5400	38.0412	-140.0000
74.5530	38.0400	-140.0000
74.5600	38.0394	-140.0000
74.5800	38.0374	-140.0000
74.6000	38.0353	-140.0000
74.6200	38.0330	-140.0000
74.6400	38.0305	-140.0000
74.6600	38.0278	-140.0000
74.6800	38.0250	-140.0000
74.7000	38.0220	-140.0000
74.7131	38.0200	-140.0000
74.7200	38.0190	-140.0000
74.7400	38.0158	-140.0000
74.7600	38.0126	-140.0000
74.7800	38.0092	-140.0000
74.8000	38.0058	-140.0000
74.8200	38.0023	-140.0000
74.8329	38.0000	-140.0000
74.8400	37.9988	-140.0000
74.8600	37.9952	-140.0000
74.8800	37.9917	-140.0000
74.9000	37.9880	-140.0000
74.9200	37.9844	-140.0000
74.9400	37.9808	-140.0000
74.9442	37.9800	-140.0000
74.9600	37.9772	-140.0000
74.9800	37.9736	-140.0000
75.0000	37.9700	-140.0000
75.0200	37.9664	-140.0000
75.0400	37.9628	-140.0000
75.0560	37.9600	-140.0000
75.0600	37.9593	-140.0000
75.0800	37.9558	-140.0000
75.1000	37.9524	-140.0000
75.1200	37.9490	-140.0000
75.1400	37.9456	-140.0000
75.1600	37.9423	-140.0000
75.1737	37.9400	-140.0000
75.1800	37.9390	-140.0000
75.2000	37.9358	-140.0000
75.2200	37.9326	-140.0000
75.2400	37.9294	-140.0000
75.2600	37.9264	-140.0000
75.2800	37.9233	-140.0000
75.3000	37.9203	-140.0000
75.3023	37.9200	-140.0000
75.3200	37.9175	-140.0000
75.3400	37.9146	-140.0000
75.3600	37.9119	-140.0000
75.3800	37.9092	-140.0000
75.4000	37.9066	-140.0000
75.4200	37.9041	-140.0000
75.4400	37.9016	-140.0000
75.4538	37.9000	-140.0000
75.4600	37.8993	-140.0000
75.4800	37.8971	-140.0000
75.5000	37.8950	-140.0000
75.5200	37.8930	-140.0000
75.5400	37.8911	-140.0000
75.5600	37.8894	-140.0000
75.5800	37.8878	-140.0000
75.6000	37.8863	-140.0000
75.6200	37.8851	-140.0000
75.6400	37.8839	-140.0000
75.6600	37.8830	-140.0000
75.6800	37.8823	-140.0000
75.7000	37.8818	-140.0000
75.7200	37.8815	-140.0000
75.7400	37.8814	-140.0000
75.7600	37.8815	-140.0000
75.7800	37.8819	-140.0000
75.8000	37.8825	-140.0000
75.8200	37.8834	-140.0000
75.8400	37.8846	-140.0000
75.8600	37.8861	-140.0000
75.8800	37.8878	-140.0000
75.9000	37.8899	-140.0000
75.9200	37.8922	-140.0000
75.9400	37.8949	-140.0000
75.9600	37.8979	-140.0000
> -120 contour -Z-120
71.2400	37.1846	-120.0000
71.2600	37.1812	-120.0000
71.2672	37.1800	-120.0000
71.2800	37.1780	-120.0000
71.3000	37.1751	-120.0000
71.3200	37.1725	-120.0000
71.3400	37.1702	-120.0000
71.3600	37.1682	-120.0000
71.3800	37.1665	-120.0000
71.4000	37.1651	-120.0000
71.4200	37.1641	-120.0000
71.4400	37.1635	-120.0000
71.4600	37.1633	-120.0000
71.4800	37.1634	-120.0000
71.5000	37.1640	-120.0000
71.5200	37.1649	-120.0000
71.5400	37.1663	-120.0000
71.5600	37.1681	-120.0000
71.5800	37.1704	-120.0000
71.6000	37.1731	-120.0000
71.6200	37.1762	-120.0000
71.6400	37.1798	-120.0000
71.6411	37.1800	-120.0000
71.6600	37.1838	-120.0000
71.6800	37.1883	-120.0000
71.7000	37.1932	-120.0000
71.7200	37.1986	-120.0000
71.7248	37.2000	-120.0000
71.7400	37.2044	-120.0000
71.7600	37.2107	-120.0000
71.7800	37.2174	-120.0000
71.7873	37.2200	-120.0000
71.8000	37.2245	-120.0000
71.8200	37.2321	-120.0000
71.8400	37.2400	-120.0000
71.8401	37.2400	-120.0000
71.8600	37.2483	-120.0000
71.8800	37.2570	-120.0000
71.8865	37.2600	-120.0000
71.9000	37.2661	-120.0000
71.9200	37.2756	-120.0000
71.9291	37.2800	-120.0000
71.9400	37.2853	-120.0000
71.9600	37.2954	-120.0000
71.9688	37.3000	-120.0000
71.9800	37.3058	-120.0000
72.0000	37.3164	-120.0000
72.0065	37.3200	-120.0000
72.0200	37.3274	-120.0000
72.0400	37.3385	-120.0000
72.0426	37.3400	-120.0000
72.0600	37.3499	-120.0000
72.0775	37.3600	-120.0000
72.0800	37.3614	-120.0000
72.1000	37.3732	-120.0000
72.1115	37.3800	-120.0000
72.1200	37.3851	-120.0000
72.1400	37.3971	-120.0000
72.1448	37.4000	-120.0000
72.1600	37.4093	-120.0000
72.1776	37.4200	-120.0000
72.1800	37.4215	-120.0000
72.2000	37.4338	-120.0000
72.2100	37.4400	-120.0000
72.2200	37.4462	-120.0000
72.2400	37.4586	-120.0000
72.2422	37.4600	-120.0000
72.2600	37.4711	-120.0000
72.2743	37.4800	-120.0000
72.2800	37.4836	-120.0000
72.3000	37.4960	-120.0000
72.3063	37.5000	-120.0000
72.3200	37.5085	-120.0000
72.3385	37.5200	-120.0000
72.3400	37.5209	-120.0000
72.3600	37.5333	-120.0000
72.3708	37.5400	-120.0000
72.3800	37.5457	-120.0000
72.4000	37.5579	-120.0000
72.4034	37.5600	-120.0000
72.4200	37.5701	-120.0000
72.4363	37.5800	-120.0000
72.4400	37.5822	-120.0000
72.4600	37.5943	-120.0000
72.4697	37.6000	-120.0000
72.4800	37.6062	-120.0000
72.5000	37.6180	-120.0000
72.5035	37.6200	-120.0000
72.5200	37.6297	-120.0000
72.5378	37.6400	-120.0000
72.5400	37.6413	-120.0000
72.5600	37.6527	-120.0000
72.5728	37.6600	-120.0000
72.5800	37.6641	-120.0000
72.6000	37.6753	-120.0000
72.6086	37.6800	-120.0000
72.6200	37.6863	-120.0000
72.6400	37.6972	-120.0000
72.6451	37.7000	-120.0000
72.6600	37.7080	-120.0000
72.6800	37.7186	-120.0000
72.6826	37.7200	-120.0000
72.7000	37.7292	-120.0000
72.7200	37.7395	-120.0000
72.7210	37.7400	-120.0000
72.7400	37.7497	-120.0000
72.7600	37.7598	-120.0000
72.7605	37.7600	-120.0000
72.7800	37.7697	-120.0000
72.8000	37.7795	-120.0000
72.8011	37.7800	-120.0000
72.8200	37.7892	-120.0000
72.8400	37.7986	-120.0000
72.8429	37.8000	-120.0000
72.8600	37.8080	-120.0000
72.8800	37.8173	-120.0000
72.8861	37.8200	-120.0000
72.9000	37.8264	-120.0000
72.9200	37.8353	-120.0000
72.9306	37.8400	-120.0000
72.9400	37.8442	-120.0000
72.9600	37.8529	-120.0000
72.9767	37.8600	-120.0000
72.9800	37.8614	-120.0000
73.0000	37.8699	-120.0000
73.0200	37.8782	-120.0000
73.0244	37.8800	-120.0000
73.0400	37.8864	-120.0000
73.0600	37.8945	-120.0000
73.0739	37.9000	-120.0000
73.0800	37.9024	-120.0000
73.1000	37.9103	-120.0000
73.1200	37.9180	-120.0000
73.1254	37.9200	-120.0000
73.1400	37.9256	-120.0000
73.1600	37.9331	-120.0000
73.1790	37.9400	-120.0000
73.1800	37.9404	-120.0000
73.2000	37.9477	-120.0000
73.2200	37.9548	-120.0000
73.2350	37.9600	-120.0000
73.2400	37.9618	-120.0000
73.2600	37.9687	-120.0000
73.2800	37.9754	-120.0000
73.2938	37.9800	-120.0000
73.3000	37.9821	-120.0000
73.3200	37.9887	-120.0000
73.3400	37.9951	-120.0000
73.3557	38.0000	-120.0000
73.3600	38.0014	-120.0000
73.3800	38.0076	-120.0000
73.4000	38.0137	-120.0000
73.4200	38.0197	-120.0000
73.4212	38.0200	-120.0000
73.4400	38.0256	-120.0000
73.4600	38.0314	-120.0000
73.4800	38.0370	-120.0000
73.4907	38.0400	-120.0000
73.5000	38.0426	-120.0000
73.5200	38.0481	-120.0000
73.5400	38.0535	-120.0000
73.5600	38.0588	-120.0000
73.5647	38.0600	-120.0000
73.5800	38.0640	-120.0000
73.6000	38.0692	-120.0000
73.6200	38.0742	-120.0000
73.6400	38.0792	-120.0000
73.6434	38.0800	-120.0000
73.6600	38.0841	-120.0000
73.6800	38.0890	-120.0000
73.7000	38.0937	-120.0000
73.7200	38.0984	-120.0000
73.7271	38.1000	-120.0000
73.7400	38.1030	-120.0000
73.7600	38.1076	-120.0000
73.7800	38.1122	-120.0000
73.8000	38.1166	-120.0000
73.8156	38.1200	-120.0000
73.8200	38.1210	-120.0000
73.8400	38.1254	-120.0000
73.8600	38.1297	-120.0000
73.8800	38.1339	-120.0000
73.9000	38.1381	-120.0000
73.9096	38.1400	-120.0000
73.9200	38.1422	-120.0000
73.9400	38.1462	-120.0000
73.9600	38.1502	-120.0000
73.9800	38.1541	-120.0000
74.0000	38.1579	-120.0000
74.0113	38.1600	-120.0000
74.0200	38.1616	-120.0000
74.0400	38.1653	-120.0000
74.0600	38.1688	-120.0000
74.0800	38.1722	-120.0000
74.1000	38.1755	-120.0000
74.1200	38.1785	-120.0000
74.1300	38.1800	-120.0000
74.1400	38.1815	-120.0000
74.1600	38.1843	-120.0000
74.1800	38.1869	-120.0000
74.2000	38.1892	-120.0000
74.2200	38.1914	-120.0000
74.2400	38.1933	-120.0000
74.2600	38.1949	-120.0000
74.2800	38.1963	-120.0000
74.3000	38.1974	-120.0000
74.3200	38.1982	-120.0000
74.3400	38.1987	-120.0000
74.3600	38.1989	-120.0000
74.3800	38.1988	-120.0000
74.4000	38.1984	-120.0000
74.4200	38.1976	-120.0000
74.4400	38.1965	-120.0000
74.4600	38.1951	-120.0000
74.4800	38.1934	-120.0000
74.5000	38.1913	-120.0000
74.5200	38.1890	-120.0000
74.5400	38.1863	-120.0000
74.5600	38.1833	-120.0000
74.5800	38.1801	-120.0000
74.5806	38.1800	-120.0000
74.6000	38.1766	-120.0000
74.6200	38.1729	-120.0000
74.6400	38.1690	-120.0000
74.6600	38.1648	-120.0000
74.6800	38.1604	-120.0000
74.6818	38.1600	-120.0000
74.7000	38.1559	-120.0000
74.7200	38.1513	-120.0000
74.7400	38.1465	-120.0000
74.7600	38.1416	-120.0000
74.7663	38.1400	-120.0000
74.7800	38.1366	-120.0000
74.8000	38.1316	-120.0000
74.8200	38.1265	-120.0000
74.8400	38.1214	-120.0000
74.8453	38.1200	-120.0000
74.8600	38.1163	-120.0000
74.8800	38.1111	-120.0000
74.9000	38.1060	-120.0000
74.9200	38.1009	-120.0000
74.9237	38.1000	-120.0000
74.9400	38.0959	-120.0000
74.9600	38.0910	-120.0000
74.9800	38.0860	-120.0000
75.0000	38.0812	-120.0000
75.0048	38.0800	-120.0000
75.0200	38.0764	-120.0000
75.0400	38.0717	-120.0000
75.0600	38.0671	-120.0000
75.0800	38.0626	-120.0000
75.0918	38.0600	-120.0000
75.1000	38.0582	-120.0000
75.1200	38.0539	-120.0000
75.1400	38.0497	-120.0000
75.1600	38.0456	-120.0000
75.1800	38.0416	-120.0000
75.1882	38.0400	-120.0000
75.2000	38.0377	-120.0000
75.2200	38.0340	-120.0000
75.2400	38.0303	-120.0000
75.2600	38.0267	-120.0000
75.2800	38.0233	-120.0000
75.2995	38.0200	-120.0000
75.3000	38.0199	-120.0000
75.3200	38.0167	-120.0000
75.3400	38.0136	-120.0000
75.3600	38.0107	-120.0000
75.3800	38.0078	-120.0000
75.4000	38.0050	-120.0000
75.4200	38.0024	-120.0000
75.4391	38.0000	-120.0000
75.4400	37.9999	-120.0000
75.4600	37.9976	-120.0000
75.4800	37.9953	-120.0000
75.5000	37.9933	-120.0000
75.5200	37.9914	-120.0000
75.5400	37.9896	-120.0000
75.5600	37.9880	-120.0000
75.5800	37.9865	-120.0000
75.6000	37.9853	-120.0000
75.6200	37.9842	-120.0000
75.6400	37.9833	-120.0000
75.6600	37.9826	-120.0000
75.6800	37.9821	-120.0000
75.7000	37.9819	-120.0000
75.7200	37.9818	-120.0000
75.7400	37.9821	-120.0000
75.7600	37.9825	-120.0000
75.7800	37.9833	-120.0000
75.8000	37.9843	-120.0000
75.8200	37.9856	-120.0000
75.8400	37.9872	-120.0000
75.8600	37.9891	-120.0000
75.8800	37.9914	-120.0000
75.9000	37.9939	-120.0000
75.9200	37.9968	-120.0000
75.9395	38.0000	-120.0000
75.9400	38.0001	-120.0000
75.9600	38.0038	-120.0000
75.9800	38.0078	-120.0000
> -100 contour -Z-100
70.9600	37.4854	-100.0000
70.9772	37.4800	-100.0000
70.9800	37.4791	-100.0000
71.0000	37.4730	-100.0000
71.0200	37.4669	-100.0000
71.0400	37.4609	-100.0000
71.0432	37.4600	-100.0000
71.0600	37.4551	-100.0000
71.0800	37.4493	-100.0000
71.1000	37.4436	-100.0000
71.1127	37.4400	-100.0000
71.1200	37.4380	-100.0000
71.1400	37.4324	-100.0000
71.1600	37.4270	-100.0000
71.1800	37.4216	-100.0000
71.1862	37.4200	-100.0000
71.2000	37.4164	-100.0000
71.2200	37.4113	-100.0000
71.2400	37.4063	-100.0000
71.2600	37.4014	-100.0000
71.2661	37.4000	-100.0000
71.2800	37.3968	-100.0000
71.3000	37.3923	-100.0000
71.3200	37.3880	-100.0000
71.3400	37.3839	-100.0000
71.3600	37.3801	-100.0000
71.3607	37.3800	-100.0000
71.3800	37.3766	-100.0000
71.4000	37.3734	-100.0000
71.4200	37.3705	-100.0000
71.4400	37.3679	-100.0000
71.4600	37.3657	-100.0000
71.4800	37.3639	-100.0000
71.5000	37.3625	-100.0000
71.5200	37.3615	-100.0000
71.5400	37.3610	-100.0000
71.5600	37.3609	-100.0000
71.5800	37.3612	-100.0000
71.6000	37.3621	-100.0000
71.6200	37.3634	-100.0000
71.6400	37.3652	-100.0000
71.6600	37.3675	-100.0000
71.6800	37.3703	-100.0000
71.7000	37.3736	-100.0000
71.7200	37.3774	-100.0000
71.7322	37.3800	-100.0000
71.7400	37.3817	-100.0000
71.7600	37.3865	-100.0000
71.7800	37.3917	-100.0000
71.8000	37.3974	-100.0000
71.8084	37.4000	-100.0000
71.8200	37.4036	-100.0000
71.8400	37.4102	-100.0000
71.8600	37.4173	-100.0000
71.8673	37.4200	-100.0000
71.8800	37.4248	-100.0000
71.9000	37.4327	-100.0000
71.9178	37.4400	-100.0000
71.9200	37.4409	-100.0000
71.9400	37.4496	-100.0000
71.9600	37.4586	-100.0000
71.9630	37.4600	-100.0000
71.9800	37.4680	-100.0000
72.0000	37.4776	-100.0000
72.0047	37.4800	-100.0000
72.0200	37.4876	-100.0000
72.0400	37.4978	-100.0000
72.0441	37.5000	-100.0000
72.0600	37.5084	-100.0000
72.0800	37.5191	-100.0000
72.0817	37.5200	-100.0000
72.1000	37.5300	-100.0000
72.1179	37.5400	-100.0000
72.1200	37.5411	-100.0000
72.1400	37.5525	-100.0000
72.1532	37.5600	-100.0000
72.1600	37.5639	-100.0000
72.1800	37.5755	-100.0000
72.1877	37.5800	-100.0000
72.2000	37.5872	-100.0000
72.2200	37.5990	-100.0000
72.2217	37.6000	-100.0000
72.2400	37.6109	-100.0000
72.2554	37.6200	-100.0000
72.2600	37.6228	-100.0000
72.2800	37.6347	-100.0000
72.2888	37.6400	-100.0000
72.3000	37.6467	-100.0000
72.3200	37.6586	-100.0000
72.3223	37.6600	-100.0000
72.3400	37.6706	-100.0000
72.3558	37.6800	-100.0000
72.3600	37.6825	-100.0000
72.3800	37.6944	-100.0000
72.3894	37.7000	-100.0000
72.4000	37.7063	-100.0000
72.4200	37.7180	-100.0000
72.4234	37.7200	-100.0000
72.4400	37.7297	-100.0000
72.4578	37.7400	-100.0000
72.4600	37.7413	-100.0000
72.4800	37.7528	-100.0000
72.4927	37.7600	-100.0000
72.5000	37.7642	-100.0000
72.5200	37.7755	-100.0000
72.5281	37.7800	-100.0000
72.5400	37.7866	-100.0000
72.5600	37.7976	-100.0000
72.5643	37.8000	-100.0000
72.5800	37.8086	-100.0000
72.6000	37.8193	-100.0000
72.6013	37.8200	-100.0000
72.6200	37.8300	-100.0000
72.6391	37.8400	-100.0000
72.6400	37.8404	-100.0000
72.6600	37.8509	-100.0000
72.6779	37.8600	-100.0000
72.6800	37.8611	-100.0000
72.7000	37.8712	-100.0000
72.7178	37.8800	-100.0000
72.7200	37.8811	-100.0000
72.7400	37.8910	-100.0000
72.7587	37.9000	-100.0000
72.7600	37.9006	-100.0000
72.7800	37.9102	-100.0000
72.8000	37.9196	-100.0000
72.8008	37.9200	-100.0000
72.8200	37.9290	-100.0000
72.8400	37.9381	-100.0000
72.8441	37.9400	-100.0000
72.8600	37.9473	-100.0000
72.8800	37.9562	-100.0000
72.8887	37.9600	-100.0000
72.9000	37.9650	-100.0000
72.9200	37.9738	-100.0000
72.9345	37.9800	-100.0000
72.9400	37.9824	-100.0000
72.9600	37.9909	-100.0000
72.9800	37.9993	-100.0000
72.9818	38.0000	-100.0000
73.0000	38.0076	-100.0000
73.0200	38.0158	-100.0000
73.0304	38.0200	-100.0000
73.0400	38.0239	-100.0000
73.0600	38.0319	-100.0000
73.0800	38.0398	-100.0000
73.0806	38.0400	-100.0000
73.1000	38.0476	-100.0000
73.1200	38.0553	-100.0000
73.1324	38.0600	-100.0000
73.1400	38.0629	-100.0000
73.1600	38.0705	-100.0000
73.1800	38.0778	-100.0000
73.1859	38.0800	-100.0000
73.2000	38.0852	-100.0000
73.2200	38.0924	-100.0000
73.2400	38.0995	-100.0000
73.2414	38.1000	-100.0000
73.2600	38.1066	-100.0000
73.2800	38.1136	-100.0000
73.2988	38.1200	-100.0000
73.3000	38.1204	-100.0000
73.3200	38.1273	-100.0000
73.3400	38.1340	-100.0000
73.3584	38.1400	-100.0000
73.3600	38.1405	-100.0000
73.3800	38.1471	-100.0000
73.4000	38.1536	-100.0000
73.4200	38.1599	-100.0000
73.4202	38.1600	-100.0000
73.4400	38.1663	-100.0000
73.4600	38.1726	-100.0000
73.4800	38.1787	-100.0000
73.4842	38.1800	-100.0000
73.5000	38.1849	-100.0000
73.5200	38.1910	-100.0000
73.5400	38.1970	-100.0000
73.5502	38.2000	-100.0000
73.5600	38.2030	-100.0000
73.5800	38.2089	-100.0000
73.6000	38.2148	-100.0000
73.6179	38.2200	-100.0000
73.6200	38.2206	-100.0000
73.6400	38.2265	-100.0000
73.6600	38.2323	-100.0000
73.6800	38.2380	-100.0000
73.6870	38.2400	-100.0000
73.7000	38.2438	-100.0000
73.7200	38.2495	-100.0000
73.7400	38.2552	-100.0000
73.7570	38.2600	-100.0000
73.7600	38.2609	-100.0000
73.7800	38.2666	-100.0000
73.8000	38.2722	-100.0000
73.8200	38.2778	-100.0000
73.8282	38.2800	-100.0000
73.8400	38.2833	-100.0000
73.8600	38.2889	-100.0000
73.8800	38.2943	-100.0000
73.9000	38.2997	-100.0000
73.9010	38.3000	-100.0000
73.9200	38.3051	-100.0000
73.9400	38.3104	-100.0000
73.9600	38.3156	-100.0000
73.9775	38.3200	-100.0000
73.9800	38.3206	-100.0000
74.0000	38.3256	-100.0000
74.0200	38.3305	-100.0000
74.0400	38.3351	-100.0000
74.0600	38.3395	-100.0000
74.0622	38.3400	-100.0000
74.0800	38.3438	-100.0000
74.1000	38.3479	-100.0000
74.1200	38.3517	-100.0000
74.1400	38.3552	-100.0000
74.1600	38.3585	-100.0000
74.1704	38.3600	-100.0000
74.1800	38.3614	-100.0000
74.2000	38.3641	-100.0000
74.2200	38.3664	-100.0000
74.2400	38.3683	-100.0000
74.2600	38.3699	-100.0000
74.2800	38.3710	-100.0000
74.3000	38.3718	-100.0000
74.3200	38.3722	-100.0000
74.3400	38.3721	-100.0000
74.3600	38.3717	-100.0000
74.3800	38.3708	-100.0000
74.4000	38.3695	-100.0000
74.4200	38.3677	-100.0000
74.4400	38.3656	-100.0000
74.4600	38.3630	-100.0000
74.4800	38.3601	-100.0000
74.4804	38.3600	-100.0000
74.5000	38.3567	-100.0000
74.5200	38.3530	-100.0000
74.5400	38.3489	-100.0000
74.5600	38.3445	-100.0000
74.5786	38.3400	-100.0000
74.5800	38.3397	-100.0000
74.6000	38.3346	-100.0000
74.6200	38.3292	-100.0000
74.6400	38.3235	-100.0000
74.6517	38.3200	-100.0000
74.6600	38.3176	-100.0000
74.6800	38.3114	-100.0000
74.7000	38.3051	-100.0000
74.7155	38.3000	-100.0000
74.7200	38.2986	-100.0000
74.7400	38.2919	-100.0000
74.7600	38.2851	-100.0000
74.7748	38.2800	-100.0000
74.7800	38.2782	-100.0000
74.8000	38.2713	-100.0000
74.8200	38.2644	-100.0000
74.8323	38.2600	-100.0000
74.8400	38.2574	-100.0000
74.8600	38.2504	-100.0000
74.8800	38.2435	-100.0000
74.8899	38.2400	-100.0000
74.9000	38.2366	-100.0000
74.9200	38.2298	-100.0000
74.9400	38.2231	-100.0000
74.9491	38.2200	-100.0000
74.9600	38.2165	-100.0000
74.9800	38.2100	-100.0000
75.0000	38.2036	-100.0000
75.0115	38.2000	-100.0000
75.0200	38.1974	-100.0000
75.0400	38.1914	-100.0000
75.0600	38.1855	-100.0000
75.0790	38.1800	-100.0000
75.0800	38.1797	-100.0000
75.1000	38.1742	-100.0000
75.1200	38.1688	-100.0000
75.1400	38.1636	-100.0000
75.1543	38.1600	-100.0000
75.1600	38.1586	-100.0000
75.1800	38.1538	-100.0000
75.2000	38.1492	-100.0000
75.2200	38.1447	-100.0000
75.2400	38.1404	-100.0000
75.2417	38.1400	-100.0000
75.2600	38.1363	-100.0000
75.2800	38.1324	-100.0000
75.3000	38.1286	-100.0000
75.3200	38.1251	-100.0000
75.3400	38.1217	-100.0000
75.3503	38.1200	-100.0000
75.3600	38.1185	-100.0000
75.3800	38.1154	-100.0000
75.4000	38.1126	-100.0000
75.4200	38.1099	-100.0000
75.4400	38.1075	-100.0000
75.4600	38.1051	-100.0000
75.4800	38.1030	-100.0000
75.5000	38.1010	-100.0000
75.5116	38.1000	-100.0000
75.5200	38.0993	-100.0000
75.5400	38.0977	-100.0000
75.5600	38.0964	-100.0000
75.5800	38.0952	-100.0000
75.6000	38.0942	-100.0000
75.6200	38.0935	-100.0000
75.6400	38.0930	-100.0000
75.6600	38.0927	-100.0000
75.6800	38.0926	-100.0000
75.7000	38.0928	-100.0000
75.7200	38.0932	-100.0000
75.7400	38.0939	-100.0000
75.7600	38.0949	-100.0000
75.7800	38.0962	-100.0000
75.8000	38.0978	-100.0000
75.8200	38.0996	-100.0000
75.8233	38.1000	-100.0000
75.8400	38.1019	-100.0000
75.8600	38.1045	-100.0000
75.8800	38.1074	-100.0000
75.9000	38.1108	-100.0000
75.9200	38.1145	-100.0000
75.9400	38.1186	-100.0000
75.9463	38.1200	-100.0000
75.9600	38.1232	-100.0000
75.9800	38.1282	-100.0000
> -80 contour -Z-80
70.8200	37.7874	-80.0000
70.8365	37.7800	-80.0000
70.8400	37.7784	-80.0000
70.8600	37.7698	-80.0000
70.8800	37.7615	-80.0000
70.8838	37.7600	-80.0000
70.9000	37.7536	-80.0000
70.9200	37.7459	-80.0000
70.9359	37.7400	-80.0000
70.9400	37.7385	-80.0000
70.9600	37.7314	-80.0000
70.9800	37.7244	-80.0000
70.9931	37.7200	-80.0000
71.0000	37.7177	-80.0000
71.0200	37.7111	-80.0000
71.0400	37.7047	-80.0000
71.0550	37.7000	-80.0000
71.0600	37.6984	-80.0000
71.0800	37.6923	-80.0000
71.1000	37.6862	-80.0000
71.1200	37.6802	-80.0000
71.1208	37.6800	-80.0000
71.1400	37.6744	-80.0000
71.1600	37.6686	-80.0000
71.1800	37.6628	-80.0000
71.1899	37.6600	-80.0000
71.2000	37.6571	-80.0000
71.2200	37.6515	-80.0000
71.2400	37.6460	-80.0000
71.2600	37.6405	-80.0000
71.2619	37.6400	-80.0000
71.2800	37.6352	-80.0000
71.3000	37.6299	-80.0000
71.3200	37.6248	-80.0000
71.3389	37.6200	-80.0000
71.3400	37.6197	-80.0000
71.3600	37.6149	-80.0000
71.3800	37.6102	-80.0000
71.4000	37.6057	-80.0000
71.4200	37.6015	-80.0000
71.4273	37.6000	-80.0000
71.4400	37.5975	-80.0000
71.4600	37.5938	-80.0000
71.4800	37.5904	-80.0000
71.5000	37.5873	-80.0000
71.5200	37.5847	-80.0000
71.5400	37.5824	-80.0000
71.5600	37.5805	-80.0000
71.5663	37.5800	-80.0000
71.5800	37.5790	-80.0000
71.6000	37.5780	-80.0000
71.6200	37.5775	-80.0000
71.6400	37.5775	-80.0000
71.6600	37.5780	-80.0000
71.6800	37.5790	-80.0000
71.6927	37.5800	-80.0000
71.7000	37.5806	-80.0000
71.7200	37.5826	-80.0000
71.7400	37.5853	-80.0000
71.7600	37.5884	-80.0000
71.7800	37.5920	-80.0000
71.8000	37.5962	-80.0000
71.8162	37.6000	-80.0000
71.8200	37.6009	-80.0000
71.8400	37.6061	-80.0000
71.8600	37.6118	-80.0000
71.8800	37.6180	-80.0000
71.8860	37.6200	-80.0000
71.9000	37.6247	-80.0000
71.9200	37.6318	-80.0000
71.9400	37.6393	-80.0000
71.9418	37.6400	-80.0000
71.9600	37.6473	-80.0000
71.9800	37.6556	-80.0000
71.9901	37.6600	-80.0000
72.0000	37.6643	-80.0000
72.0200	37.6734	-80.0000
72.0340	37.6800	-80.0000
72.0400	37.6828	-80.0000
72.0600	37.6925	-80.0000
72.0750	37.7000	-80.0000
72.0800	37.7025	-80.0000
72.1000	37.7128	-80.0000
72.1139	37.7200	-80.0000
72.1200	37.7232	-80.0000
72.1400	37.7339	-80.0000
72.1512	37.7400	-80.0000
72.1600	37.7448	-80.0000
72.1800	37.7558	-80.0000
72.1876	37.7600	-80.0000
72.2000	37.7670	-80.0000
72.2200	37.7782	-80.0000
72.2232	37.7800	-80.0000
72.2400	37.7896	-80.0000
72.2584	37.8000	-80.0000
72.2600	37.8009	-80.0000
72.2800	37.8124	-80.0000
72.2932	37.8200	-80.0000
72.3000	37.8239	-80.0000
72.3200	37.8354	-80.0000
72.3281	37.8400	-80.0000
72.3400	37.8469	-80.0000
72.3600	37.8583	-80.0000
72.3631	37.8600	-80.0000
72.3800	37.8697	-80.0000
72.3983	37.8800	-80.0000
72.4000	37.8810	-80.0000
72.4200	37.8923	-80.0000
72.4339	37.9000	-80.0000
72.4400	37.9034	-80.0000
72.4600	37.9145	-80.0000
72.4701	37.9200	-80.0000
72.4800	37.9254	-80.0000
72.5000	37.9363	-80.0000
72.5069	37.9400	-80.0000
72.5200	37.9471	-80.0000
72.5400	37.9577	-80.0000
72.5444	37.9600	-80.0000
72.5600	37.9682	-80.0000
72.5800	37.9786	-80.0000
72.5828	37.9800	-80.0000
72.6000	37.9889	-80.0000
72.6200	37.9990	-80.0000
72.6220	38.0000	-80.0000
72.6400	38.0091	-80.0000
72.6600	38.0189	-80.0000
72.6622	38.0200	-80.0000
72.6800	38.0288	-80.0000
72.7000	38.0384	-80.0000
72.7033	38.0400	-80.0000
72.7200	38.0481	-80.0000
72.7400	38.0575	-80.0000
72.7454	38.0600	-80.0000
72.7600	38.0669	-80.0000
72.7800	38.0762	-80.0000
72.7884	38.0800	-80.0000
72.8000	38.0853	-80.0000
72.8200	38.0944	-80.0000
72.8325	38.1000	-80.0000
72.8400	38.1034	-80.0000
72.8600	38.1123	-80.0000
72.8775	38.1200	-80.0000
72.8800	38.1211	-80.0000
72.9000	38.1299	-80.0000
72.9200	38.1385	-80.0000
72.9234	38.1400	-80.0000
72.9400	38.1472	-80.0000
72.9600	38.1557	-80.0000
72.9704	38.1600	-80.0000
72.9800	38.1641	-80.0000
73.0000	38.1725	-80.0000
73.0183	38.1800	-80.0000
73.0200	38.1807	-80.0000
73.0400	38.1890	-80.0000
73.0600	38.1971	-80.0000
73.0673	38.2000	-80.0000
73.0800	38.2052	-80.0000
73.1000	38.2131	-80.0000
73.1175	38.2200	-80.0000
73.1200	38.2210	-80.0000
73.1400	38.2289	-80.0000
73.1600	38.2366	-80.0000
73.1688	38.2400	-80.0000
73.1800	38.2443	-80.0000
73.2000	38.2520	-80.0000
73.2200	38.2595	-80.0000
73.2215	38.2600	-80.0000
73.2400	38.2670	-80.0000
73.2600	38.2744	-80.0000
73.2754	38.2800	-80.0000
73.2800	38.2817	-80.0000
73.3000	38.2891	-80.0000
73.3200	38.2962	-80.0000
73.3306	38.3000	-80.0000
73.3400	38.3034	-80.0000
73.3600	38.3106	-80.0000
73.3800	38.3176	-80.0000
73.3869	38.3200	-80.0000
73.4000	38.3247	-80.0000
73.4200	38.3317	-80.0000
73.4400	38.3386	-80.0000
73.4441	38.3400	-80.0000
73.4600	38.3456	-80.0000
73.4800	38.3525	-80.0000
73.5000	38.3594	-80.0000
73.5018	38.3600	-80.0000
73.5200	38.3664	-80.0000
73.5400	38.3733	-80.0000
73.5596	38.3800	-80.0000
73.5600	38.3801	-80.0000
73.5800	38.3871	-80.0000
73.6000	38.3940	-80.0000
73.6173	38.4000	-80.0000
73.6200	38.4009	-80.0000
73.6400	38.4079	-80.0000
73.6600	38.4149	-80.0000
73.6747	38.4200	-80.0000
73.6800	38.4219	-80.0000
73.7000	38.4289	-80.0000
73.7200	38.4359	-80.0000
73.7318	38.4400	-80.0000
73.7400	38.4429	-80.0000
73.7600	38.4499	-80.0000
73.7800	38.4569	-80.0000
73.7891	38.4600	-80.0000
73.8000	38.4638	-80.0000
73.8200	38.4708	-80.0000
73.8400	38.4776	-80.0000
73.8472	38.4800	-80.0000
73.8600	38.4844	-80.0000
73.8800	38.4911	-80.0000
73.9000	38.4976	-80.0000
73.9076	38.5000	-80.0000
73.9200	38.5040	-80.0000
73.9400	38.5103	-80.0000
73.9600	38.5163	-80.0000
73.9729	38.5200	-80.0000
73.9800	38.5221	-80.0000
74.0000	38.5277	-80.0000
74.0200	38.5330	-80.0000
74.0400	38.5380	-80.0000
74.0487	38.5400	-80.0000
74.0600	38.5427	-80.0000
74.0800	38.5470	-80.0000
74.1000	38.5510	-80.0000
74.1200	38.5546	-80.0000
74.1400	38.5577	-80.0000
74.1563	38.5600	-80.0000
74.1600	38.5605	-80.0000
74.1800	38.5629	-80.0000
74.2000	38.5648	-80.0000
74.2200	38.5662	-80.0000
74.2400	38.5672	-80.0000
74.2600	38.5678	-80.0000
74.2800	38.5679	-80.0000
74.3000	38.5675	-80.0000
74.3200	38.5667	-80.0000
74.3400	38.5654	-80.0000
74.3600	38.5637	-80.0000
74.3800	38.5615	-80.0000
74.3911	38.5600	-80.0000
74.4000	38.5588	-80.0000
74.4200	38.5558	-80.0000
74.4400	38.5523	-80.0000
74.4600	38.5483	-80.0000
74.4800	38.5440	-80.0000
74.4967	38.5400	-80.0000
74.5000	38.5392	-80.0000
74.5200	38.5341	-80.0000
74.5400	38.5285	-80.0000
74.5600	38.5226	-80.0000
74.5682	38.5200	-80.0000
74.5800	38.5163	-80.0000
74.6000	38.5097	-80.0000
74.6200	38.5028	-80.0000
74.6275	38.5000	-80.0000
74.6400	38.4955	-80.0000
74.6600	38.4880	-80.0000
74.6800	38.4801	-80.0000
74.6804	38.4800	-80.0000
74.7000	38.4721	-80.0000
74.7200	38.4639	-80.0000
74.7291	38.4600	-80.0000
74.7400	38.4554	-80.0000
74.7600	38.4469	-80.0000
74.7757	38.4400	-80.0000
74.7800	38.4381	-80.0000
74.8000	38.4294	-80.0000
74.8200	38.4205	-80.0000
74.8210	38.4200	-80.0000
74.8400	38.4116	-80.0000
74.8600	38.4027	-80.0000
74.8660	38.4000	-80.0000
74.8800	38.3939	-80.0000
74.9000	38.3851	-80.0000
74.9115	38.3800	-80.0000
74.9200	38.3764	-80.0000
74.9400	38.3678	-80.0000
74.9584	38.3600	-80.0000
74.9600	38.3593	-80.0000
74.9800	38.3511	-80.0000
75.0000	38.3430	-80.0000
75.0076	38.3400	-80.0000
75.0200	38.3352	-80.0000
75.0400	38.3275	-80.0000
75.0600	38.3201	-80.0000
75.0602	38.3200	-80.0000
75.0800	38.3130	-80.0000
75.1000	38.3061	-80.0000
75.1181	38.3000	-80.0000
75.1200	38.2994	-80.0000
75.1400	38.2930	-80.0000
75.1600	38.2869	-80.0000
75.1800	38.2810	-80.0000
75.1837	38.2800	-80.0000
75.2000	38.2755	-80.0000
75.2200	38.2702	-80.0000
75.2400	38.2652	-80.0000
75.2600	38.2604	-80.0000
75.2619	38.2600	-80.0000
75.2800	38.2560	-80.0000
75.3000	38.2518	-80.0000
75.3200	38.2479	-80.0000
75.3400	38.2442	-80.0000
75.3600	38.2407	-80.0000
75.3644	38.2400	-80.0000
75.3800	38.2376	-80.0000
75.4000	38.2347	-80.0000
75.4200	38.2320	-80.0000
75.4400	38.2296	-80.0000
75.4600	38.2275	-80.0000
75.4800	38.2255	-80.0000
75.5000	38.2239	-80.0000
75.5200	38.2224	-80.0000
75.5400	38.2212	-80.0000
75.5600	38.2203	-80.0000
75.5683	38.2200	-80.0000
75.5800	38.2196	-80.0000
75.6000	38.2192	-80.0000
75.6200	38.2190	-80.0000
75.6400	38.2191	-80.0000
75.6600	38.2195	-80.0000
75.6768	38.2200	-80.0000
75.6800	38.2201	-80.0000
75.7000	38.2210	-80.0000
75.7200	38.2223	-80.0000
75.7400	38.2238	-80.0000
75.7600	38.2257	-80.0000
75.7800	38.2279	-80.0000
75.8000	38.2304	-80.0000
75.8200	38.2333	-80.0000
75.8400	38.2366	-80.0000
75.8585	38.2400	-80.0000
75.8600	38.2403	-80.0000
75.8800	38.2445	-80.0000
75.9000	38.2491	-80.0000
75.9200	38.2542	-80.0000
75.9400	38.2597	-80.0000
75.9408	38.2600	-80.0000
75.9600	38.2660	-80.0000
75.9800	38.2727	-80.0000
> -60 contour -Z-60
70.8400	38.0607	-60.0000
70.8412	38.0600	-60.0000
70.8600	38.0490	-60.0000
70.8761	38.0400	-60.0000
70.8800	38.0378	-60.0000
70.9000	38.0274	-60.0000
70.9148	38.0200	-60.0000
70.9200	38.0174	-60.0000
70.9400	38.0081	-60.0000
70.9580	38.0000	-60.0000
70.9600	37.9991	-60.0000
70.9800	37.9907	-60.0000
71.0000	37.9826	-60.0000
71.0067	37.9800	-60.0000
71.0200	37.9749	-60.0000
71.0400	37.9675	-60.0000
71.0600	37.9604	-60.0000
71.0611	37.9600	-60.0000
71.0800	37.9536	-60.0000
71.1000	37.9470	-60.0000
71.1200	37.9406	-60.0000
71.1219	37.9400	-60.0000
71.1400	37.9344	-60.0000
71.1600	37.9284	-60.0000
71.1800	37.9225	-60.0000
71.1887	37.9200	-60.0000
71.2000	37.9168	-60.0000
71.2200	37.9112	-60.0000
71.2400	37.9057	-60.0000
71.2600	37.9003	-60.0000
71.2610	37.9000	-60.0000
71.2800	37.8950	-60.0000
71.3000	37.8898	-60.0000
71.3200	37.8847	-60.0000
71.3390	37.8800	-60.0000
71.3400	37.8798	-60.0000
71.3600	37.8749	-60.0000
71.3800	37.8702	-60.0000
71.4000	37.8656	-60.0000
71.4200	37.8612	-60.0000
71.4258	37.8600	-60.0000
71.4400	37.8570	-60.0000
71.4600	37.8530	-60.0000
71.4800	37.8492	-60.0000
71.5000	37.8457	-60.0000
71.5200	37.8424	-60.0000
71.5359	37.8400	-60.0000
71.5400	37.8394	-60.0000
71.5600	37.8368	-60.0000
71.5800	37.8345	-60.0000
71.6000	37.8326	-60.0000
71.6200	37.8311	-60.0000
71.6400	37.8301	-60.0000
71.6600	37.8295	-60.0000
71.6800	37.8294	-60.0000
71.7000	37.8298	-60.0000
71.7200	37.8307	-60.0000
71.7400	37.8321	-60.0000
71.7600	37.8340	-60.0000
71.7800	37.8365	-60.0000
71.8000	37.8395	-60.0000
71.8031	37.8400	-60.0000
71.8200	37.8430	-60.0000
71.8400	37.8471	-60.0000
71.8600	37.8518	-60.0000
71.8800	37.8569	-60.0000
71.8912	37.8600	-60.0000
71.9000	37.8625	-60.0000
71.9200	37.8687	-60.0000
71.9400	37.8753	-60.0000
71.9535	37.8800	-60.0000
71.9600	37.8823	-60.0000
71.9800	37.8898	-60.0000
72.0000	37.8977	-60.0000
72.0057	37.9000	-60.0000
72.0200	37.9060	-60.0000
72.0400	37.9146	-60.0000
72.0522	37.9200	-60.0000
72.0600	37.9235	-60.0000
72.0800	37.9328	-60.0000
72.0952	37.9400	-60.0000
72.1000	37.9423	-60.0000
72.1200	37.9521	-60.0000
72.1360	37.9600	-60.0000
72.1400	37.9620	-60.0000
72.1600	37.9722	-60.0000
72.1753	37.9800	-60.0000
72.1800	37.9824	-60.0000
72.2000	37.9929	-60.0000
72.2136	38.0000	-60.0000
72.2200	38.0034	-60.0000
72.2400	38.0140	-60.0000
72.2513	38.0200	-60.0000
72.2600	38.0247	-60.0000
72.2800	38.0353	-60.0000
72.2887	38.0400	-60.0000
72.3000	38.0461	-60.0000
72.3200	38.0567	-60.0000
72.3261	38.0600	-60.0000
72.3400	38.0674	-60.0000
72.3600	38.0781	-60.0000
72.3636	38.0800	-60.0000
72.3800	38.0887	-60.0000
72.4000	38.0992	-60.0000
72.4014	38.1000	-60.0000
72.4200	38.1098	-60.0000
72.4396	38.1200	-60.0000
72.4400	38.1202	-60.0000
72.4600	38.1307	-60.0000
72.4782	38.1400	-60.0000
72.4800	38.1409	-60.0000
72.5000	38.1513	-60.0000
72.5172	38.1600	-60.0000
72.5200	38.1614	-60.0000
72.5400	38.1716	-60.0000
72.5567	38.1800	-60.0000
72.5600	38.1817	-60.0000
72.5800	38.1917	-60.0000
72.5967	38.2000	-60.0000
72.6000	38.2017	-60.0000
72.6200	38.2116	-60.0000
72.6370	38.2200	-60.0000
72.6400	38.2215	-60.0000
72.6600	38.2314	-60.0000
72.6777	38.2400	-60.0000
72.6800	38.2411	-60.0000
72.7000	38.2510	-60.0000
72.7187	38.2600	-60.0000
72.7200	38.2606	-60.0000
72.7400	38.2704	-60.0000
72.7599	38.2800	-60.0000
72.7600	38.2800	-60.0000
72.7800	38.2898	-60.0000
72.8000	38.2994	-60.0000
72.8013	38.3000	-60.0000
72.8200	38.3091	-60.0000
72.8400	38.3186	-60.0000
72.8430	38.3200	-60.0000
72.8600	38.3282	-60.0000
72.8800	38.3377	-60.0000
72.8849	38.3400	-60.0000
72.9000	38.3472	-60.0000
72.9200	38.3566	-60.0000
72.9272	38.3600	-60.0000
72.9400	38.3661	-60.0000
72.9600	38.3754	-60.0000
72.9700	38.3800	-60.0000
72.9800	38.3847	-60.0000
73.0000	38.3939	-60.0000
73.0135	38.4000	-60.0000
73.0200	38.4030	-60.0000
73.0400	38.4121	-60.0000
73.0578	38.4200	-60.0000
73.0600	38.4210	-60.0000
73.0800	38.4300	-60.0000
73.1000	38.4387	-60.0000
73.1032	38.4400	-60.0000
73.1200	38.4474	-60.0000
73.1400	38.4559	-60.0000
73.1499	38.4600	-60.0000
73.1600	38.4643	-60.0000
73.1800	38.4727	-60.0000
73.1981	38.4800	-60.0000
73.2000	38.4808	-60.0000
73.2200	38.4890	-60.0000
73.2400	38.4969	-60.0000
73.2480	38.5000	-60.0000
73.2600	38.5048	-60.0000
73.2800	38.5126	-60.0000
73.2994	38.5200	-60.0000
73.3000	38.5202	-60.0000
73.3200	38.5279	-60.0000
73.3400	38.5355	-60.0000
73.3522	38.5400	-60.0000
73.3600	38.5430	-60.0000
73.3800	38.5505	-60.0000
73.4000	38.5579	-60.0000
73.4059	38.5600	-60.0000
73.4200	38.5653	-60.0000
73.4400	38.5727	-60.0000
73.4600	38.5800	-60.0000
73.4600	38.5800	-60.0000
73.4800	38.5875	-60.0000
73.5000	38.5949	-60.0000
73.5139	38.6000	-60.0000
73.5200	38.6023	-60.0000
73.5400	38.6098	-60.0000
73.5600	38.6172	-60.0000
73.5674	38.6200	-60.0000
73.5800	38.6248	-60.0000
73.6000	38.6323	-60.0000
73.6200	38.6398	-60.0000
73.6205	38.6400	-60.0000
73.6400	38.6474	-60.0000
73.6600	38.6550	-60.0000
73.6733	38.6600	-60.0000
73.6800	38.6625	-60.0000
73.7000	38.6701	-60.0000
73.7200	38.6776	-60.0000
73.7266	38.6800	-60.0000
73.7400	38.6850	-60.0000
73.7600	38.6924	-60.0000
73.7800	38.6996	-60.0000
73.7812	38.7000	-60.0000
73.8000	38.7067	-60.0000
73.8200	38.7137	-60.0000
73.8388	38.7200	-60.0000
73.8400	38.7204	-60.0000
73.8600	38.7270	-60.0000
73.8800	38.7333	-60.0000
73.9000	38.7393	-60.0000
73.9024	38.7400	-60.0000
73.9200	38.7451	-60.0000
73.9400	38.7505	-60.0000
73.9600	38.7556	-60.0000
73.9785	38.7600	-60.0000
73.9800	38.7603	-60.0000
74.0000	38.7647	-60.0000
74.0200	38.7687	-60.0000
74.0400	38.7723	-60.0000
74.0600	38.7754	-60.0000
74.0800	38.7781	-60.0000
74.0963	38.7800	-60.0000
74.1000	38.7804	-60.0000
74.1200	38.7823	-60.0000
74.1400	38.7837	-60.0000
74.1600	38.7847	-60.0000
74.1800	38.7852	-60.0000
74.2000	38.7853	-60.0000
74.2200	38.7850	-60.0000
74.2400	38.7843	-60.0000
74.2600	38.7831	-60.0000
74.2800	38.7815	-60.0000
74.2943	38.7800	-60.0000
74.3000	38.7794	-60.0000
74.3200	38.7770	-60.0000
74.3400	38.7742	-60.0000
74.3600	38.7709	-60.0000
74.3800	38.7673	-60.0000
74.4000	38.7633	-60.0000
74.4150	38.7600	-60.0000
74.4200	38.7589	-60.0000
74.4400	38.7542	-60.0000
74.4600	38.7491	-60.0000
74.4800	38.7436	-60.0000
74.4921	38.7400	-60.0000
74.5000	38.7377	-60.0000
74.5200	38.7315	-60.0000
74.5400	38.7250	-60.0000
74.5545	38.7200	-60.0000
74.5600	38.7181	-60.0000
74.5800	38.7109	-60.0000
74.6000	38.7034	-60.0000
74.6086	38.7000	-60.0000
74.6200	38.6955	-60.0000
74.6400	38.6874	-60.0000
74.6574	38.6800	-60.0000
74.6600	38.6789	-60.0000
74.6800	38.6702	-60.0000
74.7000	38.6612	-60.0000
74.7025	38.6600	-60.0000
74.7200	38.6519	-60.0000
74.7400	38.6424	-60.0000
74.7449	38.6400	-60.0000
74.7600	38.6327	-60.0000
74.7800	38.6228	-60.0000
74.7854	38.6200	-60.0000
74.8000	38.6127	-60.0000
74.8200	38.6025	-60.0000
74.8247	38.6000	-60.0000
74.8400	38.5922	-60.0000
74.8600	38.5818	-60.0000
74.8634	38.5800	-60.0000
74.8800	38.5714	-60.0000
74.9000	38.5609	-60.0000
74.9018	38.5600	-60.0000
74.9200	38.5506	-60.0000
74.9400	38.5403	-60.0000
74.9405	38.5400	-60.0000
74.9600	38.5301	-60.0000
74.9800	38.5201	-60.0000
74.9801	38.5200	-60.0000
75.0000	38.5103	-60.0000
75.0200	38.5006	-60.0000
75.0213	38.5000	-60.0000
75.0400	38.4913	-60.0000
75.0600	38.4822	-60.0000
75.0649	38.4800	-60.0000
75.0800	38.4734	-60.0000
75.1000	38.4649	-60.0000
75.1120	38.4600	-60.0000
75.1200	38.4568	-60.0000
75.1400	38.4491	-60.0000
75.1600	38.4416	-60.0000
75.1644	38.4400	-60.0000
75.1800	38.4346	-60.0000
75.2000	38.4279	-60.0000
75.2200	38.4216	-60.0000
75.2253	38.4200	-60.0000
75.2400	38.4157	-60.0000
75.2600	38.4102	-60.0000
75.2800	38.4051	-60.0000
75.3000	38.4003	-60.0000
75.3014	38.4000	-60.0000
75.3200	38.3960	-60.0000
75.3400	38.3921	-60.0000
75.3600	38.3885	-60.0000
75.3800	38.3852	-60.0000
75.4000	38.3823	-60.0000
75.4181	38.3800	-60.0000
75.4200	38.3798	-60.0000
75.4400	38.3776	-60.0000
75.4600	38.3759	-60.0000
75.4800	38.3744	-60.0000
75.5000	38.3733	-60.0000
75.5200	38.3726	-60.0000
75.5400	38.3722	-60.0000
75.5600	38.3721	-60.0000
75.5800	38.3723	-60.0000
75.6000	38.3729	-60.0000
75.6200	38.3739	-60.0000
75.6400	38.3752	-60.0000
75.6600	38.3768	-60.0000
75.6800	38.3788	-60.0000
75.6901	38.3800	-60.0000
75.7000	38.3812	-60.0000
75.7200	38.3841	-60.0000
75.7400	38.3873	-60.0000
75.7600	38.3909	-60.0000
75.7800	38.3950	-60.0000
75.8000	38.3995	-60.0000
75.8020	38.4000	-60.0000
75.8200	38.4047	-60.0000
75.8400	38.4103	-60.0000
75.8600	38.4165	-60.0000
75.8704	38.4200	-60.0000
75.8800	38.4234	-60.0000
75.9000	38.4310	-60.0000
75.9200	38.4392	-60.0000
75.9217	38.4400	-60.0000
75.9400	38.4485	-60.0000
75.9600	38.4585	-60.0000
> -40 contour -Z-40
70.8800	38.4199	-40.0000
70.8992	38.4000	-40.0000
70.9000	38.3993	-40.0000
70.9200	38.3804	-40.0000
70.9204	38.3800	-40.0000
70.9400	38.3632	-40.0000
70.9439	38.3600	-40.0000
70.9600	38.3474	-40.0000
70.9698	38.3400	-40.0000
70.9800	38.3327	-40.0000
70.9987	38.3200	-40.0000
71.0000	38.3192	-40.0000
71.0200	38.3067	-40.0000
71.0313	38.3000	-40.0000
71.0400	38.2951	-40.0000
71.0600	38.2842	-40.0000
71.0682	38.2800	-40.0000
71.0800	38.2741	-40.0000
71.1000	38.2647	-40.0000
71.1104	38.2600	-40.0000
71.1200	38.2558	-40.0000
71.1400	38.2475	-40.0000
71.1589	38.2400	-40.0000
71.1600	38.2396	-40.0000
71.1800	38.2322	-40.0000
71.2000	38.2252	-40.0000
71.2153	38.2200	-40.0000
71.2200	38.2185	-40.0000
71.2400	38.2122	-40.0000
71.2600	38.2061	-40.0000
71.2800	38.2003	-40.0000
71.2812	38.2000	-40.0000
71.3000	38.1949	-40.0000
71.3200	38.1897	-40.0000
71.3400	38.1847	-40.0000
71.3596	38.1800	-40.0000
71.3600	38.1799	-40.0000
71.3800	38.1754	-40.0000
71.4000	38.1712	-40.0000
71.4200	38.1671	-40.0000
71.4400	38.1633	-40.0000
71.4582	38.1600	-40.0000
71.4600	38.1597	-40.0000
71.4800	38.1564	-40.0000
71.5000	38.1534	-40.0000
71.5200	38.1506	-40.0000
71.5400	38.1481	-40.0000
71.5600	38.1459	-40.0000
71.5800	38.1441	-40.0000
71.6000	38.1426	-40.0000
71.6200	38.1414	-40.0000
71.6400	38.1406	-40.0000
71.6600	38.1402	-40.0000
71.6800	38.1403	-40.0000
71.7000	38.1407	-40.0000
71.7200	38.1416	-40.0000
71.7400	38.1429	-40.0000
71.7600	38.1447	-40.0000
71.7800	38.1469	-40.0000
71.8000	38.1496	-40.0000
71.8200	38.1528	-40.0000
71.8400	38.1564	-40.0000
71.8580	38.1600	-40.0000
71.8600	38.1604	-40.0000
71.8800	38.1649	-40.0000
71.9000	38.1698	-40.0000
71.9200	38.1752	-40.0000
71.9369	38.1800	-40.0000
71.9400	38.1809	-40.0000
71.9600	38.1870	-40.0000
71.9800	38.1935	-40.0000
71.9991	38.2000	-40.0000
72.0000	38.2003	-40.0000
72.0200	38.2074	-40.0000
72.0400	38.2149	-40.0000
72.0533	38.2200	-40.0000
72.0600	38.2226	-40.0000
72.0800	38.2305	-40.0000
72.1000	38.2387	-40.0000
72.1030	38.2400	-40.0000
72.1200	38.2471	-40.0000
72.1400	38.2557	-40.0000
72.1497	38.2600	-40.0000
72.1600	38.2645	-40.0000
72.1800	38.2735	-40.0000
72.1943	38.2800	-40.0000
72.2000	38.2826	-40.0000
72.2200	38.2918	-40.0000
72.2374	38.3000	-40.0000
72.2400	38.3012	-40.0000
72.2600	38.3107	-40.0000
72.2793	38.3200	-40.0000
72.2800	38.3203	-40.0000
72.3000	38.3301	-40.0000
72.3200	38.3399	-40.0000
72.3201	38.3400	-40.0000
72.3400	38.3500	-40.0000
72.3599	38.3600	-40.0000
72.3600	38.3601	-40.0000
72.3800	38.3703	-40.0000
72.3986	38.3800	-40.0000
72.4000	38.3807	-40.0000
72.4200	38.3913	-40.0000
72.4364	38.4000	-40.0000
72.4400	38.4019	-40.0000
72.4600	38.4128	-40.0000
72.4731	38.4200	-40.0000
72.4800	38.4239	-40.0000
72.5000	38.4351	-40.0000
72.5087	38.4400	-40.0000
72.5200	38.4465	-40.0000
72.5400	38.4582	-40.0000
72.5432	38.4600	-40.0000
72.5600	38.4701	-40.0000
72.5765	38.4800	-40.0000
72.5800	38.4822	-40.0000
72.6000	38.4946	-40.0000
72.6086	38.5000	-40.0000
72.6200	38.5073	-40.0000
72.6397	38.5200	-40.0000
72.6400	38.5202	-40.0000
72.6600	38.5335	-40.0000
72.6697	38.5400	-40.0000
72.6800	38.5471	-40.0000
72.6987	38.5600	-40.0000
72.7000	38.5609	-40.0000
72.7200	38.5752	-40.0000
72.7268	38.5800	-40.0000
72.7400	38.5897	-40.0000
72.7542	38.6000	-40.0000
72.7600	38.6044	-40.0000
72.7800	38.6194	-40.0000
72.7808	38.6200	-40.0000
72.8000	38.6348	-40.0000
72.8069	38.6400	-40.0000
72.8200	38.6503	-40.0000
72.8327	38.6600	-40.0000
72.8400	38.6659	-40.0000
72.8582	38.6800	-40.0000
72.8600	38.6815	-40.0000
72.8800	38.6972	-40.0000
72.8837	38.7000	-40.0000
72.9000	38.7127	-40.0000
72.9096	38.7200	-40.0000
72.9200	38.7280	-40.0000
72.9361	38.7400	-40.0000
72.9400	38.7430	-40.0000
72.9600	38.7575	-40.0000
72.9636	38.7600	-40.0000
72.9800	38.7715	-40.0000
72.9928	38.7800	-40.0000
73.0000	38.7848	-40.0000
73.0200	38.7974	-40.0000
73.0243	38.8000	-40.0000
73.0400	38.8093	-40.0000
73.0595	38.8200	-40.0000
73.0600	38.8203	-40.0000
73.0800	38.8305	-40.0000
73.1000	38.8398	-40.0000
73.1005	38.8400	-40.0000
73.1200	38.8483	-40.0000
73.1400	38.8561	-40.0000
73.1510	38.8600	-40.0000
73.1600	38.8631	-40.0000
73.1800	38.8696	-40.0000
73.2000	38.8753	-40.0000
73.2177	38.8800	-40.0000
73.2200	38.8806	-40.0000
73.2400	38.8854	-40.0000
73.2600	38.8899	-40.0000
73.2800	38.8940	-40.0000
73.3000	38.8978	-40.0000
73.3119	38.9000	-40.0000
73.3200	38.9015	-40.0000
73.3400	38.9050	-40.0000
73.3600	38.9084	-40.0000
73.3800	38.9117	-40.0000
73.4000	38.9150	-40.0000
73.4200	38.9183	-40.0000
73.4297	38.9200	-40.0000
73.4400	38.9217	-40.0000
73.4600	38.9252	-40.0000
73.4800	38.9287	-40.0000
73.5000	38.9322	-40.0000
73.5200	38.9359	-40.0000
73.5400	38.9397	-40.0000
73.5416	38.9400	-40.0000
73.5600	38.9435	-40.0000
73.5800	38.9475	-40.0000
73.6000	38.9515	-40.0000
73.6200	38.9556	-40.0000
73.6400	38.9597	-40.0000
73.6414	38.9600	-40.0000
73.6600	38.9639	-40.0000
73.6800	38.9680	-40.0000
73.7000	38.9722	-40.0000
73.7200	38.9763	-40.0000
73.7381	38.9800	-40.0000
73.7400	38.9804	-40.0000
73.7600	38.9844	-40.0000
73.7800	38.9883	-40.0000
73.8000	38.9920	-40.0000
73.8200	38.9957	-40.0000
73.8400	38.9991	-40.0000
73.8453	39.0000	-40.0000
73.8600	39.0024	-40.0000
73.8800	39.0055	-40.0000
73.9000	39.0083	-40.0000
73.9200	39.0110	-40.0000
73.9400	39.0133	-40.0000
73.9600	39.0154	-40.0000
73.9800	39.0173	-40.0000
74.0000	39.0188	-40.0000
74.0194	39.0200	-40.0000
74.0200	39.0200	-40.0000
74.0400	39.0210	-40.0000
74.0600	39.0216	-40.0000
74.0800	39.0219	-40.0000
74.1000	39.0219	-40.0000
74.1200	39.0216	-40.0000
74.1400	39.0210	-40.0000
74.1600	39.0200	-40.0000
74.1603	39.0200	-40.0000
74.1800	39.0187	-40.0000
74.2000	39.0171	-40.0000
74.2200	39.0152	-40.0000
74.2400	39.0130	-40.0000
74.2600	39.0104	-40.0000
74.2800	39.0075	-40.0000
74.3000	39.0043	-40.0000
74.3200	39.0008	-40.0000
74.3245	39.0000	-40.0000
74.3400	38.9971	-40.0000
74.3600	38.9930	-40.0000
74.3800	38.9886	-40.0000
74.4000	38.9840	-40.0000
74.4160	38.9800	-40.0000
74.4200	38.9790	-40.0000
74.4400	38.9738	-40.0000
74.4600	38.9683	-40.0000
74.4800	38.9626	-40.0000
74.4885	38.9600	-40.0000
74.5000	38.9565	-40.0000
74.5200	38.9503	-40.0000
74.5400	38.9437	-40.0000
74.5508	38.9400	-40.0000
74.5600	38.9369	-40.0000
74.5800	38.9298	-40.0000
74.6000	38.9225	-40.0000
74.6065	38.9200	-40.0000
74.6200	38.9149	-40.0000
74.6400	38.9071	-40.0000
74.6574	38.9000	-40.0000
74.6600	38.8990	-40.0000
74.6800	38.8907	-40.0000
74.7000	38.8820	-40.0000
74.7046	38.8800	-40.0000
74.7200	38.8732	-40.0000
74.7400	38.8641	-40.0000
74.7488	38.8600	-40.0000
74.7600	38.8548	-40.0000
74.7800	38.8452	-40.0000
74.7906	38.8400	-40.0000
74.8000	38.8354	-40.0000
74.8200	38.8254	-40.0000
74.8306	38.8200	-40.0000
74.8400	38.8152	-40.0000
74.8600	38.8048	-40.0000
74.8691	38.8000	-40.0000
74.8800	38.7943	-40.0000
74.9000	38.7836	-40.0000
74.9067	38.7800	-40.0000
74.9200	38.7728	-40.0000
74.9400	38.7620	-40.0000
74.9436	38.7600	-40.0000
74.9600	38.7511	-40.0000
74.9800	38.7402	-40.0000
74.9804	38.7400	-40.0000
75.0000	38.7295	-40.0000
75.0176	38.7200	-40.0000
75.0200	38.7187	-40.0000
75.0400	38.7082	-40.0000
75.0558	38.7000	-40.0000
75.0600	38.6978	-40.0000
75.0800	38.6878	-40.0000
75.0957	38.6800	-40.0000
75.1000	38.6779	-40.0000
75.1200	38.6685	-40.0000
75.1384	38.6600	-40.0000
75.1400	38.6593	-40.0000
75.1600	38.6506	-40.0000
75.1800	38.6423	-40.0000
75.1858	38.6400	-40.0000
75.2000	38.6345	-40.0000
75.2200	38.6272	-40.0000
75.2400	38.6203	-40.0000
75.2410	38.6200	-40.0000
75.2600	38.6141	-40.0000
75.2800	38.6083	-40.0000
75.3000	38.6031	-40.0000
75.3130	38.6000	-40.0000
75.3200	38.5984	-40.0000
75.3400	38.5943	-40.0000
75.3600	38.5908	-40.0000
75.3800	38.5878	-40.0000
75.4000	38.5854	-40.0000
75.4200	38.5835	-40.0000
75.4400	38.5822	-40.0000
75.4600	38.5814	-40.0000
75.4800	38.5812	-40.0000
75.5000	38.5816	-40.0000
75.5200	38.5826	-40.0000
75.5400	38.5842	-40.0000
75.5600	38.5863	-40.0000
75.5800	38.5890	-40.0000
75.6000	38.5923	-40.0000
75.6200	38.5962	-40.0000
75.6368	38.6000	-40.0000
75.6400	38.6008	-40.0000
75.6600	38.6061	-40.0000
75.6800	38.6121	-40.0000
75.7000	38.6188	-40.0000
75.7033	38.6200	-40.0000
75.7200	38.6265	-40.0000
75.7400	38.6350	-40.0000
75.7510	38.6400	-40.0000
75.7600	38.6444	-40.0000
75.7800	38.6550	-40.0000
75.7887	38.6600	-40.0000
75.8000	38.6669	-40.0000
75.8200	38.6800	-40.0000
75.8200	38.6800	-40.0000
75.8400	38.6950	-40.0000
75.8462	38.7000	-40.0000
75.8600	38.7118	-40.0000
75.8690	38.7200	-40.0000
75.8800	38.7308	-40.0000
75.8888	38.7400	-40.0000
75.9000	38.7525	-40.0000
75.9064	38.7600	-40.0000
75.9200	38.7773	-40.0000
75.9220	38.7800	-40.0000
75.9359	38.8000	-40.0000
75.9400	38.8063	-40.0000
75.9485	38.8200	-40.0000
75.9600	38.8400	-40.0000
75.9600	38.8401	-40.0000
> -20 contour -Z-20
73.2828	39.3400	-20.0000
73.3000	39.3375	-20.0000
73.3200	39.3345	-20.0000
73.3400	39.3313	-20.0000
73.3600	39.3280	-20.0000
73.3800	39.3247	-20.0000
73.4000	39.3214	-20.0000
73.4086	39.3200	-20.0000
73.4200	39.3181	-20.0000
73.4400	39.3149	-20.0000
73.4600	39.3118	-20.0000
73.4800	39.3088	-20.0000
73.5000	39.3059	-20.0000
73.5200	39.3032	-20.0000
73.5400	39.3007	-20.0000
73.5455	39.3000	-20.0000
73.5600	39.2983	-20.0000
73.5800	39.2961	-20.0000
73.6000	39.2941	-20.0000
73.6200	39.2923	-20.0000
73.6400	39.2907	-20.0000
73.6600	39.2892	-20.0000
73.6800	39.2879	-20.0000
73.7000	39.2867	-20.0000
73.7200	39.2857	-20.0000
73.7400	39.2848	-20.0000
73.7600	39.2840	-20.0000
73.7800	39.2833	-20.0000
73.8000	39.2826	-20.0000
73.8200	39.2820	-20.0000
73.8400	39.2815	-20.0000
73.8600	39.2809	-20.0000
73.8800	39.2804	-20.0000
73.8944	39.2800	-20.0000
73.9000	39.2799	-20.0000
73.9200	39.2793	-20.0000
73.9400	39.2787	-20.0000
73.9600	39.2781	-20.0000
73.9800	39.2774	-20.0000
74.0000	39.2766	-20.0000
74.0200	39.2757	-20.0000
74.0400	39.2748	-20.0000
74.0600	39.2737	-20.0000
74.0800	39.2725	-20.0000
74.1000	39.2712	-20.0000
74.1200	39.2698	-20.0000
74.1400	39.2683	-20.0000
74.1600	39.2666	-20.0000
74.1800	39.2648	-20.0000
74.2000	39.2628	-20.0000
74.2200	39.2607	-20.0000
74.2261	39.2600	-20.0000
74.2400	39.2584	-20.0000
74.2600	39.2560	-20.0000
74.2800	39.2535	-20.0000
74.3000	39.2508	-20.0000
74.3200	39.2479	-20.0000
74.3400	39.2448	-20.0000
74.3600	39.2416	-20.0000
74.3697	39.2400	-20.0000
74.3800	39.2383	-20.0000
74.4000	39.2348	-20.0000
74.4200	39.2312	-20.0000
74.4400	39.2274	-20.0000
74.4600	39.2234	-20.0000
74.4766	39.2200	-20.0000
74.4800	39.2193	-20.0000
74.5000	39.2151	-20.0000
74.5200	39.2108	-20.0000
74.5400	39.2062	-20.0000
74.5600	39.2016	-20.0000
74.5666	39.2000	-20.0000
74.5800	39.1968	-20.0000
74.6000	39.1920	-20.0000
74.6200	39.1870	-20.0000
74.6400	39.1818	-20.0000
74.6468	39.1800	-20.0000
74.6600	39.1766	-20.0000
74.6800	39.1712	-20.0000
74.7000	39.1657	-20.0000
74.7200	39.1601	-20.0000
74.7203	39.1600	-20.0000
74.7400	39.1544	-20.0000
74.7600	39.1486	-20.0000
74.7800	39.1426	-20.0000
74.7887	39.1400	-20.0000
74.8000	39.1366	-20.0000
74.8200	39.1305	-20.0000
74.8400	39.1242	-20.0000
74.8529	39.1200	-20.0000
74.8600	39.1177	-20.0000
74.8800	39.1113	-20.0000
74.9000	39.1046	-20.0000
74.9138	39.1000	-20.0000
74.9200	39.0979	-20.0000
74.9400	39.0911	-20.0000
74.9600	39.0842	-20.0000
74.9720	39.0800	-20.0000
74.9800	39.0772	-20.0000
75.0000	39.0702	-20.0000
75.0200	39.0631	-20.0000
75.0288	39.0600	-20.0000
75.0400	39.0560	-20.0000
75.0600	39.0490	-20.0000
75.0800	39.0419	-20.0000
75.0855	39.0400	-20.0000
75.1000	39.0350	-20.0000
75.1200	39.0283	-20.0000
75.1400	39.0216	-20.0000
75.1450	39.0200	-20.0000
75.1600	39.0153	-20.0000
75.1800	39.0093	-20.0000
75.2000	39.0035	-20.0000
75.2135	39.0000	-20.0000
75.2200	38.9983	-20.0000
75.2400	38.9936	-20.0000
75.2600	38.9895	-20.0000
75.2800	38.9860	-20.0000
75.3000	38.9832	-20.0000
75.3200	38.9811	-20.0000
75.3394	38.9800	-20.0000
75.3400	38.9800	-20.0000
75.3600	38.9798	-20.0000
75.3665	38.9800	-20.0000
75.3800	38.9805	-20.0000
75.4000	38.9824	-20.0000
75.4200	38.9854	-20.0000
75.4400	38.9895	-20.0000
75.4600	38.9949	-20.0000
75.4754	39.0000	-20.0000
75.4800	39.0016	-20.0000
75.5000	39.0098	-20.0000
75.5200	39.0193	-20.0000
75.5212	39.0200	-20.0000
75.5400	39.0306	-20.0000
75.5547	39.0400	-20.0000
75.5600	39.0435	-20.0000
75.5800	39.0582	-20.0000
75.5822	39.0600	-20.0000
75.6000	39.0749	-20.0000
75.6056	39.0800	-20.0000
75.6200	39.0935	-20.0000
75.6263	39.1000	-20.0000
75.6400	39.1143	-20.0000
75.6451	39.1200	-20.0000
75.6600	39.1373	-20.0000
75.6622	39.1400	-20.0000
75.6780	39.1600	-20.0000
75.6800	39.1626	-20.0000
75.6925	39.1800	-20.0000
75.7000	39.1905	-20.0000
75.7063	39.2000	-20.0000
75.7194	39.2200	-20.0000
75.7200	39.2209	-20.0000
75.7316	39.2400	-20.0000
75.7400	39.2540	-20.0000
75.7434	39.2600	-20.0000
75.7545	39.2800	-20.0000
75.7600	39.2901	-20.0000
75.7651	39.3000	-20.0000
75.7753	39.3200	-20.0000
75.7800	39.3294	-20.0000
75.7850	39.3400	-20.0000
75.7943	39.3600	-20.0000
75.8000	39.3725	-20.0000
75.8032	39.3800	-20.0000
75.8116	39.4000	-20.0000
75.8198	39.4200	-20.0000
75.8200	39.4206	-20.0000
75.8273	39.4400	-20.0000
> -20 contour -Z-20
71.3112	38.6800	-20.0000
71.3200	38.6722	-20.0000
71.3344	38.6600	-20.0000
71.3400	38.6556	-20.0000
71.3600	38.6407	-20.0000
71.3610	38.6400	-20.0000
71.3800	38.6275	-20.0000
71.3921	38.6200	-20.0000
71.4000	38.6154	-20.0000
71.4200	38.6045	-20.0000
71.4287	38.6000	-20.0000
71.4400	38.5945	-20.0000
71.4600	38.5855	-20.0000
71.4731	38.5800	-20.0000
71.4800	38.5772	-20.0000
71.5000	38.5698	-20.0000
71.5200	38.5629	-20.0000
71.5293	38.5600	-20.0000
71.5400	38.5568	-20.0000
71.5600	38.5513	-20.0000
71.5800	38.5463	-20.0000
71.6000	38.5419	-20.0000
71.6098	38.5400	-20.0000
71.6200	38.5381	-20.0000
71.6400	38.5348	-20.0000
71.6600	38.5320	-20.0000
71.6800	38.5297	-20.0000
71.7000	38.5279	-20.0000
71.7200	38.5266	-20.0000
71.7400	38.5257	-20.0000
71.7600	38.5254	-20.0000
71.7800	38.5255	-20.0000
71.8000	38.5260	-20.0000
71.8200	38.5270	-20.0000
71.8400	38.5285	-20.0000
71.8600	38.5303	-20.0000
71.8800	38.5326	-20.0000
71.9000	38.5354	-20.0000
71.9200	38.5385	-20.0000
71.9285	38.5400	-20.0000
71.9400	38.5421	-20.0000
71.9600	38.5460	-20.0000
71.9800	38.5504	-20.0000
72.0000	38.5552	-20.0000
72.0187	38.5600	-20.0000
72.0200	38.5603	-20.0000
72.0400	38.5659	-20.0000
72.0600	38.5719	-20.0000
72.0800	38.5783	-20.0000
72.0851	38.5800	-20.0000
72.1000	38.5851	-20.0000
72.1200	38.5923	-20.0000
72.1400	38.5999	-20.0000
72.1403	38.6000	-20.0000
72.1600	38.6080	-20.0000
72.1800	38.6165	-20.0000
72.1878	38.6200	-20.0000
72.2000	38.6255	-20.0000
72.2200	38.6350	-20.0000
72.2301	38.6400	-20.0000
72.2400	38.6450	-20.0000
72.2600	38.6556	-20.0000
72.2681	38.6600	-20.0000
72.2800	38.6667	-20.0000
72.3000	38.6784	-20.0000
72.3025	38.6800	-20.0000
72.3200	38.6909	-20.0000
72.3340	38.7000	-20.0000
72.3400	38.7040	-20.0000
72.3600	38.7179	-20.0000
72.3629	38.7200	-20.0000
72.3800	38.7327	-20.0000
72.3894	38.7400	-20.0000
72.4000	38.7484	-20.0000
72.4141	38.7600	-20.0000
72.4200	38.7650	-20.0000
72.4370	38.7800	-20.0000
72.4400	38.7827	-20.0000
72.4583	38.8000	-20.0000
72.4600	38.8016	-20.0000
72.4783	38.8200	-20.0000
72.4800	38.8218	-20.0000
72.4971	38.8400	-20.0000
72.5000	38.8433	-20.0000
72.5147	38.8600	-20.0000
72.5200	38.8662	-20.0000
72.5315	38.8800	-20.0000
72.5400	38.8907	-20.0000
72.5474	38.9000	-20.0000
72.5600	38.9166	-20.0000
72.5626	38.9200	-20.0000
72.5772	38.9400	-20.0000
72.5800	38.9440	-20.0000
72.5913	38.9600	-20.0000
72.6000	38.9727	-20.0000
72.6050	38.9800	-20.0000
72.6184	39.0000	-20.0000
72.6200	39.0025	-20.0000
72.6316	39.0200	-20.0000
72.6400	39.0330	-20.0000
72.6446	39.0400	-20.0000
72.6577	39.0600	-20.0000
72.6600	39.0636	-20.0000
72.6709	39.0800	-20.0000
72.6800	39.0937	-20.0000
72.6843	39.1000	-20.0000
72.6981	39.1200	-20.0000
72.7000	39.1227	-20.0000
72.7125	39.1400	-20.0000
