> 120 contour -Z120
122.2000	15.0704	120.0000
122.2500	15.0998	120.0000
122.2503	15.1000	120.0000
122.3000	15.1287	120.0000
122.3299	15.1500	120.0000
122.3500	15.1631	120.0000
122.3968	15.2000	120.0000
122.4000	15.2023	120.0000
122.4500	15.2436	120.0000
122.4565	15.2500	120.0000
122.5000	15.2875	120.0000
122.5125	15.3000	120.0000
122.5500	15.3330	120.0000
122.5671	15.3500	120.0000
122.6000	15.3788	120.0000
122.6220	15.4000	120.0000
122.6500	15.4239	120.0000
122.6784	15.4500	120.0000
122.7000	15.4675	120.0000
122.7377	15.5000	120.0000
122.7500	15.5094	120.0000
122.8000	15.5489	120.0000
122.8014	15.5500	120.0000
122.8500	15.5823	120.0000
122.8769	15.6000	120.0000
122.9000	15.6131	120.0000
122.9500	15.6382	120.0000
122.9809	15.6500	120.0000
> 120 contour -Z120
123.1996	15.5500	120.0000
123.2000	15.5488	120.0000
123.2150	15.5000	120.0000
123.2238	15.4500	120.0000
123.2274	15.4000	120.0000
123.2264	15.3500	120.0000
123.2211	15.3000	120.0000
123.2116	15.2500	120.0000
123.2000	15.2087	120.0000
123.1974	15.2000	120.0000
123.1783	15.1500	120.0000
123.1523	15.1000	120.0000
123.1500	15.0964	120.0000
123.1183	15.0500	120.0000
123.1000	15.0287	120.0000
123.0727	15.0000	120.0000
123.0500	14.9801	120.0000
123.0109	14.9500	120.0000
123.0000	14.9427	120.0000
122.9500	14.9130	120.0000
122.9246	14.9000	120.0000
122.9000	14.8883	120.0000
122.8500	14.8675	120.0000
122.8017	14.8500	120.0000
122.8000	14.8494	120.0000
122.7500	14.8336	120.0000
122.7000	14.8193	120.0000
> 120 contour -Z120
124.7164	14.7500	120.0000
124.7500	14.7234	120.0000
124.7789	14.7000	120.0000
124.8000	14.6825	120.0000
124.8390	14.6500	120.0000
124.8500	14.6406	120.0000
124.8987	14.6000	120.0000
124.9000	14.5989	120.0000
> 140 contour -Z140
121.9500	15.2570	140.0000
122.0000	15.2926	140.0000
122.0108	15.3000	140.0000
122.0500	15.3256	140.0000
122.0888	15.3500	140.0000
122.1000	15.3567	140.0000
122.1500	15.3856	140.0000
122.1751	15.4000	140.0000
122.2000	15.4134	140.0000
122.2500	15.4404	140.0000
122.2674	15.4500	140.0000
122.3000	15.4667	140.0000
122.3500	15.4932	140.0000
122.3620	15.5000	140.0000
122.4000	15.5194	140.0000
122.4500	15.5468	140.0000
122.4555	15.5500	140.0000
122.5000	15.5734	140.0000
122.5464	15.6000	140.0000
122.5500	15.6019	140.0000
122.6000	15.6291	140.0000
122.6352	15.6500	140.0000
122.6500	15.6577	140.0000
122.7000	15.6856	140.0000
122.7242	15.7000	140.0000
122.7500	15.7136	140.0000
122.8000	15.7413	140.0000
> 140 contour -Z140
123.4000	14.2945	140.0000
123.4500	14.2938	140.0000
123.5000	14.2901	140.0000
123.5500	14.2839	140.0000
123.6000	14.2755	140.0000
123.6500	14.2650	140.0000
123.7000	14.2529	140.0000
123.7109	14.2500	140.0000
123.7500	14.2391	140.0000
123.8000	14.2246	140.0000
123.8500	14.2100	140.0000
123.8858	14.2000	140.0000
123.9000	14.1959	140.0000
123.9500	14.1835	140.0000
124.0000	14.1733	140.0000
124.0500	14.1661	140.0000
124.1000	14.1623	140.0000
124.1500	14.1622	140.0000
124.2000	14.1656	140.0000
124.2500	14.1722	140.0000
124.3000	14.1815	140.0000
124.3500	14.1927	140.0000
124.3795	14.2000	140.0000
124.4000	14.2052	140.0000
124.4500	14.2183	140.0000
124.5000	14.2307	140.0000
124.5500	14.2415	140.0000
124.6000	14.2499	140.0000
124.6014	14.2500	140.0000
124.6500	14.2551	140.0000
124.7000	14.2565	140.0000
124.7500	14.2543	140.0000
124.7896	14.2500	140.0000
124.8000	14.2490	140.0000
124.8500	14.2418	140.0000
124.9000	14.2339	140.0000
124.9500	14.2264	140.0000
125.0000	14.2205	140.0000
125.0500	14.2168	140.0000
125.1000	14.2160	140.0000
> 140 contour -Z140
125.5177	13.1500	140.0000
125.5000	13.1439	140.0000
125.4500	13.1470	140.0000
125.4450	13.1500	140.0000
125.4253	13.2000	140.0000
125.4423	13.2500	140.0000
125.4500	13.2594	140.0000
125.4973	13.3000	140.0000
> 140 contour -Z140
124.3000	11.5818	140.0000
124.3500	11.5816	140.0000
124.4000	11.5785	140.0000
124.4500	11.5719	140.0000
124.5000	11.5612	140.0000
124.5378	11.5500	140.0000
124.5500	11.5457	140.0000
124.6000	11.5239	140.0000
124.6431	11.5000	140.0000
124.6500	11.4952	140.0000
124.7000	11.4557	140.0000
124.7065	11.4500	140.0000
124.7491	11.4000	140.0000
124.7500	11.3984	140.0000
124.7762	11.3500	140.0000
124.7899	11.3000	140.0000
124.7909	11.2500	140.0000
124.7799	11.2000	140.0000
124.7575	11.1500	140.0000
124.7500	11.1386	140.0000
124.7264	11.1000	140.0000
124.7000	11.0665	140.0000
124.6883	11.0500	140.0000
124.6500	11.0051	140.0000
124.6461	11.0000	140.0000
> 140 contour -Z140
127.6223	4.7000	140.0000
127.6500	4.7186	140.0000
127.6911	4.7500	140.0000
127.7000	4.7561	140.0000
127.7500	4.7941	140.0000
127.7569	4.8000	140.0000
127.8000	4.8321	140.0000
127.8215	4.8500	140.0000
127.8500	4.8705	140.0000
127.8876	4.9000	140.0000
127.9000	4.9084	140.0000
127.9500	4.9445	140.0000
127.9572	4.9500	140.0000
> 140 contour -Z140
127.9556	4.3000	140.0000
128.0000	4.3307	140.0000
128.0266	4.3500	140.0000
128.0500	4.3665	140.0000
128.0944	4.4000	140.0000
128.1000	4.4042	140.0000
128.1500	4.4442	140.0000
128.1567	4.4500	140.0000
128.2000	4.4874	140.0000
128.2132	4.5000	140.0000
128.2500	4.5351	140.0000
> 160 contour -Z160
121.8500	15.4615	160.0000
121.9000	15.4890	160.0000
121.9207	15.5000	160.0000
121.9500	15.5150	160.0000
122.0000	15.5390	160.0000
122.0239	15.5500	160.0000
122.0500	15.5616	160.0000
122.1000	15.5827	160.0000
122.1435	15.6000	160.0000
122.1500	15.6025	160.0000
122.2000	15.6217	160.0000
122.2500	15.6399	160.0000
122.2775	15.6500	160.0000
122.3000	15.6579	160.0000
122.3500	15.6758	160.0000
122.4000	15.6936	160.0000
122.4169	15.7000	160.0000
122.4500	15.7119	160.0000
122.5000	15.7304	160.0000
122.5500	15.7495	160.0000
122.5513	15.7500	160.0000
122.6000	15.7693	160.0000
122.6500	15.7895	160.0000
122.6744	15.8000	160.0000
> 160 contour -Z160
126.4000	10.7568	160.0000
126.3815	10.7500	160.0000
126.3500	10.7379	160.0000
126.3000	10.7202	160.0000
126.2500	10.7040	160.0000
126.2349	10.7000	160.0000
126.2000	10.6898	160.0000
126.1500	10.6785	160.0000
126.1000	10.6710	160.0000
126.0500	10.6687	160.0000
126.0000	10.6729	160.0000
125.9500	10.6849	160.0000
125.9130	10.7000	160.0000
125.9000	10.7061	160.0000
125.8500	10.7373	160.0000
125.8333	10.7500	160.0000
125.8000	10.7817	160.0000
125.7827	10.8000	160.0000
125.7500	10.8485	160.0000
125.7490	10.8500	160.0000
125.7265	10.9000	160.0000
125.7132	10.9500	160.0000
125.7062	11.0000	160.0000
125.7035	11.0500	160.0000
125.7038	11.1000	160.0000
125.7060	11.1500	160.0000
125.7097	11.2000	160.0000
125.7142	11.2500	160.0000
125.7196	11.3000	160.0000
125.7260	11.3500	160.0000
125.7348	11.4000	160.0000
125.7482	11.4500	160.0000
125.7500	11.4546	160.0000
125.7705	11.5000	160.0000
125.8000	11.5397	160.0000
125.8090	11.5500	160.0000
125.8500	11.5833	160.0000
125.8741	11.6000	160.0000
125.9000	11.6138	160.0000
125.9500	11.6376	160.0000
125.9796	11.6500	160.0000
126.0000	11.6572	160.0000
126.0500	11.6731	160.0000
126.1000	11.6863	160.0000
> 160 contour -Z160
125.1000	10.2505	160.0000
125.1500	10.2775	160.0000
125.2000	10.2999	160.0000
125.2003	10.3000	160.0000
125.2500	10.3188	160.0000
125.3000	10.3246	160.0000
125.3500	10.3120	160.0000
125.3680	10.3000	160.0000
125.4000	10.2824	160.0000
125.4389	10.2500	160.0000
125.4500	10.2427	160.0000
125.5000	10.2044	160.0000
125.5056	10.2000	160.0000
125.5500	10.1728	160.0000
125.5899	10.1500	160.0000
125.6000	10.1451	160.0000
125.6500	10.1242	160.0000
125.7000	10.1053	160.0000
125.7153	10.1000	160.0000
125.7500	10.0885	160.0000
125.8000	10.0706	160.0000
125.8461	10.0500	160.0000
125.8500	10.0482	160.0000
125.9000	10.0209	160.0000
125.9316	10.0000	160.0000
125.9500	9.9874	160.0000
126.0000	9.9516	160.0000
126.0024	9.9500	160.0000
126.0500	9.9187	160.0000
126.0873	9.9000	160.0000
126.1000	9.8940	160.0000
126.1500	9.8787	160.0000
126.2000	9.8720	160.0000
126.2500	9.8715	160.0000
126.3000	9.8756	160.0000
126.3500	9.8827	160.0000
126.4000	9.8921	160.0000
126.4352	9.9000	160.0000
126.4500	9.9031	160.0000
126.5000	9.9153	160.0000
126.5500	9.9285	160.0000
126.6000	9.9427	160.0000
126.6244	9.9500	160.0000
126.6500	9.9577	160.0000
126.7000	9.9733	160.0000
> 160 contour -Z160
125.3000	9.2926	160.0000
125.3192	9.3000	160.0000
125.3500	9.3117	160.0000
125.4000	9.3301	160.0000
125.4500	9.3483	160.0000
125.4550	9.3500	160.0000
125.5000	9.3664	160.0000
125.5500	9.3839	160.0000
125.5979	9.4000	160.0000
125.6000	9.4008	160.0000
125.6500	9.4171	160.0000
125.7000	9.4312	160.0000
125.7500	9.4423	160.0000
125.8000	9.4489	160.0000
125.8500	9.4493	160.0000
125.9000	9.4406	160.0000
125.9500	9.4184	160.0000
125.9748	9.4000	160.0000
126.0000	9.3791	160.0000
126.0267	9.3500	160.0000
126.0500	9.3218	160.0000
126.0659	9.3000	160.0000
126.0993	9.2500	160.0000
126.1000	9.2489	160.0000
126.1301	9.2000	160.0000
126.1500	9.1634	160.0000
126.1576	9.1500	160.0000
126.1831	9.1000	160.0000
126.2000	9.0604	160.0000
126.2051	9.0500	160.0000
126.2245	9.0000	160.0000
126.2385	8.9500	160.0000
126.2460	8.9000	160.0000
126.2452	8.8500	160.0000
126.2323	8.8000	160.0000
126.2002	8.7500	160.0000
126.2000	8.7498	160.0000
126.1500	8.7036	160.0000
126.1458	8.7000	160.0000
126.1000	8.6719	160.0000
126.0585	8.6500	160.0000
126.0500	8.6464	160.0000
126.0000	8.6261	160.0000
125.9500	8.6088	160.0000
125.9217	8.6000	160.0000
125.9000	8.5937	160.0000
125.8500	8.5803	160.0000
125.8000	8.5682	160.0000
125.7500	8.5571	160.0000
> 160 contour -Z160
126.0000	7.7931	160.0000
126.0500	7.7711	160.0000
126.1000	7.7535	160.0000
126.1102	7.7500	160.0000
126.1500	7.7364	160.0000
126.2000	7.7151	160.0000
126.2256	7.7000	160.0000
126.2500	7.6836	160.0000
126.2834	7.6500	160.0000
126.3000	7.6279	160.0000
126.3149	7.6000	160.0000
126.3312	7.5500	160.0000
126.3368	7.5000	160.0000
126.3322	7.4500	160.0000
126.3181	7.4000	160.0000
126.3000	7.3623	160.0000
126.2940	7.3500	160.0000
126.2580	7.3000	160.0000
126.2500	7.2918	160.0000
> 160 contour -Z160
127.0500	5.0272	160.0000
127.0597	5.0500	160.0000
127.0843	5.1000	160.0000
127.1000	5.1256	160.0000
127.1183	5.1500	160.0000
127.1500	5.1845	160.0000
127.1679	5.2000	160.0000
127.2000	5.2239	160.0000
127.2457	5.2500	160.0000
127.2500	5.2522	160.0000
127.3000	5.2730	160.0000
127.3500	5.2883	160.0000
127.4000	5.2993	160.0000
127.4044	5.3000	160.0000
127.4500	5.3066	160.0000
127.5000	5.3104	160.0000
127.5500	5.3108	160.0000
127.6000	5.3076	160.0000
127.6500	5.3005	160.0000
127.6522	5.3000	160.0000
127.7000	5.2898	160.0000
> 160 contour -Z160
128.1500	3.7381	160.0000
128.2000	3.7188	160.0000
128.2379	3.7000	160.0000
128.2500	3.6933	160.0000
128.3000	3.6619	160.0000
128.3178	3.6500	160.0000
128.3500	3.6248	160.0000
128.3821	3.6000	160.0000
128.4000	3.5830	160.0000
128.4386	3.5500	160.0000
128.4500	3.5376	160.0000
128.4929	3.5000	160.0000
128.5000	3.4920	160.0000
128.5500	3.4542	160.0000
128.5601	3.4500	160.0000
128.6000	3.4315	160.0000
128.6500	3.4265	160.0000
128.7000	3.4331	160.0000
128.7500	3.4470	160.0000
128.7576	3.4500	160.0000
> 160 contour -Z160
128.1500	2.9465	160.0000
128.1578	2.9500	160.0000
128.2000	2.9729	160.0000
128.2487	3.0000	160.0000
128.2500	3.0009	160.0000
128.3000	3.0298	160.0000
128.3419	3.0500	160.0000
128.3500	3.0552	160.0000
128.4000	3.0744	160.0000
128.4500	3.0801	160.0000
128.5000	3.0621	160.0000
128.5130	3.0500	160.0000
128.5500	3.0074	160.0000
128.5545	3.0000	160.0000
128.5820	2.9500	160.0000
128.6000	2.9082	160.0000
128.6034	2.9000	160.0000
128.6205	2.8500	160.0000
128.6314	2.8000	160.0000
128.6353	2.7500	160.0000
128.6321	2.7000	160.0000
128.6219	2.6500	160.0000
128.6051	2.6000	160.0000
128.6000	2.5889	160.0000
128.5847	2.5500	160.0000
128.5598	2.5000	160.0000
128.5500	2.4835	160.0000
128.5318	2.4500	160.0000
128.5000	2.4014	160.0000
128.4991	2.4000	160.0000
128.4620	2.3500	160.0000
128.4500	2.3361	160.0000
128.4161	2.3000	160.0000
128.4000	2.2853	160.0000
128.3538	2.2500	160.0000
128.3500	2.2475	160.0000
128.3000	2.2201	160.0000
128.2500	2.2001	160.0000
128.2496	2.2000	160.0000
128.2000	2.1848	160.0000
> 180 contour -Z180
121.8000	15.8866	180.0000
121.8500	15.8765	180.0000
121.9000	15.8683	180.0000
121.9500	15.8618	180.0000
122.0000	15.8574	180.0000
122.0500	15.8547	180.0000
122.1000	15.8538	180.0000
122.1500	15.8545	180.0000
122.2000	15.8567	180.0000
122.2500	15.8602	180.0000
122.3000	15.8649	180.0000
122.3500	15.8709	180.0000
122.4000	15.8779	180.0000
122.4500	15.8859	180.0000
122.5000	15.8949	180.0000
122.5245	15.9000	180.0000
122.5500	15.9058	180.0000
122.6000	15.9187	180.0000
122.6500	15.9326	180.0000
> 180 contour -Z180
126.4000	6.6896	180.0000
126.4500	6.6815	180.0000
126.5000	6.6711	180.0000
126.5500	6.6581	180.0000
126.5775	6.6500	180.0000
126.6000	6.6422	180.0000
126.6500	6.6234	180.0000
126.7000	6.6021	180.0000
126.7051	6.6000	180.0000
126.7500	6.5752	180.0000
126.7925	6.5500	180.0000
126.8000	6.5424	180.0000
126.8413	6.5000	180.0000
126.8500	6.4606	180.0000
126.8524	6.4500	180.0000
126.8500	6.4430	180.0000
126.8404	6.4000	180.0000
126.8152	6.3500	180.0000
126.8000	6.3296	180.0000
126.7831	6.3000	180.0000
126.7500	6.2562	180.0000
126.7462	6.2500	180.0000
126.7062	6.2000	180.0000
126.7000	6.1937	180.0000
126.6619	6.1500	180.0000
126.6500	6.1387	180.0000
126.6110	6.1000	180.0000
126.6000	6.0909	180.0000
126.5500	6.0506	180.0000
126.5492	6.0500	180.0000
126.5000	6.0187	180.0000
126.4642	6.0000	180.0000
126.4500	5.9935	180.0000
126.4000	5.9752	180.0000
126.3500	5.9624	180.0000
126.3000	5.9540	180.0000
> 200 contour -Z200
122.1500	16.5559	200.0000
122.1724	16.5500	200.0000
122.2000	16.5387	200.0000
122.2256	16.5000	200.0000
122.2305	16.4500	200.0000
122.2000	16.4333	200.0000
122.1500	16.4483	200.0000
122.1481	16.4500	200.0000
122.1268	16.5000	200.0000
122.1431	16.5500	200.0000
122.1500	16.5559	200.0000
