> 20 contour -Z20
126.2000	11.2675	20.0000
126.1901	11.3000	20.0000
126.1745	11.3500	20.0000
126.1584	11.4000	20.0000
126.1500	11.4257	20.0000
126.1419	11.4500	20.0000
126.1250	11.5000	20.0000
126.1078	11.5500	20.0000
126.1000	11.5724	20.0000
126.0903	11.6000	20.0000
126.0725	11.6500	20.0000
126.0544	11.7000	20.0000
126.0500	11.7119	20.0000
126.0359	11.7500	20.0000
126.0171	11.8000	20.0000
126.0000	11.8444	20.0000
125.9978	11.8500	20.0000
125.9780	11.9000	20.0000
125.9575	11.9500	20.0000
125.9500	11.9677	20.0000
125.9363	12.0000	20.0000
125.9143	12.0500	20.0000
125.9000	12.0812	20.0000
125.8914	12.1000	20.0000
125.8677	12.1500	20.0000
125.8500	12.1859	20.0000
125.8430	12.2000	20.0000
125.8177	12.2500	20.0000
125.8000	12.2841	20.0000
125.7916	12.3000	20.0000
125.7651	12.3500	20.0000
125.7500	12.3782	20.0000
125.7381	12.4000	20.0000
125.7107	12.4500	20.0000
125.7000	12.4696	20.0000
125.6827	12.5000	20.0000
125.6543	12.5500	20.0000
125.6500	12.5577	20.0000
125.6248	12.6000	20.0000
125.6000	12.6413	20.0000
125.5945	12.6500	20.0000
125.5631	12.7000	20.0000
125.5500	12.7209	20.0000
125.5310	12.7500	20.0000
125.5000	12.7978	20.0000
125.4985	12.8000	20.0000
125.4655	12.8500	20.0000
125.4500	12.8732	20.0000
125.4321	12.9000	20.0000
125.4000	12.9476	20.0000
125.3984	12.9500	20.0000
125.3641	13.0000	20.0000
125.3500	13.0201	20.0000
125.3294	13.0500	20.0000
125.3000	13.0917	20.0000
125.2943	13.1000	20.0000
125.2592	13.1500	20.0000
125.2500	13.1628	20.0000
125.2243	13.2000	20.0000
125.2000	13.2351	20.0000
125.1900	13.2500	20.0000
125.1567	13.3000	20.0000
125.1500	13.3102	20.0000
125.1246	13.3500	20.0000
125.1000	13.3901	20.0000
125.0940	13.4000	20.0000
125.0650	13.4500	20.0000
125.0500	13.4770	20.0000
125.0374	13.5000	20.0000
125.0111	13.5500	20.0000
125.0000	13.5718	20.0000
124.9856	13.6000	20.0000
124.9609	13.6500	20.0000
124.9500	13.6722	20.0000
124.9362	13.7000	20.0000
124.9116	13.7500	20.0000
124.9000	13.7734	20.0000
124.8866	13.8000	20.0000
124.8612	13.8500	20.0000
124.8500	13.8717	20.0000
124.8351	13.9000	20.0000
124.8085	13.9500	20.0000
124.8000	13.9655	20.0000
124.7808	14.0000	20.0000
124.7522	14.0500	20.0000
124.7500	14.0536	20.0000
124.7219	14.1000	20.0000
124.7000	14.1347	20.0000
124.6902	14.1500	20.0000
124.6566	14.2000	20.0000
124.6500	14.2092	20.0000
124.6208	14.2500	20.0000
124.6000	14.2775	20.0000
124.5828	14.3000	20.0000
124.5500	14.3409	20.0000
124.5426	14.3500	20.0000
124.5001	14.4000	20.0000
124.5000	14.4001	20.0000
124.4552	14.4500	20.0000
124.4500	14.4556	20.0000
124.4082	14.5000	20.0000
124.4000	14.5084	20.0000
124.3590	14.5500	20.0000
124.3500	14.5589	20.0000
124.3079	14.6000	20.0000
124.3000	14.6074	20.0000
124.2547	14.6500	20.0000
124.2500	14.6543	20.0000
124.2000	14.6996	20.0000
124.1996	14.7000	20.0000
124.1500	14.7433	20.0000
124.1423	14.7500	20.0000
124.1000	14.7856	20.0000
124.0828	14.8000	20.0000
124.0500	14.8265	20.0000
124.0206	14.8500	20.0000
124.0000	14.8659	20.0000
123.9553	14.9000	20.0000
123.9500	14.9039	20.0000
123.9000	14.9405	20.0000
123.8869	14.9500	20.0000
123.8500	14.9760	20.0000
123.8153	15.0000	20.0000
123.8000	15.0104	20.0000
123.7500	15.0439	20.0000
123.7408	15.0500	20.0000
123.7000	15.0769	20.0000
123.6643	15.1000	20.0000
123.6500	15.1093	20.0000
123.6000	15.1414	20.0000
123.5864	15.1500	20.0000
123.5500	15.1733	20.0000
123.5070	15.2000	20.0000
123.5000	15.2044	20.0000
123.4500	15.2350	20.0000
123.4243	15.2500	20.0000
123.4000	15.2644	20.0000
123.3500	15.2924	20.0000
123.3357	15.3000	20.0000
123.3000	15.3192	20.0000
123.2500	15.3442	20.0000
123.2379	15.3500	20.0000
123.2000	15.3682	20.0000
123.1500	15.3905	20.0000
123.1275	15.4000	20.0000
123.1000	15.4118	20.0000
123.0500	15.4319	20.0000
123.0022	15.4500	20.0000
123.0000	15.4509	20.0000
122.9500	15.4699	20.0000
122.9000	15.4881	20.0000
122.8672	15.5000	20.0000
122.8500	15.5066	20.0000
122.8000	15.5264	20.0000
122.7500	15.5472	20.0000
122.7438	15.5500	20.0000
122.7000	15.5724	20.0000
122.6524	15.6000	20.0000
122.6500	15.6017	20.0000
122.6000	15.6425	20.0000
122.5921	15.6500	20.0000
122.5540	15.7000	20.0000
122.5500	15.7082	20.0000
122.5321	15.7500	20.0000
122.5212	15.8000	20.0000
122.5184	15.8500	20.0000
122.5218	15.9000	20.0000
122.5298	15.9500	20.0000
122.5413	16.0000	20.0000
122.5500	16.0305	20.0000
122.5557	16.0500	20.0000
122.5723	16.1000	20.0000
122.5899	16.1500	20.0000
122.6000	16.1771	20.0000
122.6086	16.2000	20.0000
122.6276	16.2500	20.0000
122.6465	16.3000	20.0000
122.6500	16.3094	20.0000
122.6653	16.3500	20.0000
122.6834	16.4000	20.0000
122.7000	16.4479	20.0000
122.7007	16.4500	20.0000
122.7177	16.5000	20.0000
122.7335	16.5500	20.0000
122.7485	16.6000	20.0000
122.7500	16.6053	20.0000
122.7631	16.6500	20.0000
122.7768	16.7000	20.0000
122.7899	16.7500	20.0000
122.8000	16.7897	20.0000
122.8027	16.8000	20.0000
122.8158	16.8500	20.0000
122.8288	16.9000	20.0000
122.8421	16.9500	20.0000
> 20 contour -Z20
126.2200	11.2000	20.0000
126.2342	11.1500	20.0000
126.2482	11.1000	20.0000
126.2500	11.0936	20.0000
> 20 contour -Z20
126.2759	11.0000	20.0000
126.2899	10.9500	20.0000
126.3000	10.9148	20.0000
126.3043	10.9000	20.0000
126.3196	10.8500	20.0000
126.3357	10.8000	20.0000
126.3500	10.7584	20.0000
126.3530	10.7500	20.0000
126.3720	10.7000	20.0000
126.3923	10.6500	20.0000
126.4000	10.6320	20.0000
126.4145	10.6000	20.0000
126.4382	10.5500	20.0000
126.4500	10.5261	20.0000
126.4636	10.5000	20.0000
126.4901	10.4500	20.0000
126.5000	10.4316	20.0000
126.5178	10.4000	20.0000
126.5457	10.3500	20.0000
126.5500	10.3421	20.0000
126.5739	10.3000	20.0000
126.6000	10.2520	20.0000
> 20 contour -Z20
127.1884	8.2000	20.0000
127.1982	8.1500	20.0000
127.2000	8.1407	20.0000
> 20 contour -Z20
127.6335	5.3500	20.0000
127.6500	5.3086	20.0000
127.6536	5.3000	20.0000
127.6756	5.2500	20.0000
127.6983	5.2000	20.0000
127.7000	5.1965	20.0000
127.7230	5.1500	20.0000
127.7485	5.1000	20.0000
127.7500	5.0973	20.0000
127.7766	5.0500	20.0000
127.8000	5.0110	20.0000
127.8069	5.0000	20.0000
127.8413	4.9500	20.0000
127.8500	4.9385	20.0000
127.8813	4.9000	20.0000
127.9000	4.8788	20.0000
127.9275	4.8500	20.0000
127.9500	4.8276	20.0000
127.9793	4.8000	20.0000
128.0000	4.7809	20.0000
128.0344	4.7500	20.0000
128.0500	4.7358	20.0000
128.0895	4.7000	20.0000
128.1000	4.6901	20.0000
128.1423	4.6500	20.0000
128.1500	4.6424	20.0000
128.1920	4.6000	20.0000
128.2000	4.5915	20.0000
128.2385	4.5500	20.0000
128.2500	4.5368	20.0000
> 20 contour -Z20
128.9225	3.2000	20.0000
128.9388	3.1500	20.0000
128.9500	3.1157	20.0000
128.9551	3.1000	20.0000
128.9713	3.0500	20.0000
128.9875	3.0000	20.0000
129.0000	2.9614	20.0000
129.0038	2.9500	20.0000
129.0203	2.9000	20.0000
129.0366	2.8500	20.0000
129.0500	2.8084	20.0000
129.0528	2.8000	20.0000
129.0690	2.7500	20.0000
129.0846	2.7000	20.0000
129.0996	2.6500	20.0000
129.1000	2.6485	20.0000
129.1143	2.6000	20.0000
129.1281	2.5500	20.0000
129.1410	2.5000	20.0000
129.1500	2.4628	20.0000
129.1532	2.4500	20.0000
129.1649	2.4000	20.0000
129.1757	2.3500	20.0000
129.1859	2.3000	20.0000
129.1956	2.2500	20.0000
129.2000	2.2266	20.0000
> 20 contour -Z20
129.2326	2.0500	20.0000
129.2415	2.0000	20.0000
129.2500	1.9512	20.0000
> 40 contour -Z40
128.1500	3.1266	40.0000
128.1686	3.1500	40.0000
128.2000	3.1914	40.0000
128.2065	3.2000	40.0000
128.2412	3.2500	40.0000
128.2500	3.2642	40.0000
128.2721	3.3000	40.0000
128.2975	3.3500	40.0000
128.3000	3.3557	40.0000
128.3183	3.4000	40.0000
128.3338	3.4500	40.0000
128.3448	3.5000	40.0000
128.3500	3.5372	40.0000
128.3516	3.5500	40.0000
128.3545	3.6000	40.0000
128.3540	3.6500	40.0000
128.3506	3.7000	40.0000
128.3500	3.7045	40.0000
128.3439	3.7500	40.0000
128.3345	3.8000	40.0000
128.3225	3.8500	40.0000
128.3083	3.9000	40.0000
128.3000	3.9248	40.0000
128.2912	3.9500	40.0000
128.2712	4.0000	40.0000
128.2500	4.0488	40.0000
128.2495	4.0500	40.0000
128.2235	4.1000	40.0000
128.2000	4.1430	40.0000
128.1959	4.1500	40.0000
128.1644	4.2000	40.0000
128.1500	4.2218	40.0000
128.1303	4.2500	40.0000
128.1000	4.2922	40.0000
128.0941	4.3000	40.0000
128.0554	4.3500	40.0000
128.0500	4.3568	40.0000
128.0148	4.4000	40.0000
128.0000	4.4178	40.0000
127.9729	4.4500	40.0000
127.9500	4.4766	40.0000
127.9297	4.5000	40.0000
127.9000	4.5330	40.0000
127.8847	4.5500	40.0000
127.8500	4.5870	40.0000
127.8379	4.6000	40.0000
127.8000	4.6395	40.0000
127.7900	4.6500	40.0000
127.7500	4.6922	40.0000
127.7427	4.7000	40.0000
127.7000	4.7475	40.0000
127.6977	4.7500	40.0000
127.6555	4.8000	40.0000
127.6500	4.8070	40.0000
127.6162	4.8500	40.0000
127.6000	4.8730	40.0000
127.5803	4.9000	40.0000
127.5500	4.9468	40.0000
127.5478	4.9500	40.0000
127.5161	5.0000	40.0000
127.5000	5.0284	40.0000
127.4871	5.0500	40.0000
127.4600	5.1000	40.0000
127.4500	5.1202	40.0000
127.4345	5.1500	40.0000
127.4110	5.2000	40.0000
127.4000	5.2259	40.0000
127.3892	5.2500	40.0000
127.3689	5.3000	40.0000
127.3508	5.3500	40.0000
127.3500	5.3524	40.0000
127.3329	5.4000	40.0000
127.3167	5.4500	40.0000
127.3019	5.5000	40.0000
127.3000	5.5067	40.0000
127.2869	5.5500	40.0000
127.2728	5.6000	40.0000
127.2596	5.6500	40.0000
127.2500	5.6886	40.0000
127.2470	5.7000	40.0000
127.2343	5.7500	40.0000
127.2226	5.8000	40.0000
127.2118	5.8500	40.0000
127.2019	5.9000	40.0000
127.2000	5.9105	40.0000
127.1923	5.9500	40.0000
127.1837	6.0000	40.0000
127.1762	6.0500	40.0000
127.1700	6.1000	40.0000
127.1649	6.1500	40.0000
127.1611	6.2000	40.0000
127.1583	6.2500	40.0000
127.1564	6.3000	40.0000
127.1552	6.3500	40.0000
127.1545	6.4000	40.0000
127.1540	6.4500	40.0000
127.1537	6.5000	40.0000
127.1532	6.5500	40.0000
127.1525	6.6000	40.0000
127.1513	6.6500	40.0000
127.1500	6.6938	40.0000
127.1498	6.7000	40.0000
127.1476	6.7500	40.0000
127.1449	6.8000	40.0000
127.1417	6.8500	40.0000
127.1379	6.9000	40.0000
127.1337	6.9500	40.0000
127.1289	7.0000	40.0000
127.1237	7.0500	40.0000
127.1180	7.1000	40.0000
127.1118	7.1500	40.0000
127.1051	7.2000	40.0000
127.1000	7.2356	40.0000
127.0977	7.2500	40.0000
127.0893	7.3000	40.0000
127.0805	7.3500	40.0000
127.0711	7.4000	40.0000
127.0612	7.4500	40.0000
127.0509	7.5000	40.0000
127.0500	7.5041	40.0000
127.0391	7.5500	40.0000
127.0269	7.6000	40.0000
127.0145	7.6500	40.0000
127.0020	7.7000	40.0000
127.0000	7.7077	40.0000
126.9880	7.7500	40.0000
126.9739	7.8000	40.0000
126.9598	7.8500	40.0000
126.9500	7.8847	40.0000
126.9452	7.9000	40.0000
126.9295	7.9500	40.0000
126.9140	8.0000	40.0000
126.9000	8.0458	40.0000
126.8986	8.0500	40.0000
126.8818	8.1000	40.0000
126.8656	8.1500	40.0000
126.8500	8.1996	40.0000
126.8499	8.2000	40.0000
126.8332	8.2500	40.0000
126.8172	8.3000	40.0000
126.8020	8.3500	40.0000
126.8000	8.3568	40.0000
126.7864	8.4000	40.0000
126.7713	8.4500	40.0000
126.7566	8.5000	40.0000
126.7500	8.5227	40.0000
126.7418	8.5500	40.0000
126.7267	8.6000	40.0000
126.7119	8.6500	40.0000
126.7000	8.6901	40.0000
126.6969	8.7000	40.0000
126.6812	8.7500	40.0000
126.6655	8.8000	40.0000
126.6500	8.8497	40.0000
126.6499	8.8500	40.0000
126.6330	8.9000	40.0000
126.6162	8.9500	40.0000
126.6000	8.9986	40.0000
126.5995	9.0000	40.0000
126.5812	9.0500	40.0000
126.5631	9.1000	40.0000
126.5500	9.1364	40.0000
126.5445	9.1500	40.0000
126.5245	9.2000	40.0000
126.5046	9.2500	40.0000
126.5000	9.2617	40.0000
126.4828	9.3000	40.0000
126.4607	9.3500	40.0000
126.4500	9.3746	40.0000
126.4373	9.4000	40.0000
126.4130	9.4500	40.0000
126.4000	9.4776	40.0000
126.3879	9.5000	40.0000
126.3624	9.5500	40.0000
126.3500	9.5760	40.0000
126.3372	9.6000	40.0000
126.3131	9.6500	40.0000
126.3000	9.6810	40.0000
126.2913	9.7000	40.0000
126.2720	9.7500	40.0000
126.2565	9.8000	40.0000
126.2500	9.8261	40.0000
126.2439	9.8500	40.0000
126.2335	9.9000	40.0000
126.2252	9.9500	40.0000
126.2179	10.0000	40.0000
126.2109	10.0500	40.0000
126.2034	10.1000	40.0000
126.2000	10.1193	40.0000
126.1945	10.1500	40.0000
126.1840	10.2000	40.0000
126.1720	10.2500	40.0000
126.1587	10.3000	40.0000
126.1500	10.3297	40.0000
126.1436	10.3500	40.0000
126.1265	10.4000	40.0000
126.1087	10.4500	40.0000
126.1000	10.4734	40.0000
126.0891	10.5000	40.0000
126.0681	10.5500	40.0000
126.0500	10.5936	40.0000
126.0470	10.6000	40.0000
126.0230	10.6500	40.0000
126.0000	10.6997	40.0000
125.9999	10.7000	40.0000
125.9731	10.7500	40.0000
125.9500	10.7951	40.0000
125.9471	10.8000	40.0000
125.9180	10.8500	40.0000
125.9000	10.8822	40.0000
125.8887	10.9000	40.0000
125.8579	10.9500	40.0000
125.8500	10.9634	40.0000
125.8260	11.0000	40.0000
125.8000	11.0415	40.0000
125.7943	11.0500	40.0000
125.7618	11.1000	40.0000
125.7500	11.1190	40.0000
125.7297	11.1500	40.0000
125.7000	11.1971	40.0000
125.6981	11.2000	40.0000
125.6660	11.2500	40.0000
125.6500	11.2757	40.0000
125.6339	11.3000	40.0000
125.6015	11.3500	40.0000
125.6000	11.3525	40.0000
125.5674	11.4000	40.0000
125.5500	11.4262	40.0000
125.5321	11.4500	40.0000
125.5000	11.4943	40.0000
125.4952	11.5000	40.0000
125.4551	11.5500	40.0000
125.4500	11.5569	40.0000
125.4108	11.6000	40.0000
125.4000	11.6131	40.0000
125.3609	11.6500	40.0000
125.3500	11.6617	40.0000
125.3008	11.7000	40.0000
125.3000	11.7008	40.0000
125.2500	11.7317	40.0000
125.2000	11.7494	40.0000
125.1969	11.7500	40.0000
125.1500	11.7613	40.0000
125.1000	11.7696	40.0000
125.0500	11.7803	40.0000
125.0000	11.7965	40.0000
124.9933	11.8000	40.0000
124.9500	11.8282	40.0000
124.9242	11.8500	40.0000
124.9000	11.8763	40.0000
124.8833	11.9000	40.0000
124.8578	11.9500	40.0000
124.8500	11.9746	40.0000
124.8440	12.0000	40.0000
124.8383	12.0500	40.0000
124.8353	12.1000	40.0000
124.8315	12.1500	40.0000
124.8238	12.2000	40.0000
124.8104	12.2500	40.0000
124.8000	12.2767	40.0000
124.7925	12.3000	40.0000
124.7706	12.3500	40.0000
124.7500	12.3882	40.0000
124.7444	12.4000	40.0000
124.7158	12.4500	40.0000
124.7000	12.4742	40.0000
124.6845	12.5000	40.0000
124.6500	12.5493	40.0000
124.6496	12.5500	40.0000
124.6136	12.6000	40.0000
124.6000	12.6166	40.0000
124.5740	12.6500	40.0000
124.5500	12.6767	40.0000
124.5300	12.7000	40.0000
124.5000	12.7298	40.0000
124.4805	12.7500	40.0000
124.4500	12.7770	40.0000
124.4248	12.8000	40.0000
124.4000	12.8195	40.0000
124.3629	12.8500	40.0000
124.3500	12.8592	40.0000
124.3000	12.8978	40.0000
124.2975	12.9000	40.0000
124.2500	12.9373	40.0000
124.2354	12.9500	40.0000
124.2000	12.9788	40.0000
124.1770	13.0000	40.0000
124.1500	13.0240	40.0000
124.1244	13.0500	40.0000
124.1000	13.0743	40.0000
124.0775	13.1000	40.0000
124.0500	13.1314	40.0000
124.0355	13.1500	40.0000
124.0000	13.1961	40.0000
123.9973	13.2000	40.0000
123.9635	13.2500	40.0000
123.9500	13.2706	40.0000
123.9320	13.3000	40.0000
123.9026	13.3500	40.0000
123.9000	13.3546	40.0000
123.8762	13.4000	40.0000
123.8514	13.4500	40.0000
123.8500	13.4532	40.0000
123.8297	13.5000	40.0000
123.8098	13.5500	40.0000
123.8000	13.5773	40.0000
123.7921	13.6000	40.0000
123.7767	13.6500	40.0000
123.7629	13.7000	40.0000
123.7505	13.7500	40.0000
123.7500	13.7524	40.0000
123.7400	13.8000	40.0000
123.7305	13.8500	40.0000
123.7220	13.9000	40.0000
123.7143	13.9500	40.0000
123.7077	14.0000	40.0000
123.7026	14.0500	40.0000
123.7000	14.0955	40.0000
123.6998	14.1000	40.0000
123.7000	14.1221	40.0000
123.7004	14.1500	40.0000
123.7060	14.2000	40.0000
123.7178	14.2500	40.0000
123.7350	14.3000	40.0000
123.7500	14.3390	40.0000
123.7546	14.3500	40.0000
123.7699	14.4000	40.0000
123.7743	14.4500	40.0000
123.7671	14.5000	40.0000
123.7502	14.5500	40.0000
123.7500	14.5503	40.0000
123.7238	14.6000	40.0000
123.7000	14.6355	40.0000
123.6908	14.6500	40.0000
123.6511	14.7000	40.0000
123.6500	14.7012	40.0000
123.6048	14.7500	40.0000
123.6000	14.7544	40.0000
123.5524	14.8000	40.0000
123.5500	14.8020	40.0000
123.5000	14.8445	40.0000
123.4938	14.8500	40.0000
123.4500	14.8835	40.0000
123.4292	14.9000	40.0000
123.4000	14.9205	40.0000
123.3595	14.9500	40.0000
123.3500	14.9562	40.0000
123.3000	14.9892	40.0000
123.2839	15.0000	40.0000
123.2500	15.0205	40.0000
123.2030	15.0500	40.0000
123.2000	15.0517	40.0000
123.1500	15.0799	40.0000
123.1157	15.1000	40.0000
123.1000	15.1083	40.0000
123.0500	15.1349	40.0000
123.0224	15.1500	40.0000
123.0000	15.1610	40.0000
122.9500	15.1856	40.0000
122.9214	15.2000	40.0000
122.9000	15.2096	40.0000
122.8500	15.2320	40.0000
122.8104	15.2500	40.0000
122.8000	15.2543	40.0000
122.7500	15.2749	40.0000
122.7000	15.2960	40.0000
122.6908	15.3000	40.0000
122.6500	15.3163	40.0000
122.6000	15.3372	40.0000
122.5709	15.3500	40.0000
122.5500	15.3589	40.0000
122.5000	15.3815	40.0000
122.4622	15.4000	40.0000
122.4500	15.4062	40.0000
122.4000	15.4338	40.0000
122.3734	15.4500	40.0000
122.3500	15.4665	40.0000
122.3082	15.5000	40.0000
122.3000	15.5083	40.0000
122.2634	15.5500	40.0000
122.2500	15.5718	40.0000
122.2339	15.6000	40.0000
122.2151	15.6500	40.0000
122.2037	15.7000	40.0000
122.2000	15.7294	40.0000
122.1973	15.7500	40.0000
122.1945	15.8000	40.0000
122.1947	15.8500	40.0000
122.1974	15.9000	40.0000
122.2000	15.9252	40.0000
122.2024	15.9500	40.0000
122.2095	16.0000	40.0000
122.2191	16.0500	40.0000
122.2313	16.1000	40.0000
122.2464	16.1500	40.0000
122.2500	16.1605	40.0000
122.2630	16.2000	40.0000
122.2819	16.2500	40.0000
122.3000	16.2930	40.0000
122.3028	16.3000	40.0000
122.3240	16.3500	40.0000
122.3473	16.4000	40.0000
122.3500	16.4057	40.0000
122.3699	16.4500	40.0000
122.3939	16.5000	40.0000
122.4000	16.5121	40.0000
122.4171	16.5500	40.0000
122.4406	16.6000	40.0000
122.4500	16.6196	40.0000
122.4628	16.6500	40.0000
122.4840	16.7000	40.0000
122.5000	16.7377	40.0000
122.5045	16.7500	40.0000
122.5220	16.8000	40.0000
122.5387	16.8500	40.0000
122.5500	16.8861	40.0000
122.5538	16.9000	40.0000
122.5659	16.9500	40.0000
122.5768	17.0000	40.0000
> 40 contour -Z40
128.1500	2.7956	40.0000
128.2000	2.7671	40.0000
128.2363	2.7500	40.0000
128.2500	2.7438	40.0000
128.3000	2.7305	40.0000
128.3500	2.7281	40.0000
128.4000	2.7375	40.0000
128.4362	2.7500	40.0000
128.4500	2.7555	40.0000
128.5000	2.7726	40.0000
128.5500	2.7764	40.0000
128.6000	2.7593	40.0000
128.6110	2.7500	40.0000
128.6500	2.7187	40.0000
128.6641	2.7000	40.0000
128.7000	2.6545	40.0000
128.7025	2.6500	40.0000
128.7305	2.6000	40.0000
128.7500	2.5664	40.0000
128.7572	2.5500	40.0000
128.7794	2.5000	40.0000
128.8000	2.4546	40.0000
128.8017	2.4500	40.0000
128.8195	2.4000	40.0000
128.8375	2.3500	40.0000
128.8500	2.3151	40.0000
128.8544	2.3000	40.0000
128.8687	2.2500	40.0000
128.8828	2.2000	40.0000
128.8968	2.1500	40.0000
128.9000	2.1381	40.0000
128.9088	2.1000	40.0000
128.9201	2.0500	40.0000
128.9317	2.0000	40.0000
128.9434	1.9500	40.0000
128.9500	1.9224	40.0000
128.9546	1.9000	40.0000
128.9649	1.8500	40.0000
128.9754	1.8000	40.0000
128.9863	1.7500	40.0000
128.9976	1.7000	40.0000
129.0000	1.6894	40.0000
129.0076	1.6500	40.0000
129.0173	1.6000	40.0000
129.0271	1.5500	40.0000
129.0371	1.5000	40.0000
129.0473	1.4500	40.0000
129.0500	1.4371	40.0000
129.0565	1.4000	40.0000
> 60 contour -Z60
124.2500	11.5117	60.0000
124.3000	11.5142	60.0000
124.3500	11.5115	60.0000
124.4000	11.5039	60.0000
124.4154	11.5000	60.0000
124.4500	11.4918	60.0000
124.5000	11.4754	60.0000
124.5500	11.4551	60.0000
124.5604	11.4500	60.0000
124.6000	11.4307	60.0000
124.6500	11.4030	60.0000
124.6548	11.4000	60.0000
124.7000	11.3711	60.0000
124.7306	11.3500	60.0000
124.7500	11.3360	60.0000
124.7970	11.3000	60.0000
124.8000	11.2976	60.0000
124.8500	11.2551	60.0000
124.8558	11.2500	60.0000
124.9000	11.2088	60.0000
124.9093	11.2000	60.0000
124.9500	11.1589	60.0000
124.9588	11.1500	60.0000
125.0000	11.1052	60.0000
125.0049	11.1000	60.0000
125.0481	11.0500	60.0000
125.0500	11.0477	60.0000
125.0888	11.0000	60.0000
125.1000	10.9855	60.0000
125.1273	10.9500	60.0000
125.1500	10.9189	60.0000
125.1636	10.9000	60.0000
125.1977	10.8500	60.0000
125.2000	10.8465	60.0000
125.2292	10.8000	60.0000
125.2500	10.7652	60.0000
125.2587	10.7500	60.0000
125.2856	10.7000	60.0000
125.3000	10.6720	60.0000
125.3106	10.6500	60.0000
125.3333	10.6000	60.0000
125.3500	10.5609	60.0000
125.3544	10.5500	60.0000
125.3734	10.5000	60.0000
125.3910	10.4500	60.0000
125.4000	10.4226	60.0000
125.4072	10.4000	60.0000
125.4217	10.3500	60.0000
125.4349	10.3000	60.0000
125.4465	10.2500	60.0000
125.4500	10.2329	60.0000
125.4566	10.2000	60.0000
125.4650	10.1500	60.0000
125.4716	10.1000	60.0000
125.4765	10.0500	60.0000
125.4798	10.0000	60.0000
125.4816	9.9500	60.0000
125.4821	9.9000	60.0000
125.4814	9.8500	60.0000
125.4797	9.8000	60.0000
125.4773	9.7500	60.0000
125.4745	9.7000	60.0000
125.4718	9.6500	60.0000
125.4700	9.6000	60.0000
125.4698	9.5500	60.0000
125.4722	9.5000	60.0000
125.4785	9.4500	60.0000
125.4897	9.4000	60.0000
125.5000	9.3698	60.0000
125.5071	9.3500	60.0000
125.5313	9.3000	60.0000
125.5500	9.2699	60.0000
125.5632	9.2500	60.0000
125.6000	9.2029	60.0000
125.6025	9.2000	60.0000
125.6485	9.1500	60.0000
125.6500	9.1485	60.0000
125.6996	9.1000	60.0000
125.7000	9.0996	60.0000
125.7500	9.0532	60.0000
125.7537	9.0500	60.0000
125.8000	9.0073	60.0000
125.8083	9.0000	60.0000
125.8500	8.9603	60.0000
125.8613	8.9500	60.0000
125.9000	8.9106	60.0000
125.9107	8.9000	60.0000
125.9500	8.8560	60.0000
125.9554	8.8500	60.0000
125.9947	8.8000	60.0000
126.0000	8.7921	60.0000
126.0284	8.7500	60.0000
126.0500	8.7114	60.0000
126.0564	8.7000	60.0000
126.0793	8.6500	60.0000
126.0979	8.6000	60.0000
126.1000	8.5929	60.0000
126.1127	8.5500	60.0000
126.1249	8.5000	60.0000
126.1355	8.4500	60.0000
126.1455	8.4000	60.0000
126.1500	8.3781	60.0000
126.1556	8.3500	60.0000
126.1666	8.3000	60.0000
126.1791	8.2500	60.0000
126.1933	8.2000	60.0000
126.2000	8.1796	60.0000
126.2092	8.1500	60.0000
126.2267	8.1000	60.0000
126.2455	8.0500	60.0000
126.2500	8.0390	60.0000
126.2655	8.0000	60.0000
126.2864	7.9500	60.0000
126.3000	7.9190	60.0000
126.3084	7.9000	60.0000
126.3313	7.8500	60.0000
126.3500	7.8110	60.0000
126.3554	7.8000	60.0000
126.3810	7.7500	60.0000
126.4000	7.7145	60.0000
126.4080	7.7000	60.0000
126.4365	7.6500	60.0000
126.4500	7.6270	60.0000
126.4663	7.6000	60.0000
126.4969	7.5500	60.0000
126.5000	7.5449	60.0000
126.5279	7.5000	60.0000
126.5500	7.4639	60.0000
126.5585	7.4500	60.0000
126.5881	7.4000	60.0000
126.6000	7.3791	60.0000
126.6160	7.3500	60.0000
126.6421	7.3000	60.0000
126.6500	7.2837	60.0000
126.6655	7.2500	60.0000
126.6866	7.2000	60.0000
126.7000	7.1649	60.0000
126.7052	7.1500	60.0000
126.7210	7.1000	60.0000
126.7348	7.0500	60.0000
126.7468	7.0000	60.0000
126.7500	6.9845	60.0000
126.7564	6.9500	60.0000
126.7641	6.9000	60.0000
126.7703	6.8500	60.0000
126.7748	6.8000	60.0000
126.7778	6.7500	60.0000
126.7789	6.7000	60.0000
126.7782	6.6500	60.0000
126.7754	6.6000	60.0000
126.7703	6.5500	60.0000
126.7626	6.5000	60.0000
126.7520	6.4500	60.0000
126.7500	6.4427	60.0000
126.7367	6.4000	60.0000
126.7170	6.3500	60.0000
126.7000	6.3149	60.0000
126.6918	6.3000	60.0000
126.6592	6.2500	60.0000
126.6500	6.2376	60.0000
126.6201	6.2000	60.0000
126.6000	6.1771	60.0000
126.5771	6.1500	60.0000
126.5500	6.1189	60.0000
126.5355	6.1000	60.0000
126.5000	6.0504	60.0000
126.4997	6.0500	60.0000
126.4757	6.0000	60.0000
126.4595	5.9500	60.0000
126.4520	5.9000	60.0000
126.4528	5.8500	60.0000
126.4599	5.8000	60.0000
126.4714	5.7500	60.0000
126.4860	5.7000	60.0000
126.5000	5.6590	60.0000
126.5036	5.6500	60.0000
126.5263	5.6000	60.0000
126.5500	5.5516	60.0000
126.5509	5.5500	60.0000
126.5820	5.5000	60.0000
126.6000	5.4718	60.0000
126.6156	5.4500	60.0000
126.6500	5.4011	60.0000
126.6508	5.4000	60.0000
126.6868	5.3500	60.0000
126.7000	5.3296	60.0000
126.7190	5.3000	60.0000
126.7459	5.2500	60.0000
