> -160 contour -Z-160
132.6500	-2.9448	-160.0000
132.6724	-2.9500	-160.0000
132.7000	-2.9564	-160.0000
132.7500	-2.9689	-160.0000
132.8000	-2.9824	-160.0000
132.8500	-2.9969	-160.0000
132.8601	-3.0000	-160.0000
132.9000	-3.0123	-160.0000
132.9500	-3.0289	-160.0000
133.0000	-3.0465	-160.0000
133.0095	-3.0500	-160.0000
133.0500	-3.0653	-160.0000
133.1000	-3.0854	-160.0000
133.1341	-3.1000	-160.0000
133.1500	-3.1069	-160.0000
133.2000	-3.1301	-160.0000
133.2405	-3.1500	-160.0000
133.2500	-3.1549	-160.0000
133.3000	-3.1816	-160.0000
133.3324	-3.2000	-160.0000
133.3500	-3.2104	-160.0000
133.4000	-3.2414	-160.0000
133.4133	-3.2500	-160.0000
133.4500	-3.2748	-160.0000
133.4856	-3.3000	-160.0000
133.5000	-3.3107	-160.0000
133.5500	-3.3490	-160.0000
133.5513	-3.3500	-160.0000
133.6000	-3.3901	-160.0000
133.6118	-3.4000	-160.0000
133.6500	-3.4335	-160.0000
133.6685	-3.4500	-160.0000
133.7000	-3.4791	-160.0000
133.7224	-3.5000	-160.0000
133.7500	-3.5267	-160.0000
133.7741	-3.5500	-160.0000
133.8000	-3.5759	-160.0000
133.8242	-3.6000	-160.0000
133.8500	-3.6266	-160.0000
133.8729	-3.6500	-160.0000
133.9000	-3.6785	-160.0000
133.9205	-3.7000	-160.0000
133.9500	-3.7319	-160.0000
133.9669	-3.7500	-160.0000
134.0000	-3.7868	-160.0000
134.0119	-3.8000	-160.0000
134.0500	-3.8438	-160.0000
134.0554	-3.8500	-160.0000
134.0972	-3.9000	-160.0000
134.1000	-3.9035	-160.0000
134.1370	-3.9500	-160.0000
134.1500	-3.9671	-160.0000
134.1748	-4.0000	-160.0000
> -160 contour -Z-160
135.8000	-5.1877	-160.0000
135.8500	-5.1769	-160.0000
135.9000	-5.1641	-160.0000
135.9478	-5.1500	-160.0000
135.9500	-5.1493	-160.0000
136.0000	-5.1324	-160.0000
136.0500	-5.1136	-160.0000
136.0834	-5.1000	-160.0000
136.1000	-5.0932	-160.0000
136.1500	-5.0711	-160.0000
136.1952	-5.0500	-160.0000
136.2000	-5.0478	-160.0000
136.2500	-5.0231	-160.0000
136.2961	-5.0000	-160.0000
136.3000	-4.9980	-160.0000
136.3500	-4.9722	-160.0000
136.3934	-4.9500	-160.0000
136.4000	-4.9466	-160.0000
136.4500	-4.9212	-160.0000
136.4936	-4.9000	-160.0000
136.5000	-4.8969	-160.0000
136.5500	-4.8734	-160.0000
136.6000	-4.8518	-160.0000
136.6045	-4.8500	-160.0000
136.6500	-4.8317	-160.0000
136.7000	-4.8139	-160.0000
136.7446	-4.8000	-160.0000
136.7500	-4.7983	-160.0000
136.8000	-4.7849	-160.0000
136.8500	-4.7740	-160.0000
136.9000	-4.7656	-160.0000
> -160 contour -Z-160
137.2500	-4.7722	-160.0000
137.3000	-4.7816	-160.0000
137.3500	-4.7929	-160.0000
137.3773	-4.8000	-160.0000
> -160 contour -Z-160
137.4500	-4.8201	-160.0000
137.5000	-4.8359	-160.0000
137.5410	-4.8500	-160.0000
> -160 contour -Z-160
137.6000	-4.8710	-160.0000
137.6500	-4.8902	-160.0000
137.6746	-4.9000	-160.0000
> -140 contour -Z-140
132.7000	-2.7851	-140.0000
132.7500	-2.7985	-140.0000
132.7554	-2.8000	-140.0000
132.8000	-2.8124	-140.0000
132.8500	-2.8271	-140.0000
132.9000	-2.8425	-140.0000
132.9233	-2.8500	-140.0000
132.9500	-2.8585	-140.0000
133.0000	-2.8752	-140.0000
133.0500	-2.8928	-140.0000
133.0697	-2.9000	-140.0000
133.1000	-2.9111	-140.0000
133.1500	-2.9303	-140.0000
133.1986	-2.9500	-140.0000
133.2000	-2.9506	-140.0000
133.2500	-2.9719	-140.0000
133.3000	-2.9944	-140.0000
133.3118	-3.0000	-140.0000
133.3500	-3.0183	-140.0000
133.4000	-3.0438	-140.0000
133.4117	-3.0500	-140.0000
133.4500	-3.0709	-140.0000
133.5000	-3.0998	-140.0000
133.5003	-3.1000	-140.0000
133.5500	-3.1307	-140.0000
133.5797	-3.1500	-140.0000
133.6000	-3.1637	-140.0000
133.6500	-3.1987	-140.0000
133.6518	-3.2000	-140.0000
133.7000	-3.2359	-140.0000
133.7183	-3.2500	-140.0000
133.7500	-3.2752	-140.0000
133.7805	-3.3000	-140.0000
133.8000	-3.3164	-140.0000
133.8395	-3.3500	-140.0000
133.8500	-3.3592	-140.0000
133.8960	-3.4000	-140.0000
133.9000	-3.4036	-140.0000
133.9500	-3.4493	-140.0000
133.9508	-3.4500	-140.0000
134.0000	-3.4961	-140.0000
134.0042	-3.5000	-140.0000
134.0500	-3.5440	-140.0000
134.0562	-3.5500	-140.0000
134.1000	-3.5931	-140.0000
134.1070	-3.6000	-140.0000
134.1500	-3.6435	-140.0000
134.1563	-3.6500	-140.0000
134.2000	-3.6958	-140.0000
134.2040	-3.7000	-140.0000
134.2498	-3.7500	-140.0000
134.2500	-3.7503	-140.0000
134.2935	-3.8000	-140.0000
134.3000	-3.8078	-140.0000
134.3350	-3.8500	-140.0000
134.3500	-3.8688	-140.0000
134.3745	-3.9000	-140.0000
134.4000	-3.9339	-140.0000
134.4120	-3.9500	-140.0000
134.4476	-4.0000	-140.0000
134.4500	-4.0034	-140.0000
134.4818	-4.0500	-140.0000
134.5000	-4.0777	-140.0000
134.5147	-4.1000	-140.0000
134.5466	-4.1500	-140.0000
134.5500	-4.1554	-140.0000
134.5781	-4.2000	-140.0000
134.6000	-4.2354	-140.0000
134.6093	-4.2500	-140.0000
134.6406	-4.3000	-140.0000
134.6500	-4.3150	-140.0000
134.6725	-4.3500	-140.0000
134.7000	-4.3923	-140.0000
134.7052	-4.4000	-140.0000
134.7394	-4.4500	-140.0000
134.7500	-4.4652	-140.0000
134.7753	-4.5000	-140.0000
134.8000	-4.5329	-140.0000
134.8134	-4.5500	-140.0000
134.8500	-4.5950	-140.0000
134.8543	-4.6000	-140.0000
> -140 contour -Z-140
135.6000	-4.9898	-140.0000
135.6500	-4.9910	-140.0000
135.7000	-4.9897	-140.0000
135.7500	-4.9859	-140.0000
135.8000	-4.9797	-140.0000
135.8500	-4.9711	-140.0000
135.9000	-4.9603	-140.0000
135.9396	-4.9500	-140.0000
135.9500	-4.9472	-140.0000
136.0000	-4.9317	-140.0000
136.0500	-4.9144	-140.0000
136.0881	-4.9000	-140.0000
136.1000	-4.8954	-140.0000
136.1500	-4.8745	-140.0000
136.2000	-4.8528	-140.0000
136.2061	-4.8500	-140.0000
136.2500	-4.8296	-140.0000
136.3000	-4.8063	-140.0000
136.3133	-4.8000	-140.0000
136.3500	-4.7824	-140.0000
136.4000	-4.7591	-140.0000
136.4201	-4.7500	-140.0000
136.4500	-4.7363	-140.0000
136.5000	-4.7146	-140.0000
136.5361	-4.7000	-140.0000
136.5500	-4.6943	-140.0000
136.6000	-4.6755	-140.0000
136.6500	-4.6587	-140.0000
136.6795	-4.6500	-140.0000
136.7000	-4.6439	-140.0000
136.7500	-4.6310	-140.0000
136.8000	-4.6203	-140.0000
136.8500	-4.6118	-140.0000
136.9000	-4.6055	-140.0000
136.9500	-4.6013	-140.0000
136.9789	-4.6000	-140.0000
137.0000	-4.5990	-140.0000
137.0500	-4.5987	-140.0000
137.0878	-4.6000	-140.0000
137.1000	-4.6004	-140.0000
137.1500	-4.6038	-140.0000
137.2000	-4.6091	-140.0000
137.2500	-4.6160	-140.0000
137.3000	-4.6247	-140.0000
137.3500	-4.6350	-140.0000
137.4000	-4.6469	-140.0000
137.4116	-4.6500	-140.0000
137.4500	-4.6600	-140.0000
137.5000	-4.6742	-140.0000
137.5500	-4.6899	-140.0000
137.5804	-4.7000	-140.0000
137.6000	-4.7065	-140.0000
137.6500	-4.7238	-140.0000
137.7000	-4.7422	-140.0000
137.7203	-4.7500	-140.0000
137.7500	-4.7613	-140.0000
137.8000	-4.7810	-140.0000
137.8461	-4.8000	-140.0000
137.8500	-4.8016	-140.0000
137.9000	-4.8226	-140.0000
137.9500	-4.8445	-140.0000
137.9622	-4.8500	-140.0000
138.0000	-4.8670	-140.0000
138.0500	-4.8903	-140.0000
138.0700	-4.9000	-140.0000
138.1000	-4.9145	-140.0000
138.1500	-4.9395	-140.0000
138.1704	-4.9500	-140.0000
138.2000	-4.9652	-140.0000
138.2500	-4.9919	-140.0000
138.2649	-5.0000	-140.0000
138.3000	-5.0191	-140.0000
138.3500	-5.0471	-140.0000
138.3552	-5.0500	-140.0000
138.4000	-5.0751	-140.0000
138.4439	-5.1000	-140.0000
138.4500	-5.1035	-140.0000
138.5000	-5.1313	-140.0000
138.5341	-5.1500	-140.0000
> -120 contour -Z-120
132.7500	-2.6160	-120.0000
132.8000	-2.6308	-120.0000
132.8500	-2.6462	-120.0000
132.8620	-2.6500	-120.0000
132.9000	-2.6619	-120.0000
132.9500	-2.6780	-120.0000
133.0000	-2.6947	-120.0000
133.0153	-2.7000	-120.0000
133.0500	-2.7117	-120.0000
133.1000	-2.7292	-120.0000
133.1500	-2.7474	-120.0000
133.1570	-2.7500	-120.0000
133.2000	-2.7659	-120.0000
133.2500	-2.7851	-120.0000
133.2871	-2.8000	-120.0000
133.3000	-2.8051	-120.0000
133.3500	-2.8258	-120.0000
133.4000	-2.8476	-120.0000
133.4053	-2.8500	-120.0000
133.4500	-2.8703	-120.0000
133.5000	-2.8943	-120.0000
133.5115	-2.9000	-120.0000
133.5500	-2.9195	-120.0000
133.6000	-2.9463	-120.0000
133.6066	-2.9500	-120.0000
133.6500	-2.9747	-120.0000
133.6922	-3.0000	-120.0000
133.7000	-3.0048	-120.0000
133.7500	-3.0367	-120.0000
133.7700	-3.0500	-120.0000
133.8000	-3.0705	-120.0000
133.8414	-3.1000	-120.0000
133.8500	-3.1063	-120.0000
133.9000	-3.1439	-120.0000
133.9079	-3.1500	-120.0000
133.9500	-3.1833	-120.0000
133.9707	-3.2000	-120.0000
134.0000	-3.2243	-120.0000
134.0305	-3.2500	-120.0000
134.0500	-3.2668	-120.0000
134.0880	-3.3000	-120.0000
134.1000	-3.3106	-120.0000
134.1437	-3.3500	-120.0000
134.1500	-3.3557	-120.0000
134.1979	-3.4000	-120.0000
134.2000	-3.4020	-120.0000
134.2500	-3.4494	-120.0000
134.2506	-3.4500	-120.0000
134.3000	-3.4982	-120.0000
134.3019	-3.5000	-120.0000
134.3500	-3.5484	-120.0000
134.3515	-3.5500	-120.0000
134.3996	-3.6000	-120.0000
134.4000	-3.6005	-120.0000
134.4459	-3.6500	-120.0000
134.4500	-3.6545	-120.0000
134.4906	-3.7000	-120.0000
134.5000	-3.7109	-120.0000
134.5336	-3.7500	-120.0000
134.5500	-3.7697	-120.0000
134.5752	-3.8000	-120.0000
134.6000	-3.8310	-120.0000
134.6154	-3.8500	-120.0000
134.6500	-3.8944	-120.0000
134.6544	-3.9000	-120.0000
134.6927	-3.9500	-120.0000
134.7000	-3.9598	-120.0000
134.7306	-4.0000	-120.0000
134.7500	-4.0264	-120.0000
134.7681	-4.0500	-120.0000
134.8000	-4.0930	-120.0000
134.8055	-4.1000	-120.0000
134.8434	-4.1500	-120.0000
134.8500	-4.1589	-120.0000
134.8822	-4.2000	-120.0000
134.9000	-4.2231	-120.0000
134.9220	-4.2500	-120.0000
134.9500	-4.2846	-120.0000
134.9632	-4.3000	-120.0000
135.0000	-4.3430	-120.0000
135.0064	-4.3500	-120.0000
135.0500	-4.3976	-120.0000
135.0524	-4.4000	-120.0000
135.1000	-4.4479	-120.0000
135.1022	-4.4500	-120.0000
135.1500	-4.4938	-120.0000
135.1573	-4.5000	-120.0000
135.2000	-4.5351	-120.0000
135.2198	-4.5500	-120.0000
135.2500	-4.5718	-120.0000
135.2930	-4.6000	-120.0000
135.3000	-4.6043	-120.0000
135.3500	-4.6322	-120.0000
135.3863	-4.6500	-120.0000
135.4000	-4.6563	-120.0000
135.4500	-4.6761	-120.0000
135.5000	-4.6926	-120.0000
135.5281	-4.7000	-120.0000
135.5500	-4.7053	-120.0000
135.6000	-4.7145	-120.0000
135.6500	-4.7204	-120.0000
135.7000	-4.7232	-120.0000
135.7500	-4.7230	-120.0000
135.8000	-4.7199	-120.0000
135.8500	-4.7139	-120.0000
135.9000	-4.7054	-120.0000
135.9247	-4.7000	-120.0000
135.9500	-4.6942	-120.0000
136.0000	-4.6804	-120.0000
136.0500	-4.6649	-120.0000
136.0943	-4.6500	-120.0000
136.1000	-4.6480	-120.0000
136.1500	-4.6291	-120.0000
136.2000	-4.6097	-120.0000
136.2245	-4.6000	-120.0000
136.2500	-4.5897	-120.0000
136.3000	-4.5695	-120.0000
136.3500	-4.5501	-120.0000
136.3504	-4.5500	-120.0000
136.4000	-4.5308	-120.0000
136.4500	-4.5129	-120.0000
136.4890	-4.5000	-120.0000
136.5000	-4.4964	-120.0000
136.5500	-4.4809	-120.0000
136.6000	-4.4673	-120.0000
136.6500	-4.4555	-120.0000
136.6767	-4.4500	-120.0000
136.7000	-4.4452	-120.0000
136.7500	-4.4365	-120.0000
136.8000	-4.4295	-120.0000
136.8500	-4.4243	-120.0000
136.9000	-4.4207	-120.0000
136.9500	-4.4186	-120.0000
137.0000	-4.4181	-120.0000
137.0500	-4.4191	-120.0000
137.1000	-4.4216	-120.0000
137.1500	-4.4254	-120.0000
137.2000	-4.4307	-120.0000
137.2500	-4.4374	-120.0000
137.3000	-4.4455	-120.0000
137.3241	-4.4500	-120.0000
137.3500	-4.4547	-120.0000
137.4000	-4.4650	-120.0000
137.4500	-4.4767	-120.0000
137.5000	-4.4895	-120.0000
137.5372	-4.5000	-120.0000
137.5500	-4.5035	-120.0000
137.6000	-4.5181	-120.0000
137.6500	-4.5338	-120.0000
137.6983	-4.5500	-120.0000
137.7000	-4.5506	-120.0000
137.7500	-4.5676	-120.0000
137.8000	-4.5856	-120.0000
137.8383	-4.6000	-120.0000
137.8500	-4.6043	-120.0000
137.9000	-4.6234	-120.0000
137.9500	-4.6434	-120.0000
137.9658	-4.6500	-120.0000
138.0000	-4.6639	-120.0000
138.0500	-4.6851	-120.0000
138.0837	-4.7000	-120.0000
138.1000	-4.7071	-120.0000
138.1500	-4.7295	-120.0000
138.1935	-4.7500	-120.0000
138.2000	-4.7530	-120.0000
138.2500	-4.7768	-120.0000
138.2968	-4.8000	-120.0000
138.3000	-4.8016	-120.0000
138.3500	-4.8265	-120.0000
138.3957	-4.8500	-120.0000
138.4000	-4.8522	-120.0000
138.4500	-4.8779	-120.0000
138.4925	-4.9000	-120.0000
138.5000	-4.9039	-120.0000
138.5500	-4.9294	-120.0000
138.5907	-4.9500	-120.0000
138.6000	-4.9547	-120.0000
138.6500	-4.9789	-120.0000
138.6950	-5.0000	-120.0000
138.7000	-5.0023	-120.0000
138.7500	-5.0240	-120.0000
138.8000	-5.0445	-120.0000
138.8147	-5.0500	-120.0000
138.8500	-5.0629	-120.0000
138.9000	-5.0794	-120.0000
138.9500	-5.0943	-120.0000
138.9719	-5.1000	-120.0000
139.0000	-5.1070	-120.0000
139.0500	-5.1179	-120.0000
139.1000	-5.1271	-120.0000
139.1500	-5.1347	-120.0000
139.2000	-5.1409	-120.0000
139.2500	-5.1458	-120.0000
139.3000	-5.1495	-120.0000
139.3101	-5.1500	-120.0000
139.3500	-5.1520	-120.0000
139.4000	-5.1536	-120.0000
139.4500	-5.1545	-120.0000
139.5000	-5.1546	-120.0000
139.5500	-5.1541	-120.0000
139.6000	-5.1531	-120.0000
139.6500	-5.1516	-120.0000
139.6910	-5.1500	-120.0000
139.7000	-5.1497	-120.0000
139.7500	-5.1474	-120.0000
139.8000	-5.1449	-120.0000
139.8500	-5.1422	-120.0000
139.9000	-5.1395	-120.0000
139.9500	-5.1369	-120.0000
140.0000	-5.1345	-120.0000
140.0500	-5.1325	-120.0000
140.1000	-5.1309	-120.0000
140.1500	-5.1299	-120.0000
> -100 contour -Z-100
132.8000	-2.4256	-100.0000
132.8500	-2.4419	-100.0000
132.8742	-2.4500	-100.0000
132.9000	-2.4584	-100.0000
132.9500	-2.4750	-100.0000
133.0000	-2.4922	-100.0000
133.0223	-2.5000	-100.0000
133.0500	-2.5094	-100.0000
133.1000	-2.5268	-100.0000
133.1500	-2.5447	-100.0000
133.1646	-2.5500	-100.0000
133.2000	-2.5625	-100.0000
133.2500	-2.5807	-100.0000
133.3000	-2.5994	-100.0000
133.3015	-2.6000	-100.0000
133.3500	-2.6181	-100.0000
133.4000	-2.6374	-100.0000
133.4315	-2.6500	-100.0000
133.4500	-2.6573	-100.0000
133.5000	-2.6776	-100.0000
133.5500	-2.6989	-100.0000
133.5524	-2.7000	-100.0000
133.6000	-2.7208	-100.0000
133.6500	-2.7439	-100.0000
133.6627	-2.7500	-100.0000
133.7000	-2.7680	-100.0000
133.7500	-2.7936	-100.0000
133.7621	-2.8000	-100.0000
133.8000	-2.8205	-100.0000
133.8500	-2.8492	-100.0000
133.8514	-2.8500	-100.0000
133.9000	-2.8794	-100.0000
133.9322	-2.9000	-100.0000
133.9500	-2.9116	-100.0000
134.0000	-2.9458	-100.0000
134.0060	-2.9500	-100.0000
134.0500	-2.9818	-100.0000
134.0741	-3.0000	-100.0000
134.1000	-3.0200	-100.0000
134.1376	-3.0500	-100.0000
134.1500	-3.0601	-100.0000
134.1976	-3.1000	-100.0000
134.2000	-3.1021	-100.0000
134.2500	-3.1457	-100.0000
134.2548	-3.1500	-100.0000
134.3000	-3.1910	-100.0000
134.3097	-3.2000	-100.0000
134.3500	-3.2377	-100.0000
134.3628	-3.2500	-100.0000
134.4000	-3.2858	-100.0000
134.4144	-3.3000	-100.0000
134.4500	-3.3352	-100.0000
134.4647	-3.3500	-100.0000
134.5000	-3.3857	-100.0000
134.5139	-3.4000	-100.0000
134.5500	-3.4373	-100.0000
134.5621	-3.4500	-100.0000
134.6000	-3.4899	-100.0000
134.6096	-3.5000	-100.0000
134.6500	-3.5431	-100.0000
134.6564	-3.5500	-100.0000
134.7000	-3.5969	-100.0000
134.7029	-3.6000	-100.0000
134.7492	-3.6500	-100.0000
134.7500	-3.6509	-100.0000
134.7958	-3.7000	-100.0000
134.8000	-3.7046	-100.0000
134.8429	-3.7500	-100.0000
134.8500	-3.7576	-100.0000
134.8912	-3.8000	-100.0000
134.9000	-3.8093	-100.0000
134.9409	-3.8500	-100.0000
134.9500	-3.8592	-100.0000
134.9929	-3.9000	-100.0000
135.0000	-3.9070	-100.0000
135.0476	-3.9500	-100.0000
135.0500	-3.9523	-100.0000
135.1000	-3.9951	-100.0000
135.1063	-4.0000	-100.0000
135.1500	-4.0354	-100.0000
135.1699	-4.0500	-100.0000
135.2000	-4.0730	-100.0000
135.2390	-4.1000	-100.0000
135.2500	-4.1079	-100.0000
135.3000	-4.1405	-100.0000
135.3163	-4.1500	-100.0000
135.3500	-4.1706	-100.0000
135.4000	-4.1978	-100.0000
135.4045	-4.2000	-100.0000
135.4500	-4.2227	-100.0000
135.5000	-4.2445	-100.0000
135.5147	-4.2500	-100.0000
135.5500	-4.2635	-100.0000
135.6000	-4.2794	-100.0000
135.6500	-4.2920	-100.0000
135.6917	-4.3000	-100.0000
135.7000	-4.3016	-100.0000
135.7500	-4.3080	-100.0000
135.8000	-4.3115	-100.0000
135.8500	-4.3123	-100.0000
135.9000	-4.3107	-100.0000
135.9500	-4.3070	-100.0000
136.0000	-4.3015	-100.0000
136.0109	-4.3000	-100.0000
136.0500	-4.2947	-100.0000
136.1000	-4.2868	-100.0000
136.1500	-4.2782	-100.0000
136.2000	-4.2693	-100.0000
136.2500	-4.2603	-100.0000
136.3000	-4.2515	-100.0000
136.3084	-4.2500	-100.0000
136.3500	-4.2429	-100.0000
136.4000	-4.2348	-100.0000
136.4500	-4.2274	-100.0000
136.5000	-4.2206	-100.0000
136.5500	-4.2146	-100.0000
136.6000	-4.2095	-100.0000
136.6500	-4.2053	-100.0000
136.7000	-4.2019	-100.0000
136.7368	-4.2000	-100.0000
136.7500	-4.1993	-100.0000
136.8000	-4.1976	-100.0000
136.8500	-4.1968	-100.0000
136.9000	-4.1968	-100.0000
136.9500	-4.1977	-100.0000
137.0000	-4.1995	-100.0000
137.0094	-4.2000	-100.0000
137.0500	-4.2021	-100.0000
137.1000	-4.2055	-100.0000
137.1500	-4.2097	-100.0000
137.2000	-4.2149	-100.0000
137.2500	-4.2210	-100.0000
137.3000	-4.2281	-100.0000
137.3500	-4.2361	-100.0000
137.4000	-4.2452	-100.0000
137.4240	-4.2500	-100.0000
137.4500	-4.2551	-100.0000
137.5000	-4.2657	-100.0000
137.5500	-4.2774	-100.0000
137.6000	-4.2900	-100.0000
137.6367	-4.3000	-100.0000
137.6500	-4.3035	-100.0000
137.7000	-4.3176	-100.0000
137.7500	-4.3325	-100.0000
137.8000	-4.3484	-100.0000
137.8047	-4.3500	-100.0000
137.8500	-4.3646	-100.0000
137.9000	-4.3816	-100.0000
137.9500	-4.3996	-100.0000
137.9510	-4.4000	-100.0000
138.0000	-4.4177	-100.0000
138.0500	-4.4368	-100.0000
138.0833	-4.4500	-100.0000
138.1000	-4.4565	-100.0000
138.1500	-4.4767	-100.0000
138.2000	-4.4979	-100.0000
138.2048	-4.5000	-100.0000
138.2500	-4.5193	-100.0000
138.3000	-4.5416	-100.0000
138.3183	-4.5500	-100.0000
138.3500	-4.5643	-100.0000
138.4000	-4.5875	-100.0000
138.4264	-4.6000	-100.0000
138.4500	-4.6110	-100.0000
138.5000	-4.6347	-100.0000
138.5320	-4.6500	-100.0000
138.5500	-4.6585	-100.0000
138.6000	-4.6820	-100.0000
138.6385	-4.7000	-100.0000
138.6500	-4.7053	-100.0000
138.7000	-4.7277	-100.0000
138.7500	-4.7497	-100.0000
138.7507	-4.7500	-100.0000
138.8000	-4.7703	-100.0000
138.8500	-4.7899	-100.0000
138.8774	-4.8000	-100.0000
138.9000	-4.8081	-100.0000
138.9500	-4.8248	-100.0000
139.0000	-4.8403	-100.0000
139.0344	-4.8500	-100.0000
139.0500	-4.8543	-100.0000
139.1000	-4.8667	-100.0000
139.1500	-4.8779	-100.0000
139.2000	-4.8879	-100.0000
139.2500	-4.8970	-100.0000
139.2686	-4.9000	-100.0000
139.3000	-4.9049	-100.0000
139.3500	-4.9118	-100.0000
139.4000	-4.9181	-100.0000
139.4500	-4.9237	-100.0000
139.5000	-4.9287	-100.0000
139.5500	-4.9332	-100.0000
139.6000	-4.9372	-100.0000
139.6500	-4.9407	-100.0000
139.7000	-4.9438	-100.0000
139.7500	-4.9464	-100.0000
139.8000	-4.9487	-100.0000
139.8346	-4.9500	-100.0000
139.8500	-4.9506	-100.0000
139.9000	-4.9521	-100.0000
139.9500	-4.9535	-100.0000
140.0000	-4.9547	-100.0000
140.0500	-4.9560	-100.0000
140.1000	-4.9573	-100.0000
140.1500	-4.9589	-100.0000
140.2000	-4.9608	-100.0000
140.2500	-4.9631	-100.0000
140.3000	-4.9660	-100.0000
140.3500	-4.9696	-100.0000
140.4000	-4.9739	-100.0000
140.4500	-4.9789	-100.0000
140.5000	-4.9848	-100.0000
140.5500	-4.9916	-100.0000
140.6000	-4.9993	-100.0000
140.6041	-5.0000	-100.0000
140.6500	-5.0074	-100.0000
140.7000	-5.0163	-100.0000
140.7500	-5.0258	-100.0000
140.8000	-5.0359	-100.0000
140.8500	-5.0465	-100.0000
140.8661	-5.0500	-100.0000
140.9000	-5.0571	-100.0000
140.9500	-5.0676	-100.0000
> -80 contour -Z-80
132.8500	-2.1891	-80.0000
132.8804	-2.2000	-80.0000
132.9000	-2.2067	-80.0000
132.9500	-2.2242	-80.0000
133.0000	-2.2424	-80.0000
133.0206	-2.2500	-80.0000
133.0500	-2.2604	-80.0000
133.1000	-2.2784	-80.0000
133.1500	-2.2969	-80.0000
133.1584	-2.3000	-80.0000
133.2000	-2.3148	-80.0000
133.2500	-2.3329	-80.0000
133.2964	-2.3500	-80.0000
133.3000	-2.3513	-80.0000
133.3500	-2.3690	-80.0000
133.4000	-2.3871	-80.0000
133.4350	-2.4000	-80.0000
133.4500	-2.4053	-80.0000
133.5000	-2.4232	-80.0000
133.5500	-2.4417	-80.0000
133.5720	-2.4500	-80.0000
133.6000	-2.4602	-80.0000
133.6500	-2.4790	-80.0000
133.7000	-2.4987	-80.0000
133.7031	-2.5000	-80.0000
133.7500	-2.5185	-80.0000
133.8000	-2.5395	-80.0000
133.8239	-2.5500	-80.0000
133.8500	-2.5614	-80.0000
133.9000	-2.5844	-80.0000
133.9316	-2.6000	-80.0000
133.9500	-2.6090	-80.0000
134.0000	-2.6351	-80.0000
134.0267	-2.6500	-80.0000
134.0500	-2.6631	-80.0000
134.1000	-2.6931	-80.0000
134.1108	-2.7000	-80.0000
134.1500	-2.7252	-80.0000
134.1859	-2.7500	-80.0000
134.2000	-2.7598	-80.0000
134.2500	-2.7970	-80.0000
134.2539	-2.8000	-80.0000
134.3000	-2.8364	-80.0000
134.3162	-2.8500	-80.0000
134.3500	-2.8786	-80.0000
134.3741	-2.9000	-80.0000
134.4000	-2.9233	-80.0000
134.4284	-2.9500	-80.0000
134.4500	-2.9705	-80.0000
134.4799	-3.0000	-80.0000
134.5000	-3.0199	-80.0000
134.5294	-3.0500	-80.0000
134.5500	-3.0712	-80.0000
134.5773	-3.1000	-80.0000
134.6000	-3.1239	-80.0000
134.6243	-3.1500	-80.0000
134.6500	-3.1776	-80.0000
134.6706	-3.2000	-80.0000
134.7000	-3.2317	-80.0000
134.7168	-3.2500	-80.0000
134.7500	-3.2857	-80.0000
134.7633	-3.3000	-80.0000
134.8000	-3.3389	-80.0000
134.8105	-3.3500	-80.0000
134.8500	-3.3909	-80.0000
134.8590	-3.4000	-80.0000
134.9000	-3.4411	-80.0000
134.9092	-3.4500	-80.0000
134.9500	-3.4889	-80.0000
134.9621	-3.5000	-80.0000
135.0000	-3.5341	-80.0000
135.0186	-3.5500	-80.0000
135.0500	-3.5764	-80.0000
135.0801	-3.6000	-80.0000
135.1000	-3.6155	-80.0000
135.1482	-3.6500	-80.0000
135.1500	-3.6513	-80.0000
135.2000	-3.6837	-80.0000
135.2277	-3.7000	-80.0000
135.2500	-3.7130	-80.0000
135.3000	-3.7393	-80.0000
135.3229	-3.7500	-80.0000
135.3500	-3.7627	-80.0000
135.4000	-3.7834	-80.0000
135.4455	-3.8000	-80.0000
135.4500	-3.8017	-80.0000
135.5000	-3.8178	-80.0000
135.5500	-3.8317	-80.0000
135.6000	-3.8436	-80.0000
135.6313	-3.8500	-80.0000
135.6500	-3.8539	-80.0000
135.7000	-3.8626	-80.0000
135.7500	-3.8699	-80.0000
135.8000	-3.8759	-80.0000
135.8500	-3.8807	-80.0000
135.9000	-3.8846	-80.0000
135.9500	-3.8877	-80.0000
136.0000	-3.8902	-80.0000
136.0500	-3.8922	-80.0000
136.1000	-3.8938	-80.0000
136.1500	-3.8951	-80.0000
136.2000	-3.8962	-80.0000
136.2500	-3.8972	-80.0000
136.3000	-3.8983	-80.0000
136.3500	-3.8993	-80.0000
136.3830	-3.9000	-80.0000
136.4000	-3.9004	-80.0000
136.4500	-3.9015	-80.0000
136.5000	-3.9028	-80.0000
136.5500	-3.9043	-80.0000
136.6000	-3.9059	-80.0000
136.6500	-3.9076	-80.0000
136.7000	-3.9096	-80.0000
136.7500	-3.9117	-80.0000
136.8000	-3.9141	-80.0000
136.8500	-3.9166	-80.0000
136.9000	-3.9194	-80.0000
136.9500	-3.9224	-80.0000
137.0000	-3.9257	-80.0000
137.0500	-3.9294	-80.0000
137.1000	-3.9333	-80.0000
137.1500	-3.9377	-80.0000
137.2000	-3.9425	-80.0000
137.2500	-3.9478	-80.0000
137.2691	-3.9500	-80.0000
137.3000	-3.9535	-80.0000
137.3500	-3.9597	-80.0000
137.4000	-3.9665	-80.0000
137.4500	-3.9741	-80.0000
137.5000	-3.9824	-80.0000
137.5500	-3.9914	-80.0000
137.5937	-4.0000	-80.0000
137.6000	-4.0012	-80.0000
137.6500	-4.0114	-80.0000
137.7000	-4.0224	-80.0000
137.7500	-4.0341	-80.0000
137.8000	-4.0466	-80.0000
137.8132	-4.0500	-80.0000
137.8500	-4.0595	-80.0000
137.9000	-4.0730	-80.0000
137.9500	-4.0874	-80.0000
137.9918	-4.1000	-80.0000
138.0000	-4.1025	-80.0000
138.0500	-4.1180	-80.0000
138.1000	-4.1343	-80.0000
138.1452	-4.1500	-80.0000
138.1500	-4.1516	-80.0000
138.2000	-4.1694	-80.0000
138.2500	-4.1882	-80.0000
138.2800	-4.2000	-80.0000
138.3000	-4.2078	-80.0000
138.3500	-4.2281	-80.0000
138.4000	-4.2495	-80.0000
138.4010	-4.2500	-80.0000
138.4500	-4.2713	-80.0000
138.5000	-4.2940	-80.0000
138.5128	-4.3000	-80.0000
138.5500	-4.3170	-80.0000
138.6000	-4.3405	-80.0000
138.6198	-4.3500	-80.0000
138.6500	-4.3641	-80.0000
138.7000	-4.3876	-80.0000
138.7263	-4.4000	-80.0000
138.7500	-4.4108	-80.0000
138.8000	-4.4334	-80.0000
138.8373	-4.4500	-80.0000
138.8500	-4.4554	-80.0000
138.9000	-4.4763	-80.0000
138.9500	-4.4964	-80.0000
138.9595	-4.5000	-80.0000
139.0000	-4.5150	-80.0000
139.0500	-4.5326	-80.0000
139.1000	-4.5493	-80.0000
139.1021	-4.5500	-80.0000
139.1500	-4.5646	-80.0000
139.2000	-4.5790	-80.0000
139.2500	-4.5927	-80.0000
139.2781	-4.6000	-80.0000
139.3000	-4.6055	-80.0000
139.3500	-4.6176	-80.0000
139.4000	-4.6292	-80.0000
139.4500	-4.6405	-80.0000
139.4933	-4.6500	-80.0000
139.5000	-4.6514	-80.0000
139.5500	-4.6617	-80.0000
139.6000	-4.6717	-80.0000
139.6500	-4.6814	-80.0000
139.7000	-4.6908	-80.0000
139.7500	-4.6998	-80.0000
139.7511	-4.7000	-80.0000
139.8000	-4.7080	-80.0000
139.8500	-4.7156	-80.0000
139.9000	-4.7228	-80.0000
139.9500	-4.7294	-80.0000
140.0000	-4.7356	-80.0000
140.0500	-4.7414	-80.0000
140.1000	-4.7468	-80.0000
140.1305	-4.7500	-80.0000
140.1500	-4.7519	-80.0000
140.2000	-4.7566	-80.0000
140.2500	-4.7612	-80.0000
140.3000	-4.7658	-80.0000
140.3500	-4.7705	-80.0000
140.4000	-4.7754	-80.0000
140.4500	-4.7806	-80.0000
140.5000	-4.7860	-80.0000
140.5500	-4.7918	-80.0000
140.6000	-4.7978	-80.0000
140.6172	-4.8000	-80.0000
140.6500	-4.8039	-80.0000
140.7000	-4.8101	-80.0000
140.7500	-4.8164	-80.0000
140.8000	-4.8229	-80.0000
140.8500	-4.8294	-80.0000
140.9000	-4.8358	-80.0000
140.9500	-4.8420	-80.0000
141.0000	-4.8480	-80.0000
141.0178	-4.8500	-80.0000
141.0500	-4.8535	-80.0000
141.1000	-4.8584	-80.0000
> -60 contour -Z-60
132.9500	-1.8221	-60.0000
133.0000	-1.8425	-60.0000
133.0178	-1.8500	-60.0000
133.0500	-1.8626	-60.0000
133.1000	-1.8828	-60.0000
133.1413	-1.9000	-60.0000
133.1500	-1.9034	-60.0000
133.2000	-1.9229	-60.0000
133.2500	-1.9431	-60.0000
133.2671	-1.9500	-60.0000
133.3000	-1.9624	-60.0000
133.3500	-1.9813	-60.0000
133.3985	-2.0000	-60.0000
133.4000	-2.0005	-60.0000
133.4500	-2.0181	-60.0000
133.5000	-2.0357	-60.0000
133.5405	-2.0500	-60.0000
133.5500	-2.0531	-60.0000
133.6000	-2.0693	-60.0000
133.6500	-2.0855	-60.0000
133.6943	-2.1000	-60.0000
133.7000	-2.1017	-60.0000
133.7500	-2.1170	-60.0000
133.8000	-2.1326	-60.0000
133.8500	-2.1489	-60.0000
133.8532	-2.1500	-60.0000
133.9000	-2.1648	-60.0000
133.9500	-2.1817	-60.0000
133.9996	-2.2000	-60.0000
134.0000	-2.2002	-60.0000
134.0500	-2.2188	-60.0000
134.1000	-2.2396	-60.0000
134.1228	-2.2500	-60.0000
134.1500	-2.2620	-60.0000
134.2000	-2.2865	-60.0000
134.2251	-2.3000	-60.0000
134.2500	-2.3132	-60.0000
134.3000	-2.3425	-60.0000
134.3118	-2.3500	-60.0000
134.3500	-2.3741	-60.0000
134.3871	-2.4000	-60.0000
134.4000	-2.4090	-60.0000
134.4500	-2.4468	-60.0000
134.4539	-2.4500	-60.0000
134.5000	-2.4875	-60.0000
134.5143	-2.5000	-60.0000
134.5500	-2.5316	-60.0000
134.5694	-2.5500	-60.0000
134.6000	-2.5794	-60.0000
134.6203	-2.6000	-60.0000
134.6500	-2.6308	-60.0000
134.6677	-2.6500	-60.0000
134.7000	-2.6859	-60.0000
134.7122	-2.7000	-60.0000
134.7500	-2.7448	-60.0000
134.7543	-2.7500	-60.0000
134.7947	-2.8000	-60.0000
134.8000	-2.8066	-60.0000
134.8342	-2.8500	-60.0000
134.8500	-2.8703	-60.0000
134.8729	-2.9000	-60.0000
134.9000	-2.9352	-60.0000
134.9114	-2.9500	-60.0000
134.9500	-2.9996	-60.0000
134.9503	-3.0000	-60.0000
134.9910	-3.0500	-60.0000
135.0000	-3.0607	-60.0000
135.0336	-3.1000	-60.0000
135.0500	-3.1183	-60.0000
135.0791	-3.1500	-60.0000
135.1000	-3.1716	-60.0000
135.1287	-3.2000	-60.0000
135.1500	-3.2199	-60.0000
135.1840	-3.2500	-60.0000
135.2000	-3.2633	-60.0000
135.2473	-3.3000	-60.0000
135.2500	-3.3020	-60.0000
135.3000	-3.3353	-60.0000
135.3241	-3.3500	-60.0000
135.3500	-3.3647	-60.0000
135.4000	-3.3903	-60.0000
135.4213	-3.4000	-60.0000
135.4500	-3.4122	-60.0000
135.5000	-3.4308	-60.0000
135.5500	-3.4470	-60.0000
135.5607	-3.4500	-60.0000
135.6000	-3.4602	-60.0000
135.6500	-3.4713	-60.0000
135.7000	-3.4807	-60.0000
135.7500	-3.4886	-60.0000
135.8000	-3.4951	-60.0000
135.8442	-3.5000	-60.0000
135.8500	-3.5006	-60.0000
135.9000	-3.5049	-60.0000
135.9500	-3.5084	-60.0000
136.0000	-3.5115	-60.0000
136.0500	-3.5141	-60.0000
136.1000	-3.5165	-60.0000
136.1500	-3.5186	-60.0000
136.2000	-3.5207	-60.0000
136.2500	-3.5226	-60.0000
136.3000	-3.5246	-60.0000
136.3500	-3.5265	-60.0000
136.4000	-3.5285	-60.0000
136.4500	-3.5305	-60.0000
136.5000	-3.5326	-60.0000
136.5500	-3.5347	-60.0000
136.6000	-3.5368	-60.0000
136.6500	-3.5390	-60.0000
136.7000	-3.5413	-60.0000
136.7500	-3.5436	-60.0000
136.8000	-3.5460	-60.0000
136.8500	-3.5485	-60.0000
136.8786	-3.5500	-60.0000
136.9000	-3.5510	-60.0000
136.9500	-3.5535	-60.0000
137.0000	-3.5562	-60.0000
137.0500	-3.5590	-60.0000
137.1000	-3.5621	-60.0000
137.1500	-3.5655	-60.0000
137.2000	-3.5693	-60.0000
137.2500	-3.5735	-60.0000
137.3000	-3.5783	-60.0000
137.3500	-3.5835	-60.0000
137.4000	-3.5894	-60.0000
137.4500	-3.5958	-60.0000
137.4793	-3.6000	-60.0000
137.5000	-3.6027	-60.0000
137.5500	-3.6099	-60.0000
137.6000	-3.6177	-60.0000
137.6500	-3.6261	-60.0000
137.7000	-3.6349	-60.0000
137.7500	-3.6442	-60.0000
137.7796	-3.6500	-60.0000
137.8000	-3.6538	-60.0000
137.8500	-3.6634	-60.0000
137.9000	-3.6735	-60.0000
137.9500	-3.6839	-60.0000
138.0000	-3.6948	-60.0000
138.0232	-3.7000	-60.0000
138.0500	-3.7058	-60.0000
138.1000	-3.7172	-60.0000
138.1500	-3.7291	-60.0000
138.2000	-3.7417	-60.0000
138.2309	-3.7500	-60.0000
138.2500	-3.7550	-60.0000
138.3000	-3.7688	-60.0000
138.3500	-3.7837	-60.0000
138.4000	-3.7998	-60.0000
138.4007	-3.8000	-60.0000
138.4500	-3.8166	-60.0000
138.5000	-3.8347	-60.0000
138.5388	-3.8500	-60.0000
138.5500	-3.8543	-60.0000
138.6000	-3.8750	-60.0000
138.6500	-3.8973	-60.0000
138.6558	-3.9000	-60.0000
138.7000	-3.9204	-60.0000
138.7500	-3.9451	-60.0000
138.7596	-3.9500	-60.0000
138.8000	-3.9704	-60.0000
138.8500	-3.9967	-60.0000
138.8562	-4.0000	-60.0000
138.9000	-4.0229	-60.0000
138.9500	-4.0497	-60.0000
138.9506	-4.0500	-60.0000
139.0000	-4.0755	-60.0000
139.0474	-4.1000	-60.0000
139.0500	-4.1013	-60.0000
139.1000	-4.1255	-60.0000
139.1500	-4.1494	-60.0000
139.1512	-4.1500	-60.0000
139.2000	-4.1714	-60.0000
139.2500	-4.1929	-60.0000
139.2669	-4.2000	-60.0000
139.3000	-4.2130	-60.0000
139.3500	-4.2322	-60.0000
139.3971	-4.2500	-60.0000
139.4000	-4.2510	-60.0000
139.4500	-4.2685	-60.0000
139.5000	-4.2858	-60.0000
139.5410	-4.3000	-60.0000
139.5500	-4.3029	-60.0000
139.6000	-4.3191	-60.0000
139.6500	-4.3353	-60.0000
139.6953	-4.3500	-60.0000
139.7000	-4.3514	-60.0000
139.7500	-4.3665	-60.0000
139.8000	-4.3814	-60.0000
139.8500	-4.3961	-60.0000
139.8637	-4.4000	-60.0000
139.9000	-4.4096	-60.0000
139.9500	-4.4224	-60.0000
140.0000	-4.4346	-60.0000
140.0500	-4.4462	-60.0000
140.0676	-4.4500	-60.0000
140.1000	-4.4565	-60.0000
140.1500	-4.4657	-60.0000
140.2000	-4.4743	-60.0000
140.2500	-4.4822	-60.0000
140.3000	-4.4893	-60.0000
140.3500	-4.4959	-60.0000
140.3849	-4.5000	-60.0000
140.4000	-4.5016	-60.0000
140.4500	-4.5065	-60.0000
140.5000	-4.5108	-60.0000
140.5500	-4.5146	-60.0000
140.6000	-4.5178	-60.0000
140.6500	-4.5204	-60.0000
140.7000	-4.5224	-60.0000
140.7500	-4.5238	-60.0000
140.8000	-4.5246	-60.0000
140.8500	-4.5248	-60.0000
140.9000	-4.5244	-60.0000
140.9500	-4.5236	-60.0000
141.0000	-4.5225	-60.0000
141.0500	-4.5212	-60.0000
141.1000	-4.5200	-60.0000
141.1500	-4.5189	-60.0000
141.2000	-4.5183	-60.0000
141.2500	-4.5181	-60.0000
141.3000	-4.5186	-60.0000
141.3500	-4.5196	-60.0000
141.4000	-4.5212	-60.0000
> -40 contour -Z-40
133.1768	-1.1000	-40.0000
133.2000	-1.1097	-40.0000
133.2500	-1.1304	-40.0000
133.2983	-1.1500	-40.0000
133.3000	-1.1507	-40.0000
133.3500	-1.1717	-40.0000
133.4000	-1.1922	-40.0000
133.4196	-1.2000	-40.0000
133.4500	-1.2126	-40.0000
133.5000	-1.2326	-40.0000
133.5458	-1.2500	-40.0000
133.5500	-1.2517	-40.0000
133.6000	-1.2704	-40.0000
133.6500	-1.2880	-40.0000
133.6868	-1.3000	-40.0000
133.7000	-1.3045	-40.0000
133.7500	-1.3201	-40.0000
133.8000	-1.3344	-40.0000
133.8500	-1.3474	-40.0000
133.8609	-1.3500	-40.0000
133.9000	-1.3596	-40.0000
133.9500	-1.3708	-40.0000
134.0000	-1.3811	-40.0000
134.0500	-1.3907	-40.0000
134.1000	-1.3997	-40.0000
134.1019	-1.4000	-40.0000
134.1500	-1.4086	-40.0000
134.2000	-1.4174	-40.0000
134.2500	-1.4262	-40.0000
134.3000	-1.4352	-40.0000
134.3500	-1.4447	-40.0000
134.3763	-1.4500	-40.0000
134.4000	-1.4550	-40.0000
134.4500	-1.4663	-40.0000
134.5000	-1.4785	-40.0000
134.5500	-1.4918	-40.0000
134.5788	-1.5000	-40.0000
134.6000	-1.5064	-40.0000
134.6500	-1.5227	-40.0000
134.7000	-1.5401	-40.0000
134.7267	-1.5500	-40.0000
134.7500	-1.5592	-40.0000
134.8000	-1.5798	-40.0000
134.8465	-1.6000	-40.0000
134.8500	-1.6016	-40.0000
134.9000	-1.6253	-40.0000
134.9500	-1.6497	-40.0000
134.9506	-1.6500	-40.0000
135.0000	-1.6759	-40.0000
135.0455	-1.7000	-40.0000
135.0500	-1.7025	-40.0000
135.1000	-1.7306	-40.0000
135.1348	-1.7500	-40.0000
135.1500	-1.7590	-40.0000
135.2000	-1.7880	-40.0000
135.2209	-1.8000	-40.0000
135.2500	-1.8175	-40.0000
135.3000	-1.8468	-40.0000
135.3057	-1.8500	-40.0000
135.3500	-1.8765	-40.0000
135.3907	-1.9000	-40.0000
135.4000	-1.9056	-40.0000
135.4500	-1.9347	-40.0000
135.4774	-1.9500	-40.0000
135.5000	-1.9631	-40.0000
135.5500	-1.9908	-40.0000
135.5674	-2.0000	-40.0000
135.6000	-2.0179	-40.0000
135.6500	-2.0438	-40.0000
135.6625	-2.0500	-40.0000
135.7000	-2.0692	-40.0000
135.7500	-2.0932	-40.0000
135.7649	-2.1000	-40.0000
135.8000	-2.1166	-40.0000
135.8500	-2.1387	-40.0000
135.8772	-2.1500	-40.0000
135.9000	-2.1599	-40.0000
135.9500	-2.1801	-40.0000
136.0000	-2.1990	-40.0000
136.0027	-2.2000	-40.0000
136.0500	-2.2176	-40.0000
136.1000	-2.2350	-40.0000
136.1461	-2.2500	-40.0000
136.1500	-2.2513	-40.0000
136.2000	-2.2674	-40.0000
136.2500	-2.2825	-40.0000
136.3000	-2.2966	-40.0000
136.3124	-2.3000	-40.0000
136.3500	-2.3105	-40.0000
136.4000	-2.3238	-40.0000
136.4500	-2.3365	-40.0000
136.5000	-2.3485	-40.0000
136.5066	-2.3500	-40.0000
136.5500	-2.3604	-40.0000
136.6000	-2.3720	-40.0000
136.6500	-2.3832	-40.0000
136.7000	-2.3940	-40.0000
136.7279	-2.4000	-40.0000
136.7500	-2.4049	-40.0000
136.8000	-2.4159	-40.0000
136.8500	-2.4269	-40.0000
136.9000	-2.4380	-40.0000
136.9500	-2.4496	-40.0000
136.9516	-2.4500	-40.0000
137.0000	-2.4619	-40.0000
137.0500	-2.4750	-40.0000
137.1000	-2.4889	-40.0000
137.1370	-2.5000	-40.0000
137.1500	-2.5039	-40.0000
137.2000	-2.5202	-40.0000
137.2500	-2.5376	-40.0000
137.2829	-2.5500	-40.0000
137.3000	-2.5563	-40.0000
137.3500	-2.5761	-40.0000
137.4000	-2.5968	-40.0000
137.4074	-2.6000	-40.0000
137.4500	-2.6180	-40.0000
137.5000	-2.6396	-40.0000
137.5239	-2.6500	-40.0000
137.5500	-2.6611	-40.0000
137.6000	-2.6822	-40.0000
137.6434	-2.7000	-40.0000
137.6500	-2.7026	-40.0000
137.7000	-2.7219	-40.0000
137.7500	-2.7401	-40.0000
137.7793	-2.7500	-40.0000
137.8000	-2.7569	-40.0000
137.8500	-2.7720	-40.0000
137.9000	-2.7856	-40.0000
137.9500	-2.7975	-40.0000
137.9622	-2.8000	-40.0000
138.0000	-2.8077	-40.0000
138.0500	-2.8163	-40.0000
138.1000	-2.8234	-40.0000
138.1500	-2.8292	-40.0000
138.2000	-2.8338	-40.0000
138.2500	-2.8374	-40.0000
138.3000	-2.8404	-40.0000
138.3500	-2.8430	-40.0000
138.4000	-2.8456	-40.0000
138.4500	-2.8486	-40.0000
138.4697	-2.8500	-40.0000
138.5000	-2.8522	-40.0000
138.5500	-2.8570	-40.0000
138.6000	-2.8630	-40.0000
138.6500	-2.8707	-40.0000
138.7000	-2.8801	-40.0000
138.7500	-2.8914	-40.0000
138.7828	-2.9000	-40.0000
138.8000	-2.9046	-40.0000
138.8500	-2.9198	-40.0000
138.9000	-2.9366	-40.0000
138.9372	-2.9500	-40.0000
138.9500	-2.9547	-40.0000
139.0000	-2.9743	-40.0000
139.0500	-2.9947	-40.0000
139.0628	-3.0000	-40.0000
139.1000	-3.0159	-40.0000
139.1500	-3.0375	-40.0000
139.1790	-3.0500	-40.0000
139.2000	-3.0593	-40.0000
139.2500	-3.0815	-40.0000
139.2925	-3.1000	-40.0000
139.3000	-3.1034	-40.0000
139.3500	-3.1259	-40.0000
139.4000	-3.1479	-40.0000
139.4048	-3.1500	-40.0000
139.4500	-3.1708	-40.0000
139.5000	-3.1935	-40.0000
139.5144	-3.2000	-40.0000
139.5500	-3.2172	-40.0000
139.6000	-3.2413	-40.0000
139.6181	-3.2500	-40.0000
139.6500	-3.2668	-40.0000
139.7000	-3.2933	-40.0000
139.7127	-3.3000	-40.0000
139.7500	-3.3219	-40.0000
139.7971	-3.3500	-40.0000
139.8000	-3.3520	-40.0000
139.8500	-3.3854	-40.0000
139.8717	-3.4000	-40.0000
139.9000	-3.4213	-40.0000
139.9376	-3.4500	-40.0000
139.9500	-3.4604	-40.0000
139.9970	-3.5000	-40.0000
140.0000	-3.5027	-40.0000
140.0500	-3.5471	-40.0000
140.0533	-3.5500	-40.0000
140.1000	-3.5913	-40.0000
140.1100	-3.6000	-40.0000
140.1500	-3.6328	-40.0000
140.1716	-3.6500	-40.0000
140.2000	-3.6701	-40.0000
140.2438	-3.7000	-40.0000
140.2500	-3.7036	-40.0000
140.3000	-3.7302	-40.0000
140.3398	-3.7500	-40.0000
140.3500	-3.7541	-40.0000
140.4000	-3.7722	-40.0000
140.4500	-3.7884	-40.0000
140.4907	-3.8000	-40.0000
140.5000	-3.8021	-40.0000
140.5500	-3.8120	-40.0000
140.6000	-3.8206	-40.0000
140.6500	-3.8279	-40.0000
140.7000	-3.8341	-40.0000
140.7500	-3.8392	-40.0000
140.8000	-3.8435	-40.0000
140.8500	-3.8468	-40.0000
140.9000	-3.8493	-40.0000
140.9203	-3.8500	-40.0000
140.9500	-3.8509	-40.0000
141.0000	-3.8518	-40.0000
141.0500	-3.8521	-40.0000
141.1000	-3.8518	-40.0000
141.1500	-3.8510	-40.0000
141.1836	-3.8500	-40.0000
141.2000	-3.8495	-40.0000
141.2500	-3.8473	-40.0000
141.3000	-3.8444	-40.0000
141.3500	-3.8407	-40.0000
141.4000	-3.8363	-40.0000
141.4500	-3.8311	-40.0000
141.5000	-3.8249	-40.0000
141.5500	-3.8179	-40.0000
141.6000	-3.8101	-40.0000
141.6500	-3.8016	-40.0000
141.6587	-3.8000	-40.0000
141.7000	-3.7922	-40.0000
141.7500	-3.7828	-40.0000
141.8000	-3.7737	-40.0000
141.8500	-3.7653	-40.0000
141.9000	-3.7581	-40.0000
141.9500	-3.7523	-40.0000
141.9766	-3.7500	-40.0000
142.0000	-3.7480	-40.0000
> -20 contour -Z-20
133.3500	-0.5880	-20.0000
133.3938	-0.6000	-20.0000
133.4000	-0.6017	-20.0000
133.4500	-0.6143	-20.0000
133.5000	-0.6262	-20.0000
133.5500	-0.6372	-20.0000
133.6000	-0.6474	-20.0000
133.6145	-0.6500	-20.0000
133.6500	-0.6563	-20.0000
133.7000	-0.6640	-20.0000
133.7500	-0.6707	-20.0000
133.8000	-0.6761	-20.0000
133.8500	-0.6804	-20.0000
133.9000	-0.6835	-20.0000
133.9500	-0.6854	-20.0000
134.0000	-0.6862	-20.0000
134.0500	-0.6860	-20.0000
134.1000	-0.6850	-20.0000
134.1500	-0.6832	-20.0000
134.2000	-0.6809	-20.0000
134.2500	-0.6782	-20.0000
134.3000	-0.6753	-20.0000
134.3500	-0.6725	-20.0000
134.4000	-0.6699	-20.0000
134.4500	-0.6678	-20.0000
134.5000	-0.6663	-20.0000
134.5500	-0.6657	-20.0000
134.6000	-0.6659	-20.0000
134.6500	-0.6673	-20.0000
134.7000	-0.6697	-20.0000
134.7500	-0.6734	-20.0000
134.8000	-0.6783	-20.0000
134.8500	-0.6844	-20.0000
134.9000	-0.6918	-20.0000
134.9482	-0.7000	-20.0000
134.9500	-0.7003	-20.0000
135.0000	-0.7098	-20.0000
135.0500	-0.7204	-20.0000
135.1000	-0.7319	-20.0000
135.1500	-0.7444	-20.0000
135.1710	-0.7500	-20.0000
135.2000	-0.7576	-20.0000
135.2500	-0.7716	-20.0000
135.3000	-0.7862	-20.0000
135.3455	-0.8000	-20.0000
135.3500	-0.8014	-20.0000
135.4000	-0.8169	-20.0000
135.4500	-0.8329	-20.0000
135.5000	-0.8493	-20.0000
135.5021	-0.8500	-20.0000
135.5500	-0.8659	-20.0000
135.6000	-0.8827	-20.0000
135.6500	-0.8997	-20.0000
135.6509	-0.9000	-20.0000
135.7000	-0.9168	-20.0000
135.7500	-0.9340	-20.0000
135.7962	-0.9500	-20.0000
135.8000	-0.9513	-20.0000
135.8500	-0.9686	-20.0000
135.9000	-0.9859	-20.0000
135.9406	-1.0000	-20.0000
135.9500	-1.0033	-20.0000
136.0000	-1.0205	-20.0000
136.0500	-1.0375	-20.0000
136.0869	-1.0500	-20.0000
136.1000	-1.0544	-20.0000
136.1500	-1.0710	-20.0000
136.2000	-1.0871	-20.0000
136.2412	-1.1000	-20.0000
136.2500	-1.1027	-20.0000
136.3000	-1.1177	-20.0000
136.3500	-1.1318	-20.0000
136.4000	-1.1451	-20.0000
136.4197	-1.1500	-20.0000
136.4500	-1.1574	-20.0000
136.5000	-1.1687	-20.0000
136.5500	-1.1788	-20.0000
136.6000	-1.1877	-20.0000
136.6500	-1.1956	-20.0000
136.6828	-1.2000	-20.0000
136.7000	-1.2023	-20.0000
136.7500	-1.2079	-20.0000
136.8000	-1.2124	-20.0000
136.8500	-1.2161	-20.0000
136.9000	-1.2188	-20.0000
136.9500	-1.2209	-20.0000
137.0000	-1.2222	-20.0000
137.0500	-1.2230	-20.0000
137.1000	-1.2234	-20.0000
137.1500	-1.2235	-20.0000
137.2000	-1.2235	-20.0000
137.2500	-1.2233	-20.0000
137.3000	-1.2232	-20.0000
137.3500	-1.2233	-20.0000
137.4000	-1.2236	-20.0000
137.4500	-1.2244	-20.0000
137.5000	-1.2256	-20.0000
137.5500	-1.2274	-20.0000
137.6000	-1.2299	-20.0000
137.6500	-1.2331	-20.0000
137.7000	-1.2372	-20.0000
137.7500	-1.2421	-20.0000
137.8000	-1.2480	-20.0000
137.8149	-1.2500	-20.0000
137.8500	-1.2548	-20.0000
137.9000	-1.2626	-20.0000
137.9500	-1.2714	-20.0000
138.0000	-1.2812	-20.0000
138.0500	-1.2920	-20.0000
138.0844	-1.3000	-20.0000
138.1000	-1.3037	-20.0000
138.1500	-1.3163	-20.0000
138.2000	-1.3297	-20.0000
138.2500	-1.3439	-20.0000
138.2707	-1.3500	-20.0000
138.3000	-1.3588	-20.0000
138.3500	-1.3743	-20.0000
138.4000	-1.3904	-20.0000
138.4290	-1.4000	-20.0000
138.4500	-1.4071	-20.0000
138.5000	-1.4242	-20.0000
138.5500	-1.4418	-20.0000
138.5727	-1.4500	-20.0000
138.6000	-1.4599	-20.0000
138.6500	-1.4785	-20.0000
138.7000	-1.4976	-20.0000
138.7062	-1.5000	-20.0000
138.7500	-1.5172	-20.0000
138.8000	-1.5374	-20.0000
138.8303	-1.5500	-20.0000
138.8500	-1.5583	-20.0000
138.9000	-1.5798	-20.0000
138.9453	-1.6000	-20.0000
138.9500	-1.6021	-20.0000
139.0000	-1.6253	-20.0000
139.0500	-1.6492	-20.0000
139.0516	-1.6500	-20.0000
139.1000	-1.6742	-20.0000
139.1499	-1.7000	-20.0000
139.1500	-1.7001	-20.0000
139.2000	-1.7270	-20.0000
139.2417	-1.7500	-20.0000
139.2500	-1.7547	-20.0000
139.3000	-1.7833	-20.0000
139.3287	-1.8000	-20.0000
139.3500	-1.8126	-20.0000
139.4000	-1.8425	-20.0000
139.4126	-1.8500	-20.0000
139.4500	-1.8726	-20.0000
139.4955	-1.9000	-20.0000
139.5000	-1.9027	-20.0000
139.5500	-1.9326	-20.0000
139.5798	-1.9500	-20.0000
139.6000	-1.9618	-20.0000
139.6500	-1.9901	-20.0000
139.6682	-2.0000	-20.0000
139.7000	-2.0172	-20.0000
139.7500	-2.0429	-20.0000
139.7646	-2.0500	-20.0000
139.8000	-2.0670	-20.0000
139.8500	-2.0896	-20.0000
139.8746	-2.1000	-20.0000
139.9000	-2.1106	-20.0000
139.9500	-2.1301	-20.0000
140.0000	-2.1482	-20.0000
140.0051	-2.1500	-20.0000
140.0500	-2.1651	-20.0000
140.1000	-2.1809	-20.0000
140.1500	-2.1958	-20.0000
140.1645	-2.2000	-20.0000
140.2000	-2.2100	-20.0000
140.2500	-2.2237	-20.0000
140.3000	-2.2370	-20.0000
140.3494	-2.2500	-20.0000
140.3500	-2.2501	-20.0000
140.4000	-2.2630	-20.0000
140.4500	-2.2758	-20.0000
140.5000	-2.2887	-20.0000
140.5435	-2.3000	-20.0000
140.5500	-2.3017	-20.0000
140.6000	-2.3146	-20.0000
140.6500	-2.3276	-20.0000
140.7000	-2.3408	-20.0000
140.7344	-2.3500	-20.0000
140.7500	-2.3541	-20.0000
140.8000	-2.3674	-20.0000
140.8500	-2.3809	-20.0000
140.9000	-2.3946	-20.0000
140.9194	-2.4000	-20.0000
140.9500	-2.4084	-20.0000
141.0000	-2.4224	-20.0000
141.0500	-2.4368	-20.0000
141.0949	-2.4500	-20.0000
141.1000	-2.4515	-20.0000
141.1500	-2.4666	-20.0000
141.2000	-2.4822	-20.0000
141.2500	-2.4983	-20.0000
141.2549	-2.5000	-20.0000
141.3000	-2.5152	-20.0000
141.3500	-2.5326	-20.0000
141.3976	-2.5500	-20.0000
141.4000	-2.5509	-20.0000
141.4500	-2.5699	-20.0000
141.5000	-2.5896	-20.0000
141.5255	-2.6000	-20.0000
141.5500	-2.6100	-20.0000
141.6000	-2.6312	-20.0000
141.6433	-2.6500	-20.0000
141.6500	-2.6529	-20.0000
141.7000	-2.6752	-20.0000
141.7500	-2.6980	-20.0000
141.7544	-2.7000	-20.0000
141.8000	-2.7211	-20.0000
141.8500	-2.7445	-20.0000
141.8615	-2.7500	-20.0000
141.9000	-2.7682	-20.0000
141.9500	-2.7921	-20.0000
141.9664	-2.8000	-20.0000
142.0000	-2.8161	-20.0000
142.0500	-2.8403	-20.0000
142.0699	-2.8500	-20.0000
142.1000	-2.8645	-20.0000
142.1500	-2.8889	-20.0000
142.1726	-2.9000	-20.0000
142.2000	-2.9133	-20.0000
142.2500	-2.9376	-20.0000
142.2756	-2.9500	-20.0000
142.3000	-2.9617	-20.0000
142.3500	-2.9854	-20.0000
142.3813	-3.0000	-20.0000
142.4000	-3.0086	-20.0000
142.4500	-3.0308	-20.0000
142.4950	-3.0500	-20.0000
142.5000	-3.0521	-20.0000
