> 20 contour -Z20
166.4200	-45.4816	20.0000
166.4400	-45.4943	20.0000
166.4497	-45.5000	20.0000
166.4600	-45.5071	20.0000
166.4800	-45.5197	20.0000
166.4806	-45.5200	20.0000
166.5000	-45.5325	20.0000
166.5128	-45.5400	20.0000
166.5200	-45.5449	20.0000
166.5400	-45.5570	20.0000
166.5458	-45.5600	20.0000
166.5600	-45.5687	20.0000
166.5800	-45.5792	20.0000
166.5820	-45.5800	20.0000
166.6000	-45.5891	20.0000
166.6200	-45.5970	20.0000
166.6302	-45.6000	20.0000
166.6400	-45.6034	20.0000
166.6600	-45.6080	20.0000
166.6800	-45.6106	20.0000
166.7000	-45.6118	20.0000
166.7200	-45.6123	20.0000
166.7400	-45.6127	20.0000
166.7600	-45.6135	20.0000
166.7800	-45.6148	20.0000
166.8000	-45.6167	20.0000
166.8200	-45.6192	20.0000
166.8250	-45.6200	20.0000
166.8400	-45.6225	20.0000
166.8600	-45.6262	20.0000
166.8800	-45.6300	20.0000
166.9000	-45.6336	20.0000
166.9200	-45.6369	20.0000
166.9400	-45.6398	20.0000
166.9417	-45.6400	20.0000
166.9600	-45.6424	20.0000
166.9800	-45.6442	20.0000
167.0000	-45.6449	20.0000
167.0200	-45.6446	20.0000
167.0400	-45.6429	20.0000
167.0586	-45.6400	20.0000
167.0600	-45.6398	20.0000
167.0800	-45.6355	20.0000
167.1000	-45.6295	20.0000
167.1200	-45.6220	20.0000
167.1245	-45.6200	20.0000
167.1400	-45.6134	20.0000
167.1600	-45.6037	20.0000
167.1669	-45.6000	20.0000
167.1800	-45.5932	20.0000
167.2000	-45.5825	20.0000
167.2047	-45.5800	20.0000
167.2200	-45.5718	20.0000
167.2400	-45.5616	20.0000
167.2433	-45.5600	20.0000
167.2600	-45.5519	20.0000
167.2800	-45.5431	20.0000
167.2879	-45.5400	20.0000
167.3000	-45.5352	20.0000
167.3200	-45.5282	20.0000
167.3400	-45.5223	20.0000
167.3489	-45.5200	20.0000
167.3600	-45.5171	20.0000
167.3800	-45.5125	20.0000
167.4000	-45.5085	20.0000
167.4200	-45.5049	20.0000
167.4400	-45.5015	20.0000
167.4478	-45.5000	20.0000
167.4600	-45.4974	20.0000
167.4800	-45.4920	20.0000
167.5000	-45.4846	20.0000
167.5085	-45.4800	20.0000
167.5200	-45.4726	20.0000
167.5332	-45.4600	20.0000
167.5400	-45.4526	20.0000
167.5483	-45.4400	20.0000
167.5600	-45.4225	20.0000
167.5613	-45.4200	20.0000
167.5723	-45.4000	20.0000
167.5800	-45.3884	20.0000
167.5848	-45.3800	20.0000
167.5993	-45.3600	20.0000
167.6000	-45.3591	20.0000
167.6158	-45.3400	20.0000
167.6200	-45.3358	20.0000
167.6372	-45.3200	20.0000
167.6400	-45.3178	20.0000
167.6600	-45.3036	20.0000
167.6660	-45.3000	20.0000
167.6800	-45.2924	20.0000
167.7000	-45.2839	20.0000
> 20 contour -Z20
167.6863	-45.8600	20.0000
167.6800	-45.8498	20.0000
167.6747	-45.8400	20.0000
167.6645	-45.8200	20.0000
167.6600	-45.8109	20.0000
167.6555	-45.8000	20.0000
167.6477	-45.7800	20.0000
167.6413	-45.7600	20.0000
167.6400	-45.7566	20.0000
167.6200	-45.7590	20.0000
167.6190	-45.7600	20.0000
167.6190	-45.7800	20.0000
167.6190	-45.8000	20.0000
167.6190	-45.8200	20.0000
167.6191	-45.8400	20.0000
167.6000	-45.8589	20.0000
167.5989	-45.8600	20.0000
167.5990	-45.8800	20.0000
167.5800	-45.8989	20.0000
167.5789	-45.9000	20.0000
167.5600	-45.9190	20.0000
167.5400	-45.9189	20.0000
167.5200	-45.9189	20.0000
167.5189	-45.9200	20.0000
167.5000	-45.9391	20.0000
167.4800	-45.9390	20.0000
167.4600	-45.9390	20.0000
167.4400	-45.9391	20.0000
167.4200	-45.9391	20.0000
167.4011	-45.9200	20.0000
167.4000	-45.9189	20.0000
167.3800	-45.9189	20.0000
167.3600	-45.9190	20.0000
167.3400	-45.9190	20.0000
167.3210	-45.9000	20.0000
167.3200	-45.8989	20.0000
167.3011	-45.8800	20.0000
167.3000	-45.8789	20.0000
167.2810	-45.8600	20.0000
167.2811	-45.8400	20.0000
167.2811	-45.8200	20.0000
167.2811	-45.8000	20.0000
167.2810	-45.7800	20.0000
167.3000	-45.7611	20.0000
167.3011	-45.7600	20.0000
167.3010	-45.7400	20.0000
167.3200	-45.7211	20.0000
167.3211	-45.7200	20.0000
167.3400	-45.7011	20.0000
167.3411	-45.7000	20.0000
167.3600	-45.6811	20.0000
167.3611	-45.6800	20.0000
167.3800	-45.6610	20.0000
167.3810	-45.6600	20.0000
167.4000	-45.6410	20.0000
167.4200	-45.6411	20.0000
167.4210	-45.6400	20.0000
167.4400	-45.6210	20.0000
167.4600	-45.6211	20.0000
167.4611	-45.6200	20.0000
167.4800	-45.6009	20.0000
167.5000	-45.6011	20.0000
167.5011	-45.6000	20.0000
167.5200	-45.5810	20.0000
167.5210	-45.5800	20.0000
167.5400	-45.5609	20.0000
167.5409	-45.5600	20.0000
167.5600	-45.5409	20.0000
167.5609	-45.5400	20.0000
> 20 contour -Z20
166.2600	-45.6990	20.0000
166.2789	-45.6800	20.0000
166.2800	-45.6789	20.0000
166.2989	-45.6600	20.0000
166.3000	-45.6589	20.0000
166.3189	-45.6400	20.0000
166.3200	-45.6389	20.0000
166.3390	-45.6200	20.0000
166.3390	-45.6000	20.0000
> 20 contour -Z20
166.2000	-45.7458	20.0000
166.2200	-45.7532	20.0000
166.2395	-45.7600	20.0000
166.2400	-45.7602	20.0000
166.2600	-45.7675	20.0000
166.2800	-45.7743	20.0000
166.2979	-45.7800	20.0000
166.3000	-45.7808	20.0000
166.3200	-45.7870	20.0000
166.3400	-45.7928	20.0000
166.3600	-45.7981	20.0000
166.3688	-45.8000	20.0000
166.3800	-45.8027	20.0000
166.4000	-45.8066	20.0000
166.4200	-45.8096	20.0000
166.4400	-45.8115	20.0000
166.4600	-45.8122	20.0000
166.4800	-45.8116	20.0000
166.5000	-45.8095	20.0000
166.5200	-45.8059	20.0000
166.5400	-45.8010	20.0000
166.5437	-45.8000	20.0000
166.5600	-45.7947	20.0000
166.5800	-45.7878	20.0000
166.6000	-45.7812	20.0000
166.6044	-45.7800	20.0000
166.6200	-45.7749	20.0000
166.6400	-45.7705	20.0000
166.6600	-45.7689	20.0000
166.6800	-45.7702	20.0000
166.7000	-45.7747	20.0000
166.7138	-45.7800	20.0000
166.7200	-45.7820	20.0000
166.7400	-45.7911	20.0000
166.7550	-45.8000	20.0000
166.7600	-45.8027	20.0000
166.7800	-45.8155	20.0000
166.7860	-45.8200	20.0000
166.8000	-45.8299	20.0000
166.8127	-45.8400	20.0000
166.8200	-45.8458	20.0000
166.8363	-45.8600	20.0000
166.8400	-45.8633	20.0000
166.8575	-45.8800	20.0000
166.8600	-45.8825	20.0000
166.8765	-45.9000	20.0000
166.8800	-45.9040	20.0000
166.8936	-45.9200	20.0000
166.9000	-45.9284	20.0000
166.9089	-45.9400	20.0000
166.9200	-45.9563	20.0000
166.9225	-45.9600	20.0000
166.9349	-45.9800	20.0000
166.9400	-45.9893	20.0000
166.9461	-46.0000	20.0000
166.9564	-46.0200	20.0000
166.9600	-46.0278	20.0000
166.9661	-46.0400	20.0000
166.9756	-46.0600	20.0000
166.9800	-46.0696	20.0000
166.9855	-46.0800	20.0000
166.9967	-46.1000	20.0000
167.0000	-46.1054	20.0000
167.0113	-46.1200	20.0000
167.0200	-46.1294	20.0000
167.0343	-46.1400	20.0000
167.0400	-46.1436	20.0000
167.0600	-46.1518	20.0000
167.0800	-46.1558	20.0000
167.1000	-46.1569	20.0000
167.1200	-46.1555	20.0000
167.1400	-46.1522	20.0000
167.1600	-46.1469	20.0000
167.1789	-46.1400	20.0000
167.1800	-46.1396	20.0000
167.2000	-46.1308	20.0000
> 20 contour -Z20
166.4400	-46.4543	20.0000
166.4600	-46.4505	20.0000
166.4800	-46.4499	20.0000
166.5000	-46.4545	20.0000
166.5090	-46.4600	20.0000
166.5200	-46.4725	20.0000
166.5238	-46.4800	20.0000
166.5286	-46.5000	20.0000
166.5301	-46.5200	20.0000
166.5298	-46.5400	20.0000
166.5286	-46.5600	20.0000
166.5269	-46.5800	20.0000
166.5251	-46.6000	20.0000
166.5233	-46.6200	20.0000
166.5218	-46.6400	20.0000
166.5207	-46.6600	20.0000
166.5200	-46.6785	20.0000
166.5199	-46.6800	20.0000
166.5197	-46.7000	20.0000
166.5200	-46.7172	20.0000
166.5200	-46.7200	20.0000
166.5209	-46.7400	20.0000
166.5224	-46.7600	20.0000
166.5243	-46.7800	20.0000
166.5268	-46.8000	20.0000
166.5297	-46.8200	20.0000
166.5329	-46.8400	20.0000
166.5362	-46.8600	20.0000
166.5394	-46.8800	20.0000
166.5400	-46.8849	20.0000
166.5419	-46.9000	20.0000
166.5434	-46.9200	20.0000
166.5434	-46.9400	20.0000
166.5410	-46.9600	20.0000
166.5400	-46.9633	20.0000
166.5333	-46.9800	20.0000
166.5200	-46.9966	20.0000
166.5156	-47.0000	20.0000
166.5000	-47.0078	20.0000
166.4800	-47.0128	20.0000
166.4600	-47.0143	20.0000
166.4400	-47.0134	20.0000
166.4200	-47.0107	20.0000
166.4000	-47.0068	20.0000
166.3800	-47.0020	20.0000
166.3732	-47.0000	20.0000
166.3600	-46.9959	20.0000
166.3400	-46.9890	20.0000
166.3200	-46.9816	20.0000
166.3161	-46.9800	20.0000
166.3000	-46.9730	20.0000
166.2800	-46.9639	20.0000
166.2720	-46.9600	20.0000
166.2600	-46.9537	20.0000
166.2400	-46.9426	20.0000
166.2355	-46.9400	20.0000
166.2200	-46.9299	20.0000
166.2054	-46.9200	20.0000
166.2000	-46.9157	20.0000
166.1813	-46.9000	20.0000
166.1800	-46.8987	20.0000
166.1631	-46.8800	20.0000
166.1600	-46.8753	20.0000
166.1507	-46.8600	20.0000
166.1434	-46.8400	20.0000
166.1406	-46.8200	20.0000
166.1416	-46.8000	20.0000
166.1457	-46.7800	20.0000
166.1520	-46.7600	20.0000
166.1598	-46.7400	20.0000
166.1600	-46.7396	20.0000
166.1694	-46.7200	20.0000
166.1796	-46.7000	20.0000
166.1800	-46.6992	20.0000
166.1911	-46.6800	20.0000
166.2000	-46.6650	20.0000
166.2031	-46.6600	20.0000
166.2161	-46.6400	20.0000
166.2200	-46.6342	20.0000
166.2300	-46.6200	20.0000
166.2400	-46.6063	20.0000
166.2448	-46.6000	20.0000
166.2600	-46.5808	20.0000
166.2606	-46.5800	20.0000
166.2785	-46.5600	20.0000
166.2800	-46.5583	20.0000
166.2983	-46.5400	20.0000
166.3000	-46.5383	20.0000
166.3200	-46.5203	20.0000
166.3204	-46.5200	20.0000
166.3400	-46.5048	20.0000
166.3468	-46.5000	20.0000
166.3600	-46.4911	20.0000
166.3779	-46.4800	20.0000
166.3800	-46.4788	20.0000
166.4000	-46.4689	20.0000
166.4200	-46.4602	20.0000
166.4206	-46.4600	20.0000
166.4400	-46.4543	20.0000
> 20 contour -Z20
165.0000	-46.6879	20.0000
165.0200	-46.6891	20.0000
165.0400	-46.6906	20.0000
165.0600	-46.6923	20.0000
165.0800	-46.6942	20.0000
165.1000	-46.6964	20.0000
165.1200	-46.6989	20.0000
165.1277	-46.7000	20.0000
165.1400	-46.7019	20.0000
165.1600	-46.7052	20.0000
165.1800	-46.7088	20.0000
165.2000	-46.7128	20.0000
165.2200	-46.7171	20.0000
165.2330	-46.7200	20.0000
165.2400	-46.7218	20.0000
165.2600	-46.7271	20.0000
165.2800	-46.7328	20.0000
165.3000	-46.7388	20.0000
165.3041	-46.7400	20.0000
165.3200	-46.7456	20.0000
165.3400	-46.7529	20.0000
165.3588	-46.7600	20.0000
165.3600	-46.7606	20.0000
165.3800	-46.7697	20.0000
165.4000	-46.7790	20.0000
165.4022	-46.7800	20.0000
165.4200	-46.7905	20.0000
165.4361	-46.8000	20.0000
165.4400	-46.8031	20.0000
165.4600	-46.8192	20.0000
165.4610	-46.8200	20.0000
165.4769	-46.8400	20.0000
165.4800	-46.8495	20.0000
165.4834	-46.8600	20.0000
165.4806	-46.8800	20.0000
165.4800	-46.8811	20.0000
165.4694	-46.9000	20.0000
165.4600	-46.9100	20.0000
165.4512	-46.9200	20.0000
165.4400	-46.9293	20.0000
165.4282	-46.9400	20.0000
165.4200	-46.9460	20.0000
165.4026	-46.9600	20.0000
165.4000	-46.9618	20.0000
165.3800	-46.9769	20.0000
165.3763	-46.9800	20.0000
165.3600	-46.9922	20.0000
165.3506	-47.0000	20.0000
165.3400	-47.0082	20.0000
165.3261	-47.0200	20.0000
165.3200	-47.0250	20.0000
165.3034	-47.0400	20.0000
165.3000	-47.0431	20.0000
165.2826	-47.0600	20.0000
165.2800	-47.0626	20.0000
165.2637	-47.0800	20.0000
165.2600	-47.0841	20.0000
165.2466	-47.1000	20.0000
165.2400	-47.1083	20.0000
165.2313	-47.1200	20.0000
165.2200	-47.1363	20.0000
165.2175	-47.1400	20.0000
165.2053	-47.1600	20.0000
165.2000	-47.1694	20.0000
165.1943	-47.1800	20.0000
165.1846	-47.2000	20.0000
165.1800	-47.2106	20.0000
165.1760	-47.2200	20.0000
165.1683	-47.2400	20.0000
165.1614	-47.2600	20.0000
165.1600	-47.2645	20.0000
165.1552	-47.2800	20.0000
165.1496	-47.3000	20.0000
165.1445	-47.3200	20.0000
165.1400	-47.3393	20.0000
165.1398	-47.3400	20.0000
165.1353	-47.3600	20.0000
165.1309	-47.3800	20.0000
165.1266	-47.4000	20.0000
165.1223	-47.4200	20.0000
165.1200	-47.4303	20.0000
165.1177	-47.4400	20.0000
165.1128	-47.4600	20.0000
165.1074	-47.4800	20.0000
165.1015	-47.5000	20.0000
165.1000	-47.5047	20.0000
165.0947	-47.5200	20.0000
165.0868	-47.5400	20.0000
165.0800	-47.5554	20.0000
165.0777	-47.5600	20.0000
165.0667	-47.5800	20.0000
165.0600	-47.5907	20.0000
165.0534	-47.6000	20.0000
165.0400	-47.6165	20.0000
165.0367	-47.6200	20.0000
165.0200	-47.6358	20.0000
165.0146	-47.6400	20.0000
165.0000	-47.6503	20.0000
164.9823	-47.6600	20.0000
164.9800	-47.6612	20.0000
164.9600	-47.6691	20.0000
164.9400	-47.6746	20.0000
164.9200	-47.6781	20.0000
164.9000	-47.6799	20.0000
164.8904	-47.6800	20.0000
164.8800	-47.6801	20.0000
164.8777	-47.6800	20.0000
164.8600	-47.6791	20.0000
164.8400	-47.6768	20.0000
164.8200	-47.6735	20.0000
164.8000	-47.6693	20.0000
164.7800	-47.6642	20.0000
164.7658	-47.6600	20.0000
164.7600	-47.6584	20.0000
164.7400	-47.6518	20.0000
164.7200	-47.6447	20.0000
164.7080	-47.6400	20.0000
164.7000	-47.6370	20.0000
164.6800	-47.6288	20.0000
164.6600	-47.6201	20.0000
164.6597	-47.6200	20.0000
164.6400	-47.6112	20.0000
164.6200	-47.6019	20.0000
164.6162	-47.6000	20.0000
164.6000	-47.5924	20.0000
> 20 contour -Z20
164.2000	-48.6413	20.0000
164.2157	-48.6600	20.0000
164.2200	-48.6650	20.0000
164.2335	-48.6800	20.0000
164.2400	-48.6871	20.0000
164.2524	-48.7000	20.0000
164.2600	-48.7077	20.0000
164.2726	-48.7200	20.0000
164.2800	-48.7270	20.0000
164.2943	-48.7400	20.0000
164.3000	-48.7451	20.0000
164.3175	-48.7600	20.0000
164.3200	-48.7620	20.0000
164.3400	-48.7779	20.0000
164.3428	-48.7800	20.0000
164.3600	-48.7927	20.0000
164.3703	-48.8000	20.0000
164.3800	-48.8067	20.0000
164.4000	-48.8198	20.0000
164.4003	-48.8200	20.0000
164.4200	-48.8320	20.0000
164.4337	-48.8400	20.0000
164.4400	-48.8436	20.0000
164.4600	-48.8544	20.0000
164.4708	-48.8600	20.0000
164.4800	-48.8646	20.0000
164.5000	-48.8742	20.0000
164.5126	-48.8800	20.0000
164.5200	-48.8833	20.0000
164.5400	-48.8918	20.0000
164.5599	-48.9000	20.0000
164.5600	-48.9000	20.0000
164.5800	-48.9077	20.0000
164.6000	-48.9150	20.0000
164.6139	-48.9200	20.0000
164.6200	-48.9221	20.0000
164.6400	-48.9287	20.0000
164.6600	-48.9352	20.0000
164.6753	-48.9400	20.0000
164.6800	-48.9414	20.0000
164.7000	-48.9473	20.0000
164.7200	-48.9530	20.0000
164.7400	-48.9587	20.0000
164.7448	-48.9600	20.0000
164.7600	-48.9640	20.0000
164.7800	-48.9691	20.0000
164.8000	-48.9741	20.0000
164.8200	-48.9789	20.0000
164.8245	-48.9800	20.0000
164.8400	-48.9835	20.0000
164.8600	-48.9878	20.0000
164.8800	-48.9919	20.0000
164.9000	-48.9958	20.0000
164.9200	-48.9994	20.0000
164.9236	-49.0000	20.0000
164.9400	-49.0026	20.0000
164.9600	-49.0054	20.0000
164.9800	-49.0078	20.0000
165.0000	-49.0099	20.0000
165.0200	-49.0114	20.0000
165.0400	-49.0124	20.0000
165.0600	-49.0128	20.0000
165.0800	-49.0125	20.0000
165.1000	-49.0115	20.0000
165.1200	-49.0098	20.0000
165.1400	-49.0072	20.0000
165.1600	-49.0038	20.0000
165.1773	-49.0000	20.0000
165.1800	-48.9994	20.0000
165.2000	-48.9937	20.0000
165.2200	-48.9870	20.0000
165.2383	-48.9800	20.0000
165.2400	-48.9793	20.0000
165.2600	-48.9700	20.0000
165.2796	-48.9600	20.0000
165.2800	-48.9598	20.0000
165.3000	-48.9479	20.0000
165.3125	-48.9400	20.0000
165.3200	-48.9349	20.0000
165.3400	-48.9207	20.0000
165.3410	-48.9200	20.0000
165.3600	-48.9053	20.0000
165.3667	-48.9000	20.0000
165.3800	-48.8890	20.0000
165.3909	-48.8800	20.0000
165.4000	-48.8721	20.0000
165.4144	-48.8600	20.0000
165.4200	-48.8551	20.0000
165.4380	-48.8400	20.0000
165.4400	-48.8382	20.0000
165.4600	-48.8218	20.0000
165.4624	-48.8200	20.0000
165.4800	-48.8062	20.0000
165.4886	-48.8000	20.0000
165.5000	-48.7917	20.0000
165.5177	-48.7800	20.0000
165.5200	-48.7785	20.0000
165.5400	-48.7663	20.0000
165.5514	-48.7600	20.0000
165.5600	-48.7553	20.0000
> 20 contour -Z20
163.5200	-49.6411	20.0000
163.5389	-49.6600	20.0000
163.5389	-49.6800	20.0000
163.5400	-49.6811	20.0000
163.5589	-49.7000	20.0000
163.5600	-49.7011	20.0000
163.5789	-49.7200	20.0000
163.5800	-49.7211	20.0000
163.5989	-49.7400	20.0000
163.6000	-49.7411	20.0000
163.6189	-49.7600	20.0000
163.6200	-49.7611	20.0000
163.6400	-49.7611	20.0000
163.6589	-49.7800	20.0000
163.6600	-49.7811	20.0000
163.6800	-49.7811	20.0000
163.7000	-49.7811	20.0000
163.7200	-49.7811	20.0000
163.7400	-49.7811	20.0000
163.7600	-49.7811	20.0000
163.7800	-49.7811	20.0000
163.8000	-49.7811	20.0000
163.8200	-49.7811	20.0000
163.8400	-49.7811	20.0000
163.8600	-49.7811	20.0000
163.8800	-49.7811	20.0000
163.9000	-49.7811	20.0000
163.9200	-49.7811	20.0000
> 40 contour -Z40
167.2096	-44.7600	40.0000
167.2197	-44.7800	40.0000
167.2200	-44.7805	40.0000
167.2311	-44.8000	40.0000
167.2400	-44.8133	40.0000
167.2443	-44.8200	40.0000
167.2579	-44.8400	40.0000
167.2600	-44.8432	40.0000
167.2711	-44.8600	40.0000
167.2800	-44.8746	40.0000
167.2836	-44.8800	40.0000
167.2942	-44.9000	40.0000
167.3000	-44.9147	40.0000
167.3024	-44.9200	40.0000
167.3071	-44.9400	40.0000
167.3073	-44.9600	40.0000
167.3015	-44.9800	40.0000
167.3000	-44.9827	40.0000
167.2883	-45.0000	40.0000
167.2800	-45.0085	40.0000
167.2673	-45.0200	40.0000
167.2600	-45.0258	40.0000
167.2425	-45.0400	40.0000
167.2400	-45.0421	40.0000
167.2220	-45.0600	40.0000
167.2200	-45.0623	40.0000
167.2083	-45.0800	40.0000
167.2000	-45.0963	40.0000
167.1986	-45.1000	40.0000
167.1923	-45.1200	40.0000
167.1871	-45.1400	40.0000
167.1825	-45.1600	40.0000
167.1800	-45.1711	40.0000
167.1784	-45.1800	40.0000
167.1745	-45.2000	40.0000
167.1700	-45.2200	40.0000
167.1649	-45.2400	40.0000
167.1600	-45.2558	40.0000
167.1589	-45.2600	40.0000
167.1523	-45.2800	40.0000
167.1442	-45.3000	40.0000
167.1400	-45.3087	40.0000
167.1348	-45.3200	40.0000
167.1237	-45.3400	40.0000
167.1200	-45.3456	40.0000
167.1105	-45.3600	40.0000
167.1000	-45.3733	40.0000
167.0944	-45.3800	40.0000
167.0800	-45.3948	40.0000
167.0744	-45.4000	40.0000
167.0600	-45.4116	40.0000
167.0475	-45.4200	40.0000
167.0400	-45.4245	40.0000
167.0200	-45.4339	40.0000
167.0010	-45.4400	40.0000
167.0000	-45.4403	40.0000
166.9800	-45.4438	40.0000
166.9600	-45.4447	40.0000
166.9400	-45.4430	40.0000
166.9260	-45.4400	40.0000
166.9200	-45.4387	40.0000
166.9000	-45.4319	40.0000
166.8800	-45.4225	40.0000
166.8758	-45.4200	40.0000
166.8600	-45.4102	40.0000
166.8463	-45.4000	40.0000
166.8400	-45.3949	40.0000
166.8235	-45.3800	40.0000
166.8200	-45.3764	40.0000
166.8046	-45.3600	40.0000
166.8000	-45.3545	40.0000
166.7882	-45.3400	40.0000
166.7800	-45.3288	40.0000
166.7735	-45.3200	40.0000
166.7604	-45.3000	40.0000
166.7600	-45.2993	40.0000
166.7478	-45.2800	40.0000
166.7400	-45.2662	40.0000
166.7362	-45.2600	40.0000
166.7250	-45.2400	40.0000
166.7200	-45.2305	40.0000
166.7141	-45.2200	40.0000
> 40 contour -Z40
167.7600	-45.1814	40.0000
167.7580	-45.1800	40.0000
167.7400	-45.1621	40.0000
167.7375	-45.1600	40.0000
167.7200	-45.1410	40.0000
167.7189	-45.1400	40.0000
167.7018	-45.1200	40.0000
167.7000	-45.1173	40.0000
167.6863	-45.1000	40.0000
167.6800	-45.0896	40.0000
167.6731	-45.0800	40.0000
167.6623	-45.0600	40.0000
167.6600	-45.0542	40.0000
167.6535	-45.0400	40.0000
167.6476	-45.0200	40.0000
167.6448	-45.0000	40.0000
167.6447	-44.9800	40.0000
167.6473	-44.9600	40.0000
167.6523	-44.9400	40.0000
167.6595	-44.9200	40.0000
167.6600	-44.9190	40.0000
167.6679	-44.9000	40.0000
167.6780	-44.8800	40.0000
167.6800	-44.8766	40.0000
167.6891	-44.8600	40.0000
167.7000	-44.8427	40.0000
167.7016	-44.8400	40.0000
167.7155	-44.8200	40.0000
167.7200	-44.8144	40.0000
167.7315	-44.8000	40.0000
167.7400	-44.7909	40.0000
167.7505	-44.7800	40.0000
> 40 contour -Z40
167.7000	-45.8111	40.0000
167.6914	-45.8000	40.0000
167.6800	-45.7868	40.0000
167.6755	-45.7800	40.0000
167.6610	-45.7600	40.0000
167.6600	-45.7591	40.0000
167.6484	-45.7400	40.0000
167.6400	-45.7294	40.0000
167.6392	-45.7400	40.0000
167.6200	-45.7579	40.0000
167.6178	-45.7600	40.0000
167.6179	-45.7800	40.0000
167.6179	-45.8000	40.0000
167.6179	-45.8200	40.0000
167.6179	-45.8400	40.0000
167.6000	-45.8578	40.0000
167.5978	-45.8600	40.0000
167.5978	-45.8800	40.0000
167.5800	-45.8978	40.0000
167.5778	-45.9000	40.0000
167.5600	-45.9179	40.0000
167.5400	-45.9178	40.0000
167.5200	-45.9178	40.0000
167.5178	-45.9200	40.0000
167.5000	-45.9379	40.0000
167.4800	-45.9379	40.0000
167.4600	-45.9379	40.0000
167.4400	-45.9379	40.0000
167.4200	-45.9379	40.0000
167.4022	-45.9200	40.0000
167.4000	-45.9178	40.0000
167.3800	-45.9178	40.0000
167.3600	-45.9178	40.0000
167.3400	-45.9179	40.0000
167.3222	-45.9000	40.0000
167.3200	-45.8978	40.0000
167.3022	-45.8800	40.0000
167.3000	-45.8778	40.0000
167.2821	-45.8600	40.0000
167.2822	-45.8400	40.0000
167.2822	-45.8200	40.0000
167.2822	-45.8000	40.0000
167.2821	-45.7800	40.0000
167.3000	-45.7622	40.0000
167.3022	-45.7600	40.0000
167.3021	-45.7400	40.0000
167.3200	-45.7222	40.0000
167.3222	-45.7200	40.0000
167.3400	-45.7022	40.0000
167.3422	-45.7000	40.0000
167.3600	-45.6822	40.0000
167.3622	-45.6800	40.0000
167.3800	-45.6621	40.0000
167.3821	-45.6600	40.0000
167.4000	-45.6421	40.0000
167.4200	-45.6422	40.0000
167.4222	-45.6400	40.0000
167.4400	-45.6221	40.0000
167.4600	-45.6222	40.0000
167.4622	-45.6200	40.0000
167.4800	-45.6021	40.0000
167.5000	-45.6022	40.0000
167.5022	-45.6000	40.0000
167.5200	-45.5821	40.0000
167.5221	-45.5800	40.0000
167.5400	-45.5620	40.0000
167.5420	-45.5600	40.0000
167.5600	-45.5420	40.0000
167.5621	-45.5400	40.0000
> 40 contour -Z40
166.2600	-45.6979	40.0000
166.2778	-45.6800	40.0000
166.2800	-45.6778	40.0000
166.2978	-45.6600	40.0000
166.3000	-45.6578	40.0000
166.3178	-45.6400	40.0000
166.3200	-45.6378	40.0000
166.3379	-45.6200	40.0000
166.3379	-45.6000	40.0000
> 40 contour -Z40
166.1800	-45.7738	40.0000
166.1871	-45.7800	40.0000
166.2000	-45.7961	40.0000
166.2043	-45.8000	40.0000
166.2200	-45.8190	40.0000
166.2210	-45.8200	40.0000
166.2378	-45.8400	40.0000
166.2400	-45.8432	40.0000
166.2540	-45.8600	40.0000
166.2600	-45.8688	40.0000
166.2692	-45.8800	40.0000
166.2800	-45.8960	40.0000
166.2832	-45.9000	40.0000
166.2959	-45.9200	40.0000
166.3000	-45.9280	40.0000
166.3070	-45.9400	40.0000
166.3157	-45.9600	40.0000
166.3200	-45.9747	40.0000
166.3218	-45.9800	40.0000
166.3248	-46.0000	40.0000
166.3241	-46.0200	40.0000
166.3200	-46.0372	40.0000
166.3193	-46.0400	40.0000
166.3103	-46.0600	40.0000
166.3000	-46.0746	40.0000
166.2960	-46.0800	40.0000
166.2800	-46.0963	40.0000
166.2760	-46.1000	40.0000
166.2600	-46.1124	40.0000
166.2491	-46.1200	40.0000
166.2400	-46.1256	40.0000
166.2200	-46.1366	40.0000
166.2130	-46.1400	40.0000
166.2000	-46.1460	40.0000
166.1800	-46.1542	40.0000
166.1635	-46.1600	40.0000
166.1600	-46.1613	40.0000
166.1400	-46.1677	40.0000
166.1200	-46.1732	40.0000
166.1000	-46.1780	40.0000
166.0902	-46.1800	40.0000
166.0800	-46.1823	40.0000
166.0600	-46.1862	40.0000
166.0400	-46.1896	40.0000
166.0200	-46.1926	40.0000
166.0000	-46.1952	40.0000
165.9800	-46.1975	40.0000
165.9600	-46.1996	40.0000
165.9558	-46.2000	40.0000
165.9400	-46.2017	40.0000
165.9200	-46.2036	40.0000
165.9000	-46.2055	40.0000
165.8800	-46.2073	40.0000
165.8600	-46.2092	40.0000
165.8400	-46.2111	40.0000
165.8200	-46.2130	40.0000
165.8000	-46.2150	40.0000
165.7800	-46.2170	40.0000
165.7600	-46.2190	40.0000
165.7497	-46.2200	40.0000
165.7400	-46.2210	40.0000
165.7200	-46.2230	40.0000
165.7000	-46.2248	40.0000
165.6800	-46.2263	40.0000
165.6600	-46.2276	40.0000
165.6400	-46.2286	40.0000
165.6200	-46.2293	40.0000
165.6000	-46.2297	40.0000
165.5800	-46.2297	40.0000
165.5600	-46.2295	40.0000
165.5400	-46.2290	40.0000
165.5200	-46.2283	40.0000
165.5000	-46.2273	40.0000
165.4800	-46.2260	40.0000
165.4600	-46.2246	40.0000
165.4400	-46.2230	40.0000
165.4200	-46.2212	40.0000
165.4063	-46.2200	40.0000
> 40 contour -Z40
163.5200	-49.6422	40.0000
163.5378	-49.6600	40.0000
163.5378	-49.6800	40.0000
163.5400	-49.6822	40.0000
163.5578	-49.7000	40.0000
163.5600	-49.7022	40.0000
163.5778	-49.7200	40.0000
163.5800	-49.7222	40.0000
163.5978	-49.7400	40.0000
163.6000	-49.7422	40.0000
163.6178	-49.7600	40.0000
163.6200	-49.7622	40.0000
163.6400	-49.7622	40.0000
163.6578	-49.7800	40.0000
163.6600	-49.7822	40.0000
163.6800	-49.7822	40.0000
163.7000	-49.7822	40.0000
163.7200	-49.7822	40.0000
163.7400	-49.7822	40.0000
163.7600	-49.7822	40.0000
163.7800	-49.7822	40.0000
163.8000	-49.7822	40.0000
163.8200	-49.7822	40.0000
163.8400	-49.7822	40.0000
163.8600	-49.7822	40.0000
163.8800	-49.7822	40.0000
163.9000	-49.7822	40.0000
163.9200	-49.7822	40.0000
> 60 contour -Z60
167.8464	-45.1200	60.0000
167.8473	-45.1000	60.0000
167.8494	-45.0800	60.0000
167.8526	-45.0600	60.0000
167.8571	-45.0400	60.0000
167.8600	-45.0297	60.0000
167.8628	-45.0200	60.0000
167.8698	-45.0000	60.0000
167.8784	-44.9800	60.0000
167.8800	-44.9765	60.0000
167.8884	-44.9600	60.0000
167.9000	-44.9405	60.0000
167.9003	-44.9400	60.0000
167.9143	-44.9200	60.0000
167.9200	-44.9127	60.0000
167.9309	-44.9000	60.0000
167.9400	-44.8904	60.0000
167.9510	-44.8800	60.0000
167.9600	-44.8722	60.0000
167.9761	-44.8600	60.0000
167.9800	-44.8573	60.0000
168.0000	-44.8450	60.0000
168.0095	-44.8400	60.0000
> 60 contour -Z60
166.8800	-45.0682	60.0000
166.9000	-45.0687	60.0000
166.9200	-45.0749	60.0000
166.9300	-45.0800	60.0000
166.9400	-45.0854	60.0000
166.9590	-45.1000	60.0000
166.9600	-45.1009	60.0000
166.9741	-45.1200	60.0000
166.9800	-45.1314	60.0000
166.9832	-45.1400	60.0000
166.9867	-45.1600	60.0000
166.9863	-45.1800	60.0000
166.9817	-45.2000	60.0000
166.9800	-45.2039	60.0000
166.9674	-45.2200	60.0000
166.9600	-45.2262	60.0000
166.9400	-45.2291	60.0000
166.9206	-45.2200	60.0000
166.9200	-45.2197	60.0000
166.9033	-45.2000	60.0000
166.9000	-45.1953	60.0000
166.8922	-45.1800	60.0000
166.8834	-45.1600	60.0000
166.8800	-45.1502	60.0000
166.8769	-45.1400	60.0000
166.8724	-45.1200	60.0000
166.8695	-45.1000	60.0000
166.8704	-45.0800	60.0000
166.8800	-45.0682	60.0000
> 60 contour -Z60
167.7000	-45.7743	60.0000
167.6840	-45.7600	60.0000
167.6800	-45.7576	60.0000
167.6614	-45.7400	60.0000
167.6600	-45.7392	60.0000
167.6435	-45.7200	60.0000
167.6400	-45.7184	60.0000
167.6395	-45.7200	60.0000
167.6380	-45.7400	60.0000
167.6200	-45.7568	60.0000
167.6167	-45.7600	60.0000
167.6167	-45.7800	60.0000
167.6168	-45.8000	60.0000
167.6168	-45.8200	60.0000
167.6168	-45.8400	60.0000
167.6000	-45.8567	60.0000
167.5966	-45.8600	60.0000
167.5967	-45.8800	60.0000
167.5800	-45.8967	60.0000
167.5767	-45.9000	60.0000
167.5600	-45.9167	60.0000
167.5400	-45.9167	60.0000
167.5200	-45.9166	60.0000
167.5167	-45.9200	60.0000
167.5000	-45.9368	60.0000
167.4800	-45.9368	60.0000
167.4600	-45.9368	60.0000
167.4400	-45.9368	60.0000
167.4200	-45.9368	60.0000
167.4033	-45.9200	60.0000
167.4000	-45.9166	60.0000
167.3800	-45.9167	60.0000
167.3600	-45.9167	60.0000
167.3400	-45.9168	60.0000
167.3233	-45.9000	60.0000
167.3200	-45.8967	60.0000
167.3033	-45.8800	60.0000
167.3000	-45.8767	60.0000
167.2833	-45.8600	60.0000
167.2833	-45.8400	60.0000
167.2833	-45.8200	60.0000
167.2833	-45.8000	60.0000
167.2833	-45.7800	60.0000
167.3000	-45.7633	60.0000
167.3033	-45.7600	60.0000
167.3033	-45.7400	60.0000
167.3200	-45.7233	60.0000
167.3233	-45.7200	60.0000
167.3400	-45.7033	60.0000
167.3433	-45.7000	60.0000
167.3600	-45.6833	60.0000
167.3633	-45.6800	60.0000
167.3800	-45.6633	60.0000
167.3832	-45.6600	60.0000
167.4000	-45.6432	60.0000
167.4200	-45.6433	60.0000
167.4233	-45.6400	60.0000
167.4400	-45.6232	60.0000
167.4600	-45.6233	60.0000
167.4633	-45.6200	60.0000
167.4800	-45.6032	60.0000
167.5000	-45.6033	60.0000
167.5033	-45.6000	60.0000
167.5200	-45.5832	60.0000
167.5232	-45.5800	60.0000
167.5400	-45.5631	60.0000
167.5431	-45.5600	60.0000
167.5600	-45.5432	60.0000
167.5632	-45.5400	60.0000
> 60 contour -Z60
166.2600	-45.6968	60.0000
166.2767	-45.6800	60.0000
166.2800	-45.6767	60.0000
166.2967	-45.6600	60.0000
166.3000	-45.6567	60.0000
166.3167	-45.6400	60.0000
166.3200	-45.6367	60.0000
166.3368	-45.6200	60.0000
166.3367	-45.6000	60.0000
> 60 contour -Z60
166.1585	-45.8000	60.0000
166.1600	-45.8066	60.0000
166.1643	-45.8200	60.0000
166.1692	-45.8400	60.0000
166.1731	-45.8600	60.0000
166.1759	-45.8800	60.0000
166.1774	-45.9000	60.0000
166.1772	-45.9200	60.0000
166.1748	-45.9400	60.0000
166.1694	-45.9600	60.0000
166.1602	-45.9800	60.0000
166.1600	-45.9804	60.0000
166.1454	-46.0000	60.0000
166.1400	-46.0056	60.0000
166.1221	-46.0200	60.0000
166.1200	-46.0214	60.0000
166.1000	-46.0323	60.0000
166.0800	-46.0400	60.0000
166.0800	-46.0400	60.0000
166.0600	-46.0453	60.0000
166.0400	-46.0487	60.0000
166.0200	-46.0503	60.0000
166.0000	-46.0505	60.0000
165.9800	-46.0492	60.0000
165.9600	-46.0466	60.0000
165.9400	-46.0426	60.0000
165.9301	-46.0400	60.0000
165.9200	-46.0373	60.0000
165.9000	-46.0306	60.0000
165.8800	-46.0224	60.0000
165.8748	-46.0200	60.0000
165.8600	-46.0126	60.0000
> 60 contour -Z60
163.5200	-49.6433	60.0000
163.5367	-49.6600	60.0000
163.5367	-49.6800	60.0000
163.5400	-49.6833	60.0000
163.5567	-49.7000	60.0000
163.5600	-49.7033	60.0000
163.5767	-49.7200	60.0000
163.5800	-49.7233	60.0000
163.5967	-49.7400	60.0000
163.6000	-49.7433	60.0000
163.6167	-49.7600	60.0000
163.6200	-49.7633	60.0000
163.6400	-49.7633	60.0000
163.6567	-49.7800	60.0000
163.6600	-49.7833	60.0000
163.6800	-49.7833	60.0000
163.7000	-49.7833	60.0000
163.7200	-49.7833	60.0000
163.7400	-49.7833	60.0000
163.7600	-49.7833	60.0000
163.7800	-49.7833	60.0000
163.8000	-49.7833	60.0000
163.8200	-49.7833	60.0000
163.8400	-49.7833	60.0000
163.8600	-49.7833	60.0000
163.8800	-49.7833	60.0000
163.9000	-49.7833	60.0000
163.9200	-49.7833	60.0000
> 80 contour -Z80
167.9337	-45.0800	80.0000
167.9400	-45.0697	80.0000
167.9466	-45.0600	80.0000
167.9600	-45.0418	80.0000
167.9615	-45.0400	80.0000
167.9789	-45.0200	80.0000
167.9800	-45.0188	80.0000
167.9994	-45.0000	80.0000
168.0000	-44.9994	80.0000
168.0200	-44.9826	80.0000
168.0237	-44.9800	80.0000
168.0400	-44.9681	80.0000
168.0530	-44.9600	80.0000
168.0600	-44.9555	80.0000
168.0800	-44.9445	80.0000
168.0894	-44.9400	80.0000
168.1000	-44.9348	80.0000
> 80 contour -Z80
167.7268	-45.7600	80.0000
167.7200	-45.7576	80.0000
167.7000	-45.7491	80.0000
167.6828	-45.7400	80.0000
167.6800	-45.7390	80.0000
167.6600	-45.7289	80.0000
167.6524	-45.7200	80.0000
167.6400	-45.7143	80.0000
167.6381	-45.7200	80.0000
167.6368	-45.7400	80.0000
167.6200	-45.7556	80.0000
167.6155	-45.7600	80.0000
167.6156	-45.7800	80.0000
167.6156	-45.8000	80.0000
167.6157	-45.8200	80.0000
167.6157	-45.8400	80.0000
167.6000	-45.8555	80.0000
167.5955	-45.8600	80.0000
167.5956	-45.8800	80.0000
167.5800	-45.8956	80.0000
167.5756	-45.9000	80.0000
167.5600	-45.9156	80.0000
167.5400	-45.9156	80.0000
167.5200	-45.9155	80.0000
167.5156	-45.9200	80.0000
167.5000	-45.9357	80.0000
167.4800	-45.9357	80.0000
167.4600	-45.9357	80.0000
167.4400	-45.9357	80.0000
167.4200	-45.9357	80.0000
167.4044	-45.9200	80.0000
167.4000	-45.9155	80.0000
167.3800	-45.9156	80.0000
167.3600	-45.9156	80.0000
167.3400	-45.9157	80.0000
167.3244	-45.9000	80.0000
167.3200	-45.8956	80.0000
167.3044	-45.8800	80.0000
167.3000	-45.8756	80.0000
167.2844	-45.8600	80.0000
167.2844	-45.8400	80.0000
167.2844	-45.8200	80.0000
167.2844	-45.8000	80.0000
167.2844	-45.7800	80.0000
167.3000	-45.7644	80.0000
167.3045	-45.7600	80.0000
167.3044	-45.7400	80.0000
167.3200	-45.7244	80.0000
167.3244	-45.7200	80.0000
167.3400	-45.7044	80.0000
167.3444	-45.7000	80.0000
167.3600	-45.6844	80.0000
167.3644	-45.6800	80.0000
167.3800	-45.6644	80.0000
167.3844	-45.6600	80.0000
167.4000	-45.6443	80.0000
167.4200	-45.6444	80.0000
167.4244	-45.6400	80.0000
167.4400	-45.6243	80.0000
167.4600	-45.6244	80.0000
167.4644	-45.6200	80.0000
167.4800	-45.6043	80.0000
167.5000	-45.6045	80.0000
167.5044	-45.6000	80.0000
167.5200	-45.5843	80.0000
167.5243	-45.5800	80.0000
167.5400	-45.5643	80.0000
167.5443	-45.5600	80.0000
167.5600	-45.5443	80.0000
167.5643	-45.5400	80.0000
> 80 contour -Z80
166.2600	-45.6957	80.0000
166.2756	-45.6800	80.0000
166.2800	-45.6756	80.0000
166.2955	-45.6600	80.0000
166.3000	-45.6555	80.0000
166.3156	-45.6400	80.0000
166.3200	-45.6356	80.0000
166.3357	-45.6200	80.0000
166.3356	-45.6000	80.0000
> 80 contour -Z80
165.9800	-45.9395	80.0000
165.9912	-45.9400	80.0000
166.0000	-45.9404	80.0000
166.0043	-45.9400	80.0000
166.0200	-45.9385	80.0000
166.0400	-45.9332	80.0000
166.0600	-45.9236	80.0000
166.0651	-45.9200	80.0000
166.0800	-45.9085	80.0000
166.0876	-45.9000	80.0000
166.1000	-45.8839	80.0000
166.1022	-45.8800	80.0000
166.1120	-45.8600	80.0000
166.1193	-45.8400	80.0000
166.1200	-45.8377	80.0000
166.1243	-45.8200	80.0000
> 80 contour -Z80
163.5200	-49.6444	80.0000
163.5356	-49.6600	80.0000
163.5355	-49.6800	80.0000
163.5400	-49.6844	80.0000
163.5556	-49.7000	80.0000
163.5600	-49.7044	80.0000
163.5756	-49.7200	80.0000
163.5800	-49.7244	80.0000
163.5956	-49.7400	80.0000
163.6000	-49.7444	80.0000
163.6156	-49.7600	80.0000
163.6200	-49.7644	80.0000
163.6400	-49.7644	80.0000
163.6556	-49.7800	80.0000
163.6600	-49.7845	80.0000
163.6800	-49.7844	80.0000
163.7000	-49.7844	80.0000
163.7200	-49.7844	80.0000
163.7400	-49.7844	80.0000
163.7600	-49.7844	80.0000
163.7800	-49.7844	80.0000
163.8000	-49.7844	80.0000
163.8200	-49.7844	80.0000
163.8400	-49.7844	80.0000
163.8600	-49.7844	80.0000
163.8800	-49.7844	80.0000
163.9000	-49.7844	80.0000
163.9200	-49.7844	80.0000
> 100 contour -Z100
167.7600	-45.7287	100.0000
167.7400	-45.7307	100.0000
167.7200	-45.7306	100.0000
167.7000	-45.7286	100.0000
167.6800	-45.7249	100.0000
167.6660	-45.7200	100.0000
167.6600	-45.7186	100.0000
167.6400	-45.7103	100.0000
167.6368	-45.7200	100.0000
167.6356	-45.7400	100.0000
167.6200	-45.7545	100.0000
167.6144	-45.7600	100.0000
167.6145	-45.7800	100.0000
167.6145	-45.8000	100.0000
167.6145	-45.8200	100.0000
167.6146	-45.8400	100.0000
167.6000	-45.8544	100.0000
167.5944	-45.8600	100.0000
167.5945	-45.8800	100.0000
167.5800	-45.8945	100.0000
167.5745	-45.9000	100.0000
167.5600	-45.9145	100.0000
167.5400	-45.9144	100.0000
167.5200	-45.9144	100.0000
167.5144	-45.9200	100.0000
167.5000	-45.9346	100.0000
167.4800	-45.9346	100.0000
167.4600	-45.9346	100.0000
167.4400	-45.9346	100.0000
167.4200	-45.9346	100.0000
167.4056	-45.9200	100.0000
167.4000	-45.9144	100.0000
167.3800	-45.9144	100.0000
167.3600	-45.9145	100.0000
167.3400	-45.9145	100.0000
167.3255	-45.9000	100.0000
167.3200	-45.8945	100.0000
167.3055	-45.8800	100.0000
167.3000	-45.8745	100.0000
167.2855	-45.8600	100.0000
167.2855	-45.8400	100.0000
167.2855	-45.8200	100.0000
167.2855	-45.8000	100.0000
167.2855	-45.7800	100.0000
167.3000	-45.7655	100.0000
167.3056	-45.7600	100.0000
167.3055	-45.7400	100.0000
167.3200	-45.7255	100.0000
167.3255	-45.7200	100.0000
167.3400	-45.7055	100.0000
167.3455	-45.7000	100.0000
167.3600	-45.6855	100.0000
167.3655	-45.6800	100.0000
167.3800	-45.6655	100.0000
167.3855	-45.6600	100.0000
167.4000	-45.6454	100.0000
167.4200	-45.6455	100.0000
167.4255	-45.6400	100.0000
167.4400	-45.6254	100.0000
167.4600	-45.6256	100.0000
167.4655	-45.6200	100.0000
167.4800	-45.6054	100.0000
167.5000	-45.6056	100.0000
167.5056	-45.6000	100.0000
167.5200	-45.5855	100.0000
167.5255	-45.5800	100.0000
167.5400	-45.5654	100.0000
167.5454	-45.5600	100.0000
167.5600	-45.5454	100.0000
167.5655	-45.5400	100.0000
> 100 contour -Z100
166.2600	-45.6945	100.0000
166.2744	-45.6800	100.0000
166.2800	-45.6744	100.0000
166.2944	-45.6600	100.0000
166.3000	-45.6544	100.0000
166.3144	-45.6400	100.0000
166.3200	-45.6345	100.0000
166.3345	-45.6200	100.0000
166.3345	-45.6000	100.0000
> 100 contour -Z100
163.5200	-49.6456	100.0000
163.5345	-49.6600	100.0000
163.5344	-49.6800	100.0000
163.5400	-49.6856	100.0000
163.5544	-49.7000	100.0000
163.5600	-49.7056	100.0000
163.5745	-49.7200	100.0000
163.5800	-49.7255	100.0000
163.5944	-49.7400	100.0000
163.6000	-49.7456	100.0000
163.6144	-49.7600	100.0000
163.6200	-49.7656	100.0000
163.6400	-49.7655	100.0000
163.6544	-49.7800	100.0000
163.6600	-49.7856	100.0000
163.6800	-49.7856	100.0000
163.7000	-49.7855	100.0000
163.7200	-49.7855	100.0000
163.7400	-49.7855	100.0000
163.7600	-49.7855	100.0000
163.7800	-49.7855	100.0000
163.8000	-49.7855	100.0000
163.8200	-49.7855	100.0000
163.8400	-49.7855	100.0000
163.8600	-49.7855	100.0000
163.8800	-49.7855	100.0000
163.9000	-49.7855	100.0000
163.9200	-49.7856	100.0000
> 120 contour -Z120
167.7800	-45.6793	120.0000
167.7788	-45.6800	120.0000
167.7600	-45.6916	120.0000
167.7400	-45.6998	120.0000
167.7395	-45.7000	120.0000
167.7200	-45.7059	120.0000
167.7000	-45.7094	120.0000
167.6800	-45.7106	120.0000
167.6600	-45.7094	120.0000
167.6400	-45.7063	120.0000
167.6355	-45.7200	120.0000
167.6344	-45.7400	120.0000
167.6200	-45.7534	120.0000
167.6132	-45.7600	120.0000
167.6133	-45.7800	120.0000
167.6134	-45.8000	120.0000
167.6134	-45.8200	120.0000
167.6134	-45.8400	120.0000
167.6000	-45.8533	120.0000
167.5933	-45.8600	120.0000
167.5934	-45.8800	120.0000
167.5800	-45.8933	120.0000
167.5734	-45.9000	120.0000
167.5600	-45.9134	120.0000
167.5400	-45.9133	120.0000
167.5200	-45.9133	120.0000
167.5133	-45.9200	120.0000
167.5000	-45.9334	120.0000
167.4800	-45.9334	120.0000
167.4600	-45.9334	120.0000
167.4400	-45.9334	120.0000
167.4200	-45.9335	120.0000
167.4067	-45.9200	120.0000
167.4000	-45.9133	120.0000
167.3800	-45.9133	120.0000
167.3600	-45.9134	120.0000
167.3400	-45.9134	120.0000
167.3266	-45.9000	120.0000
167.3200	-45.8934	120.0000
167.3066	-45.8800	120.0000
167.3000	-45.8734	120.0000
167.2866	-45.8600	120.0000
167.2866	-45.8400	120.0000
167.2867	-45.8200	120.0000
167.2866	-45.8000	120.0000
167.2866	-45.7800	120.0000
167.3000	-45.7667	120.0000
167.3067	-45.7600	120.0000
167.3066	-45.7400	120.0000
167.3200	-45.7266	120.0000
167.3266	-45.7200	120.0000
167.3400	-45.7067	120.0000
167.3467	-45.7000	120.0000
167.3600	-45.6866	120.0000
167.3666	-45.6800	120.0000
167.3800	-45.6666	120.0000
167.3866	-45.6600	120.0000
167.4000	-45.6466	120.0000
167.4200	-45.6467	120.0000
167.4266	-45.6400	120.0000
167.4400	-45.6266	120.0000
167.4600	-45.6267	120.0000
167.4666	-45.6200	120.0000
167.4800	-45.6066	120.0000
167.5000	-45.6067	120.0000
167.5067	-45.6000	120.0000
167.5200	-45.5866	120.0000
167.5266	-45.5800	120.0000
167.5400	-45.5665	120.0000
167.5465	-45.5600	120.0000
167.5600	-45.5465	120.0000
167.5666	-45.5400	120.0000
> 120 contour -Z120
166.2600	-45.6934	120.0000
166.2733	-45.6800	120.0000
166.2800	-45.6733	120.0000
166.2933	-45.6600	120.0000
166.3000	-45.6533	120.0000
166.3133	-45.6400	120.0000
166.3200	-45.6334	120.0000
166.3334	-45.6200	120.0000
166.3334	-45.6000	120.0000
> 120 contour -Z120
163.5200	-49.6467	120.0000
163.5333	-49.6600	120.0000
163.5333	-49.6800	120.0000
163.5400	-49.6867	120.0000
163.5533	-49.7000	120.0000
163.5600	-49.7067	120.0000
163.5733	-49.7200	120.0000
163.5800	-49.7267	120.0000
163.5933	-49.7400	120.0000
163.6000	-49.7467	120.0000
163.6133	-49.7600	120.0000
163.6200	-49.7667	120.0000
163.6400	-49.7667	120.0000
163.6533	-49.7800	120.0000
163.6600	-49.7867	120.0000
163.6800	-49.7867	120.0000
163.7000	-49.7867	120.0000
163.7200	-49.7867	120.0000
163.7400	-49.7867	120.0000
163.7600	-49.7866	120.0000
163.7800	-49.7866	120.0000
163.8000	-49.7866	120.0000
163.8200	-49.7866	120.0000
163.8400	-49.7867	120.0000
163.8600	-49.7867	120.0000
163.8800	-49.7867	120.0000
163.9000	-49.7867	120.0000
163.9200	-49.7867	120.0000
> 140 contour -Z140
167.7669	-45.6600	140.0000
167.7600	-45.6641	140.0000
167.7400	-45.6735	140.0000
167.7247	-45.6800	140.0000
167.7200	-45.6819	140.0000
167.7000	-45.6890	140.0000
167.6800	-45.6950	140.0000
167.6617	-45.7000	140.0000
167.6600	-45.7002	140.0000
167.6400	-45.7022	140.0000
167.6341	-45.7200	140.0000
167.6332	-45.7400	140.0000
167.6200	-45.7523	140.0000
167.6121	-45.7600	140.0000
167.6122	-45.7800	140.0000
167.6122	-45.8000	140.0000
167.6123	-45.8200	140.0000
167.6123	-45.8400	140.0000
167.6000	-45.8522	140.0000
167.5922	-45.8600	140.0000
167.5922	-45.8800	140.0000
167.5800	-45.8922	140.0000
167.5722	-45.9000	140.0000
167.5600	-45.9123	140.0000
167.5400	-45.9122	140.0000
167.5200	-45.9122	140.0000
167.5122	-45.9200	140.0000
167.5000	-45.9323	140.0000
167.4800	-45.9323	140.0000
167.4600	-45.9323	140.0000
167.4400	-45.9323	140.0000
167.4200	-45.9323	140.0000
167.4078	-45.9200	140.0000
167.4000	-45.9121	140.0000
167.3800	-45.9122	140.0000
167.3600	-45.9122	140.0000
167.3400	-45.9123	140.0000
167.3277	-45.9000	140.0000
167.3200	-45.8922	140.0000
167.3078	-45.8800	140.0000
167.3000	-45.8722	140.0000
167.2877	-45.8600	140.0000
167.2878	-45.8400	140.0000
167.2878	-45.8200	140.0000
167.2878	-45.8000	140.0000
167.2877	-45.7800	140.0000
167.3000	-45.7678	140.0000
167.3078	-45.7600	140.0000
167.3077	-45.7400	140.0000
167.3200	-45.7278	140.0000
167.3278	-45.7200	140.0000
167.3400	-45.7078	140.0000
167.3478	-45.7000	140.0000
167.3600	-45.6878	140.0000
167.3678	-45.6800	140.0000
167.3800	-45.6677	140.0000
167.3877	-45.6600	140.0000
167.4000	-45.6477	140.0000
167.4200	-45.6478	140.0000
167.4278	-45.6400	140.0000
167.4400	-45.6277	140.0000
167.4600	-45.6278	140.0000
167.4678	-45.6200	140.0000
167.4800	-45.6077	140.0000
167.5000	-45.6078	140.0000
167.5078	-45.6000	140.0000
167.5200	-45.5877	140.0000
167.5277	-45.5800	140.0000
167.5400	-45.5677	140.0000
167.5477	-45.5600	140.0000
167.5600	-45.5477	140.0000
167.5678	-45.5400	140.0000
> 140 contour -Z140
166.2600	-45.6923	140.0000
166.2722	-45.6800	140.0000
166.2800	-45.6722	140.0000
166.2922	-45.6600	140.0000
166.3000	-45.6522	140.0000
166.3122	-45.6400	140.0000
166.3200	-45.6322	140.0000
166.3323	-45.6200	140.0000
166.3323	-45.6000	140.0000
> 140 contour -Z140
163.5200	-49.6478	140.0000
163.5322	-49.6600	140.0000
163.5322	-49.6800	140.0000
163.5400	-49.6878	140.0000
163.5522	-49.7000	140.0000
163.5600	-49.7078	140.0000
163.5722	-49.7200	140.0000
163.5800	-49.7278	140.0000
163.5922	-49.7400	140.0000
163.6000	-49.7478	140.0000
163.6122	-49.7600	140.0000
163.6200	-49.7678	140.0000
163.6400	-49.7678	140.0000
163.6522	-49.7800	140.0000
163.6600	-49.7878	140.0000
163.6800	-49.7878	140.0000
163.7000	-49.7878	140.0000
163.7200	-49.7878	140.0000
163.7400	-49.7878	140.0000
163.7600	-49.7878	140.0000
163.7800	-49.7878	140.0000
163.8000	-49.7878	140.0000
163.8200	-49.7878	140.0000
163.8400	-49.7878	140.0000
163.8600	-49.7878	140.0000
163.8800	-49.7878	140.0000
163.9000	-49.7878	140.0000
163.9200	-49.7878	140.0000
> 160 contour -Z160
167.7600	-45.6421	160.0000
167.7400	-45.6492	160.0000
167.7200	-45.6569	160.0000
167.7126	-45.6600	160.0000
167.7000	-45.6651	160.0000
167.6800	-45.6742	160.0000
167.6705	-45.6800	160.0000
167.6600	-45.6839	160.0000
167.6400	-45.6938	160.0000
167.6388	-45.7000	160.0000
167.6328	-45.7200	160.0000
167.6320	-45.7400	160.0000
167.6200	-45.7512	160.0000
167.6109	-45.7600	160.0000
167.6110	-45.7800	160.0000
167.6111	-45.8000	160.0000
167.6111	-45.8200	160.0000
167.6112	-45.8400	160.0000
167.6000	-45.8511	160.0000
167.5910	-45.8600	160.0000
167.5911	-45.8800	160.0000
167.5800	-45.8911	160.0000
167.5711	-45.9000	160.0000
167.5600	-45.9111	160.0000
167.5400	-45.9111	160.0000
167.5200	-45.9110	160.0000
167.5111	-45.9200	160.0000
167.5000	-45.9312	160.0000
167.4800	-45.9312	160.0000
167.4600	-45.9312	160.0000
167.4400	-45.9312	160.0000
167.4200	-45.9312	160.0000
167.4089	-45.9200	160.0000
167.4000	-45.9110	160.0000
167.3800	-45.9111	160.0000
167.3600	-45.9111	160.0000
167.3400	-45.9112	160.0000
167.3289	-45.9000	160.0000
167.3200	-45.8911	160.0000
167.3089	-45.8800	160.0000
167.3000	-45.8711	160.0000
167.2888	-45.8600	160.0000
167.2889	-45.8400	160.0000
167.2889	-45.8200	160.0000
167.2889	-45.8000	160.0000
167.2889	-45.7800	160.0000
167.3000	-45.7689	160.0000
167.3089	-45.7600	160.0000
167.3089	-45.7400	160.0000
167.3200	-45.7289	160.0000
167.3289	-45.7200	160.0000
167.3400	-45.7089	160.0000
167.3489	-45.7000	160.0000
167.3600	-45.6889	160.0000
167.3689	-45.6800	160.0000
167.3800	-45.6689	160.0000
167.3888	-45.6600	160.0000
167.4000	-45.6488	160.0000
167.4200	-45.6489	160.0000
167.4289	-45.6400	160.0000
167.4400	-45.6288	160.0000
167.4600	-45.6289	160.0000
167.4689	-45.6200	160.0000
167.4800	-45.6088	160.0000
167.5000	-45.6090	160.0000
167.5089	-45.6000	160.0000
167.5200	-45.5889	160.0000
167.5288	-45.5800	160.0000
167.5400	-45.5688	160.0000
167.5488	-45.5600	160.0000
167.5600	-45.5488	160.0000
167.5689	-45.5400	160.0000
> 160 contour -Z160
166.2600	-45.6912	160.0000
166.2711	-45.6800	160.0000
166.2800	-45.6711	160.0000
166.2911	-45.6600	160.0000
166.3000	-45.6511	160.0000
166.3111	-45.6400	160.0000
166.3200	-45.6311	160.0000
166.3312	-45.6200	160.0000
166.3311	-45.6000	160.0000
> 160 contour -Z160
163.5200	-49.6489	160.0000
163.5311	-49.6600	160.0000
163.5311	-49.6800	160.0000
163.5400	-49.6889	160.0000
163.5511	-49.7000	160.0000
163.5600	-49.7089	160.0000
163.5711	-49.7200	160.0000
163.5800	-49.7289	160.0000
163.5911	-49.7400	160.0000
163.6000	-49.7489	160.0000
163.6111	-49.7600	160.0000
163.6200	-49.7689	160.0000
163.6400	-49.7689	160.0000
163.6511	-49.7800	160.0000
163.6600	-49.7889	160.0000
163.6800	-49.7889	160.0000
163.7000	-49.7889	160.0000
163.7200	-49.7889	160.0000
163.7400	-49.7889	160.0000
163.7600	-49.7889	160.0000
163.7800	-49.7889	160.0000
163.8000	-49.7889	160.0000
163.8200	-49.7889	160.0000
163.8400	-49.7889	160.0000
163.8600	-49.7889	160.0000
163.8800	-49.7889	160.0000
163.9000	-49.7889	160.0000
163.9200	-49.7889	160.0000
> 180 contour -Z180
167.7200	-45.6290	180.0000
167.7000	-45.6348	180.0000
167.6875	-45.6400	180.0000
167.6800	-45.6431	180.0000
167.6600	-45.6560	180.0000
167.6567	-45.6600	180.0000
167.6400	-45.6800	180.0000
167.6400	-45.6800	180.0000
167.6362	-45.7000	180.0000
167.6315	-45.7200	180.0000
167.6308	-45.7400	180.0000
167.6200	-45.7501	180.0000
167.6098	-45.7600	180.0000
167.6099	-45.7800	180.0000
167.6100	-45.8000	180.0000
167.6100	-45.8200	180.0000
167.6101	-45.8400	180.0000
167.6000	-45.8500	180.0000
167.5899	-45.8600	180.0000
167.5900	-45.8800	180.0000
167.5800	-45.8900	180.0000
167.5700	-45.9000	180.0000
167.5600	-45.9100	180.0000
167.5400	-45.9100	180.0000
167.5200	-45.9099	180.0000
167.5100	-45.9200	180.0000
167.5000	-45.9301	180.0000
167.4800	-45.9301	180.0000
167.4600	-45.9301	180.0000
167.4400	-45.9301	180.0000
167.4200	-45.9301	180.0000
167.4100	-45.9200	180.0000
167.4000	-45.9099	180.0000
167.3800	-45.9099	180.0000
167.3600	-45.9100	180.0000
167.3400	-45.9101	180.0000
167.3300	-45.9000	180.0000
167.3200	-45.8900	180.0000
167.3100	-45.8800	180.0000
167.3000	-45.8700	180.0000
167.2900	-45.8600	180.0000
167.2900	-45.8400	180.0000
167.2900	-45.8200	180.0000
167.2900	-45.8000	180.0000
167.2900	-45.7800	180.0000
167.3000	-45.7700	180.0000
167.3100	-45.7600	180.0000
167.3100	-45.7400	180.0000
167.3200	-45.7300	180.0000
167.3300	-45.7200	180.0000
167.3400	-45.7100	180.0000
167.3500	-45.7000	180.0000
167.3600	-45.6900	180.0000
167.3700	-45.6800	180.0000
167.3800	-45.6700	180.0000
167.3899	-45.6600	180.0000
167.4000	-45.6499	180.0000
167.4200	-45.6500	180.0000
167.4300	-45.6400	180.0000
167.4400	-45.6299	180.0000
167.4600	-45.6301	180.0000
167.4700	-45.6200	180.0000
167.4800	-45.6099	180.0000
167.5000	-45.6101	180.0000
167.5100	-45.6000	180.0000
167.5200	-45.5900	180.0000
167.5300	-45.5800	180.0000
167.5400	-45.5699	180.0000
167.5499	-45.5600	180.0000
167.5600	-45.5499	180.0000
167.5701	-45.5400	180.0000
> 180 contour -Z180
166.2600	-45.6900	180.0000
166.2700	-45.6800	180.0000
166.2800	-45.6700	180.0000
166.2899	-45.6600	180.0000
166.3000	-45.6500	180.0000
166.3100	-45.6400	180.0000
166.3200	-45.6300	180.0000
166.3301	-45.6200	180.0000
166.3300	-45.6000	180.0000
> 180 contour -Z180
163.5200	-49.6500	180.0000
163.5300	-49.6600	180.0000
163.5300	-49.6800	180.0000
163.5400	-49.6900	180.0000
163.5500	-49.7000	180.0000
163.5600	-49.7100	180.0000
163.5700	-49.7200	180.0000
163.5800	-49.7300	180.0000
163.5900	-49.7400	180.0000
163.6000	-49.7500	180.0000
163.6100	-49.7600	180.0000
163.6200	-49.7700	180.0000
163.6400	-49.7700	180.0000
163.6500	-49.7800	180.0000
163.6600	-49.7900	180.0000
163.6800	-49.7900	180.0000
163.7000	-49.7900	180.0000
163.7200	-49.7900	180.0000
163.7400	-49.7900	180.0000
163.7600	-49.7900	180.0000
163.7800	-49.7900	180.0000
163.8000	-49.7900	180.0000
163.8200	-49.7900	180.0000
163.8400	-49.7900	180.0000
163.8600	-49.7900	180.0000
163.8800	-49.7900	180.0000
163.9000	-49.7900	180.0000
163.9200	-49.7900	180.0000
> 200 contour -Z200
167.6789	-45.6000	200.0000
167.6600	-45.6065	200.0000
167.6439	-45.6200	200.0000
167.6400	-45.6243	200.0000
167.6342	-45.6400	200.0000
167.6306	-45.6600	200.0000
167.6306	-45.6800	200.0000
167.6336	-45.7000	200.0000
167.6302	-45.7200	200.0000
167.6296	-45.7400	200.0000
167.6200	-45.7489	200.0000
167.6087	-45.7600	200.0000
167.6088	-45.7800	200.0000
167.6088	-45.8000	200.0000
167.6089	-45.8200	200.0000
167.6089	-45.8400	200.0000
167.6000	-45.8489	200.0000
167.5888	-45.8600	200.0000
167.5889	-45.8800	200.0000
167.5800	-45.8889	200.0000
167.5689	-45.9000	200.0000
167.5600	-45.9089	200.0000
167.5400	-45.9088	200.0000
167.5200	-45.9088	200.0000
167.5089	-45.9200	200.0000
167.5000	-45.9290	200.0000
167.4800	-45.9289	200.0000
167.4600	-45.9289	200.0000
167.4400	-45.9289	200.0000
167.4200	-45.9290	200.0000
167.4111	-45.9200	200.0000
167.4000	-45.9088	200.0000
167.3800	-45.9088	200.0000
167.3600	-45.9089	200.0000
167.3400	-45.9089	200.0000
167.3311	-45.9000	200.0000
167.3200	-45.8889	200.0000
167.3111	-45.8800	200.0000
167.3000	-45.8689	200.0000
167.2911	-45.8600	200.0000
167.2911	-45.8400	200.0000
167.2911	-45.8200	200.0000
167.2911	-45.8000	200.0000
167.2911	-45.7800	200.0000
167.3000	-45.7711	200.0000
167.3112	-45.7600	200.0000
167.3111	-45.7400	200.0000
167.3200	-45.7311	200.0000
167.3311	-45.7200	200.0000
167.3400	-45.7111	200.0000
167.3511	-45.7000	200.0000
167.3600	-45.6911	200.0000
167.3711	-45.6800	200.0000
167.3800	-45.6711	200.0000
167.3911	-45.6600	200.0000
167.4000	-45.6510	200.0000
167.4200	-45.6511	200.0000
167.4311	-45.6400	200.0000
167.4400	-45.6311	200.0000
167.4600	-45.6312	200.0000
167.4711	-45.6200	200.0000
167.4800	-45.6111	200.0000
167.5000	-45.6112	200.0000
167.5112	-45.6000	200.0000
167.5200	-45.5911	200.0000
167.5311	-45.5800	200.0000
167.5400	-45.5710	200.0000
167.5511	-45.5600	200.0000
167.5600	-45.5511	200.0000
167.5712	-45.5400	200.0000
> 200 contour -Z200
166.2600	-45.6889	200.0000
166.2689	-45.6800	200.0000
166.2800	-45.6688	200.0000
166.2888	-45.6600	200.0000
166.3000	-45.6488	200.0000
166.3088	-45.6400	200.0000
166.3200	-45.6289	200.0000
166.3289	-45.6200	200.0000
166.3289	-45.6000	200.0000
> 200 contour -Z200
163.5200	-49.6511	200.0000
163.5289	-49.6600	200.0000
163.5289	-49.6800	200.0000
163.5400	-49.6911	200.0000
163.5489	-49.7000	200.0000
163.5600	-49.7111	200.0000
163.5689	-49.7200	200.0000
163.5800	-49.7311	200.0000
163.5889	-49.7400	200.0000
163.6000	-49.7511	200.0000
163.6089	-49.7600	200.0000
163.6200	-49.7711	200.0000
163.6400	-49.7711	200.0000
163.6489	-49.7800	200.0000
163.6600	-49.7911	200.0000
163.6800	-49.7911	200.0000
163.7000	-49.7911	200.0000
163.7200	-49.7911	200.0000
163.7400	-49.7911	200.0000
163.7600	-49.7911	200.0000
163.7800	-49.7911	200.0000
163.8000	-49.7911	200.0000
163.8200	-49.7911	200.0000
163.8400	-49.7911	200.0000
163.8600	-49.7911	200.0000
163.8800	-49.7911	200.0000
163.9000	-49.7911	200.0000
163.9200	-49.7911	200.0000
> 220 contour -Z220
167.6400	-45.5675	220.0000
167.6293	-45.5800	220.0000
167.6200	-45.5933	220.0000
167.6183	-45.6000	220.0000
167.6154	-45.6200	220.0000
167.6151	-45.6400	220.0000
167.6169	-45.6600	220.0000
167.6200	-45.6751	220.0000
167.6212	-45.6800	220.0000
167.6310	-45.7000	220.0000
167.6288	-45.7200	220.0000
167.6284	-45.7400	220.0000
167.6200	-45.7478	220.0000
167.6075	-45.7600	220.0000
167.6076	-45.7800	220.0000
167.6077	-45.8000	220.0000
167.6078	-45.8200	220.0000
167.6078	-45.8400	220.0000
167.6000	-45.8477	220.0000
167.5877	-45.8600	220.0000
167.5878	-45.8800	220.0000
167.5800	-45.8878	220.0000
167.5678	-45.9000	220.0000
167.5600	-45.9078	220.0000
167.5400	-45.9077	220.0000
167.5200	-45.9077	220.0000
167.5078	-45.9200	220.0000
167.5000	-45.9278	220.0000
167.4800	-45.9278	220.0000
167.4600	-45.9278	220.0000
167.4400	-45.9278	220.0000
167.4200	-45.9278	220.0000
167.4122	-45.9200	220.0000
167.4000	-45.9077	220.0000
167.3800	-45.9077	220.0000
167.3600	-45.9078	220.0000
167.3400	-45.9078	220.0000
167.3322	-45.9000	220.0000
167.3200	-45.8878	220.0000
167.3122	-45.8800	220.0000
167.3000	-45.8678	220.0000
167.2922	-45.8600	220.0000
167.2922	-45.8400	220.0000
167.2922	-45.8200	220.0000
167.2922	-45.8000	220.0000
167.2922	-45.7800	220.0000
167.3000	-45.7722	220.0000
167.3123	-45.7600	220.0000
167.3122	-45.7400	220.0000
167.3200	-45.7322	220.0000
167.3322	-45.7200	220.0000
167.3400	-45.7122	220.0000
167.3522	-45.7000	220.0000
167.3600	-45.6922	220.0000
167.3722	-45.6800	220.0000
167.3800	-45.6722	220.0000
167.3922	-45.6600	220.0000
167.4000	-45.6522	220.0000
167.4200	-45.6523	220.0000
167.4322	-45.6400	220.0000
167.4400	-45.6322	220.0000
167.4600	-45.6323	220.0000
167.4722	-45.6200	220.0000
167.4800	-45.6122	220.0000
167.5000	-45.6123	220.0000
167.5123	-45.6000	220.0000
167.5200	-45.5922	220.0000
167.5322	-45.5800	220.0000
167.5400	-45.5722	220.0000
167.5522	-45.5600	220.0000
167.5600	-45.5522	220.0000
167.5724	-45.5400	220.0000
> 220 contour -Z220
166.2600	-45.6878	220.0000
166.2677	-45.6800	220.0000
166.2800	-45.6677	220.0000
166.2877	-45.6600	220.0000
166.3000	-45.6477	220.0000
166.3077	-45.6400	220.0000
166.3200	-45.6278	220.0000
166.3278	-45.6200	220.0000
166.3278	-45.6000	220.0000
> 220 contour -Z220
163.5200	-49.6522	220.0000
163.5278	-49.6600	220.0000
163.5278	-49.6800	220.0000
163.5400	-49.6922	220.0000
163.5478	-49.7000	220.0000
163.5600	-49.7122	220.0000
163.5678	-49.7200	220.0000
163.5800	-49.7322	220.0000
163.5878	-49.7400	220.0000
163.6000	-49.7522	220.0000
163.6078	-49.7600	220.0000
163.6200	-49.7722	220.0000
163.6400	-49.7722	220.0000
163.6478	-49.7800	220.0000
163.6600	-49.7922	220.0000
163.6800	-49.7922	220.0000
163.7000	-49.7922	220.0000
163.7200	-49.7922	220.0000
163.7400	-49.7922	220.0000
163.7600	-49.7922	220.0000
163.7800	-49.7922	220.0000
163.8000	-49.7922	220.0000
163.8200	-49.7922	220.0000
163.8400	-49.7922	220.0000
163.8600	-49.7922	220.0000
163.8800	-49.7922	220.0000
163.9000	-49.7922	220.0000
163.9200	-49.7922	220.0000
> 240 contour -Z240
167.6192	-45.5600	240.0000
167.6117	-45.5800	240.0000
167.6050	-45.6000	240.0000
167.6024	-45.6200	240.0000
167.6043	-45.6400	240.0000
167.6092	-45.6600	240.0000
167.6151	-45.6800	240.0000
167.6200	-45.6842	240.0000
167.6285	-45.7000	240.0000
167.6275	-45.7200	240.0000
167.6272	-45.7400	240.0000
167.6200	-45.7467	240.0000
167.6064	-45.7600	240.0000
167.6065	-45.7800	240.0000
167.6066	-45.8000	240.0000
167.6066	-45.8200	240.0000
167.6067	-45.8400	240.0000
167.6000	-45.8466	240.0000
167.5866	-45.8600	240.0000
167.5866	-45.8800	240.0000
167.5800	-45.8866	240.0000
167.5667	-45.9000	240.0000
167.5600	-45.9067	240.0000
167.5400	-45.9066	240.0000
167.5200	-45.9066	240.0000
167.5067	-45.9200	240.0000
167.5000	-45.9267	240.0000
167.4800	-45.9267	240.0000
167.4600	-45.9267	240.0000
167.4400	-45.9267	240.0000
167.4200	-45.9267	240.0000
167.4134	-45.9200	240.0000
167.4000	-45.9065	240.0000
167.3800	-45.9066	240.0000
167.3600	-45.9066	240.0000
167.3400	-45.9067	240.0000
167.3333	-45.9000	240.0000
167.3200	-45.8867	240.0000
167.3133	-45.8800	240.0000
167.3000	-45.8667	240.0000
167.2933	-45.8600	240.0000
167.2933	-45.8400	240.0000
167.2934	-45.8200	240.0000
167.2934	-45.8000	240.0000
167.2933	-45.7800	240.0000
167.3000	-45.7733	240.0000
167.3134	-45.7600	240.0000
167.3133	-45.7400	240.0000
167.3200	-45.7333	240.0000
167.3334	-45.7200	240.0000
167.3400	-45.7134	240.0000
167.3534	-45.7000	240.0000
167.3600	-45.6934	240.0000
167.3733	-45.6800	240.0000
167.3800	-45.6733	240.0000
167.3933	-45.6600	240.0000
167.4000	-45.6533	240.0000
167.4200	-45.6534	240.0000
167.4333	-45.6400	240.0000
167.4400	-45.6333	240.0000
167.4600	-45.6334	240.0000
167.4734	-45.6200	240.0000
167.4800	-45.6133	240.0000
167.5000	-45.6135	240.0000
167.5134	-45.6000	240.0000
167.5200	-45.5934	240.0000
167.5333	-45.5800	240.0000
167.5400	-45.5733	240.0000
167.5533	-45.5600	240.0000
167.5600	-45.5533	240.0000
167.5735	-45.5400	240.0000
> 240 contour -Z240
166.2600	-45.6867	240.0000
166.2666	-45.6800	240.0000
166.2800	-45.6666	240.0000
166.2866	-45.6600	240.0000
166.3000	-45.6466	240.0000
166.3066	-45.6400	240.0000
166.3200	-45.6267	240.0000
166.3267	-45.6200	240.0000
166.3267	-45.6000	240.0000
> 240 contour -Z240
163.5200	-49.6533	240.0000
163.5267	-49.6600	240.0000
163.5266	-49.6800	240.0000
163.5400	-49.6933	240.0000
163.5467	-49.7000	240.0000
163.5600	-49.7133	240.0000
163.5667	-49.7200	240.0000
163.5800	-49.7333	240.0000
163.5867	-49.7400	240.0000
163.6000	-49.7533	240.0000
163.6067	-49.7600	240.0000
163.6200	-49.7733	240.0000
163.6400	-49.7733	240.0000
163.6467	-49.7800	240.0000
163.6600	-49.7934	240.0000
163.6800	-49.7933	240.0000
163.7000	-49.7933	240.0000
163.7200	-49.7933	240.0000
163.7400	-49.7933	240.0000
163.7600	-49.7933	240.0000
163.7800	-49.7933	240.0000
163.8000	-49.7933	240.0000
163.8200	-49.7933	240.0000
163.8400	-49.7933	240.0000
163.8600	-49.7933	240.0000
163.8800	-49.7933	240.0000
163.9000	-49.7933	240.0000
163.9200	-49.7933	240.0000
> 260 contour -Z260
167.6111	-45.5600	260.0000
167.6005	-45.5800	260.0000
167.6000	-45.5814	260.0000
167.5961	-45.6000	260.0000
167.5945	-45.6200	260.0000
167.5957	-45.6400	260.0000
167.6000	-45.6550	260.0000
167.6015	-45.6600	260.0000
167.6095	-45.6800	260.0000
167.6200	-45.6891	260.0000
167.6259	-45.7000	260.0000
167.6262	-45.7200	260.0000
167.6260	-45.7400	260.0000
167.6200	-45.7456	260.0000
167.6052	-45.7600	260.0000
167.6054	-45.7800	260.0000
167.6054	-45.8000	260.0000
167.6055	-45.8200	260.0000
167.6056	-45.8400	260.0000
167.6000	-45.8455	260.0000
167.5854	-45.8600	260.0000
167.5855	-45.8800	260.0000
167.5800	-45.8855	260.0000
167.5655	-45.9000	260.0000
167.5600	-45.9056	260.0000
167.5400	-45.9055	260.0000
167.5200	-45.9054	260.0000
167.5055	-45.9200	260.0000
167.5000	-45.9256	260.0000
167.4800	-45.9256	260.0000
167.4600	-45.9256	260.0000
167.4400	-45.9256	260.0000
167.4200	-45.9256	260.0000
167.4145	-45.9200	260.0000
167.4000	-45.9054	260.0000
167.3800	-45.9055	260.0000
167.3600	-45.9055	260.0000
167.3400	-45.9056	260.0000
167.3344	-45.9000	260.0000
167.3200	-45.8855	260.0000
167.3145	-45.8800	260.0000
167.3000	-45.8656	260.0000
167.2944	-45.8600	260.0000
167.2945	-45.8400	260.0000
167.2945	-45.8200	260.0000
167.2945	-45.8000	260.0000
167.2944	-45.7800	260.0000
167.3000	-45.7745	260.0000
167.3145	-45.7600	260.0000
167.3144	-45.7400	260.0000
167.3200	-45.7345	260.0000
167.3345	-45.7200	260.0000
167.3400	-45.7145	260.0000
167.3545	-45.7000	260.0000
167.3600	-45.6945	260.0000
167.3745	-45.6800	260.0000
167.3800	-45.6744	260.0000
167.3944	-45.6600	260.0000
167.4000	-45.6544	260.0000
167.4200	-45.6545	260.0000
167.4345	-45.6400	260.0000
167.4400	-45.6344	260.0000
167.4600	-45.6345	260.0000
167.4745	-45.6200	260.0000
167.4800	-45.6144	260.0000
167.5000	-45.6146	260.0000
167.5145	-45.6000	260.0000
167.5200	-45.5945	260.0000
167.5345	-45.5800	260.0000
167.5400	-45.5744	260.0000
167.5545	-45.5600	260.0000
167.5600	-45.5545	260.0000
167.5747	-45.5400	260.0000
> 260 contour -Z260
166.2600	-45.6855	260.0000
166.2655	-45.6800	260.0000
166.2800	-45.6655	260.0000
166.2855	-45.6600	260.0000
166.3000	-45.6455	260.0000
166.3055	-45.6400	260.0000
166.3200	-45.6256	260.0000
166.3256	-45.6200	260.0000
166.3255	-45.6000	260.0000
> 260 contour -Z260
163.5200	-49.6545	260.0000
163.5256	-49.6600	260.0000
163.5255	-49.6800	260.0000
163.5400	-49.6945	260.0000
163.5455	-49.7000	260.0000
163.5600	-49.7144	260.0000
163.5656	-49.7200	260.0000
163.5800	-49.7344	260.0000
163.5856	-49.7400	260.0000
163.6000	-49.7545	260.0000
163.6055	-49.7600	260.0000
163.6200	-49.7745	260.0000
163.6400	-49.7744	260.0000
163.6455	-49.7800	260.0000
163.6600	-49.7945	260.0000
163.6800	-49.7945	260.0000
163.7000	-49.7945	260.0000
163.7200	-49.7944	260.0000
163.7400	-49.7944	260.0000
163.7600	-49.7944	260.0000
163.7800	-49.7944	260.0000
163.8000	-49.7944	260.0000
163.8200	-49.7944	260.0000
163.8400	-49.7944	260.0000
163.8600	-49.7944	260.0000
163.8800	-49.7945	260.0000
163.9000	-49.7945	260.0000
163.9200	-49.7945	260.0000
> 280 contour -Z280
167.6030	-45.5600	280.0000
167.6000	-45.5656	280.0000
167.5941	-45.5800	280.0000
167.5898	-45.6000	280.0000
167.5878	-45.6200	280.0000
167.5885	-45.6400	280.0000
167.5930	-45.6600	280.0000
167.6000	-45.6708	280.0000
167.6038	-45.6800	280.0000
167.6200	-45.6939	280.0000
167.6233	-45.7000	280.0000
167.6248	-45.7200	280.0000
167.6248	-45.7400	280.0000
167.6200	-45.7445	280.0000
167.6041	-45.7600	280.0000
167.6042	-45.7800	280.0000
167.6043	-45.8000	280.0000
167.6044	-45.8200	280.0000
167.6044	-45.8400	280.0000
167.6000	-45.8444	280.0000
167.5843	-45.8600	280.0000
167.5844	-45.8800	280.0000
167.5800	-45.8844	280.0000
167.5644	-45.9000	280.0000
167.5600	-45.9044	280.0000
167.5400	-45.9044	280.0000
167.5200	-45.9043	280.0000
167.5044	-45.9200	280.0000
167.5000	-45.9245	280.0000
167.4800	-45.9245	280.0000
167.4600	-45.9244	280.0000
167.4400	-45.9244	280.0000
167.4200	-45.9245	280.0000
167.4156	-45.9200	280.0000
167.4000	-45.9043	280.0000
167.3800	-45.9043	280.0000
167.3600	-45.9044	280.0000
167.3400	-45.9045	280.0000
167.3355	-45.9000	280.0000
167.3200	-45.8844	280.0000
167.3156	-45.8800	280.0000
167.3000	-45.8644	280.0000
167.2955	-45.8600	280.0000
167.2956	-45.8400	280.0000
167.2956	-45.8200	280.0000
167.2956	-45.8000	280.0000
167.2956	-45.7800	280.0000
167.3000	-45.7756	280.0000
167.3156	-45.7600	280.0000
167.3156	-45.7400	280.0000
167.3200	-45.7356	280.0000
167.3356	-45.7200	280.0000
167.3400	-45.7156	280.0000
167.3556	-45.7000	280.0000
167.3600	-45.6956	280.0000
167.3756	-45.6800	280.0000
167.3800	-45.6756	280.0000
167.3955	-45.6600	280.0000
167.4000	-45.6555	280.0000
167.4200	-45.6556	280.0000
167.4356	-45.6400	280.0000
167.4400	-45.6356	280.0000
167.4600	-45.6357	280.0000
167.4756	-45.6200	280.0000
167.4800	-45.6156	280.0000
167.5000	-45.6157	280.0000
167.5156	-45.6000	280.0000
167.5200	-45.5956	280.0000
167.5356	-45.5800	280.0000
167.5400	-45.5756	280.0000
167.5556	-45.5600	280.0000
167.5600	-45.5556	280.0000
167.5758	-45.5400	280.0000
> 280 contour -Z280
166.2600	-45.6844	280.0000
166.2644	-45.6800	280.0000
166.2800	-45.6643	280.0000
166.2843	-45.6600	280.0000
166.3000	-45.6444	280.0000
166.3044	-45.6400	280.0000
166.3200	-45.6244	280.0000
166.3245	-45.6200	280.0000
166.3244	-45.6000	280.0000
> 280 contour -Z280
163.5200	-49.6556	280.0000
163.5244	-49.6600	280.0000
163.5244	-49.6800	280.0000
163.5400	-49.6956	280.0000
163.5444	-49.7000	280.0000
163.5600	-49.7156	280.0000
163.5644	-49.7200	280.0000
163.5800	-49.7356	280.0000
163.5844	-49.7400	280.0000
163.6000	-49.7556	280.0000
163.6044	-49.7600	280.0000
163.6200	-49.7756	280.0000
163.6400	-49.7756	280.0000
163.6444	-49.7800	280.0000
163.6600	-49.7956	280.0000
163.6800	-49.7956	280.0000
163.7000	-49.7956	280.0000
163.7200	-49.7956	280.0000
163.7400	-49.7956	280.0000
163.7600	-49.7956	280.0000
163.7800	-49.7956	280.0000
163.8000	-49.7956	280.0000
163.8200	-49.7956	280.0000
163.8400	-49.7956	280.0000
163.8600	-49.7956	280.0000
163.8800	-49.7956	280.0000
163.9000	-49.7956	280.0000
163.9200	-49.7956	280.0000
> 300 contour -Z300
167.6000	-45.5521	300.0000
167.5953	-45.5600	300.0000
167.5880	-45.5800	300.0000
167.5836	-45.6000	300.0000
167.5811	-45.6200	300.0000
167.5812	-45.6400	300.0000
167.5842	-45.6600	300.0000
167.5949	-45.6800	300.0000
167.6000	-45.6845	300.0000
167.6200	-45.6988	300.0000
167.6207	-45.7000	300.0000
167.6235	-45.7200	300.0000
167.6236	-45.7400	300.0000
167.6200	-45.7433	300.0000
167.6029	-45.7600	300.0000
167.6031	-45.7800	300.0000
167.6032	-45.8000	300.0000
167.6032	-45.8200	300.0000
167.6033	-45.8400	300.0000
167.6000	-45.8433	300.0000
167.5832	-45.8600	300.0000
167.5833	-45.8800	300.0000
167.5800	-45.8833	300.0000
167.5633	-45.9000	300.0000
167.5600	-45.9033	300.0000
167.5400	-45.9032	300.0000
167.5200	-45.9032	300.0000
167.5033	-45.9200	300.0000
167.5000	-45.9233	300.0000
167.4800	-45.9233	300.0000
167.4600	-45.9233	300.0000
167.4400	-45.9233	300.0000
167.4200	-45.9233	300.0000
167.4167	-45.9200	300.0000
167.4000	-45.9032	300.0000
167.3800	-45.9032	300.0000
167.3600	-45.9033	300.0000
167.3400	-45.9033	300.0000
167.3367	-45.9000	300.0000
167.3200	-45.8833	300.0000
167.3167	-45.8800	300.0000
167.3000	-45.8633	300.0000
167.2967	-45.8600	300.0000
167.2967	-45.8400	300.0000
167.2967	-45.8200	300.0000
167.2967	-45.8000	300.0000
167.2967	-45.7800	300.0000
167.3000	-45.7767	300.0000
167.3167	-45.7600	300.0000
167.3167	-45.7400	300.0000
167.3200	-45.7367	300.0000
167.3367	-45.7200	300.0000
167.3400	-45.7167	300.0000
167.3567	-45.7000	300.0000
167.3600	-45.6967	300.0000
167.3767	-45.6800	300.0000
167.3800	-45.6767	300.0000
167.3967	-45.6600	300.0000
167.4000	-45.6566	300.0000
167.4200	-45.6568	300.0000
167.4367	-45.6400	300.0000
167.4400	-45.6367	300.0000
167.4600	-45.6368	300.0000
167.4767	-45.6200	300.0000
167.4800	-45.6167	300.0000
167.5000	-45.6168	300.0000
167.5168	-45.6000	300.0000
167.5200	-45.5968	300.0000
167.5367	-45.5800	300.0000
167.5400	-45.5767	300.0000
167.5567	-45.5600	300.0000
167.5600	-45.5567	300.0000
167.5770	-45.5400	300.0000
> 300 contour -Z300
166.2600	-45.6833	300.0000
166.2633	-45.6800	300.0000
166.2800	-45.6632	300.0000
166.2832	-45.6600	300.0000
166.3000	-45.6432	300.0000
166.3033	-45.6400	300.0000
166.3200	-45.6233	300.0000
166.3233	-45.6200	300.0000
166.3233	-45.6000	300.0000
> 300 contour -Z300
163.5200	-49.6567	300.0000
163.5233	-49.6600	300.0000
163.5233	-49.6800	300.0000
163.5400	-49.6967	300.0000
163.5433	-49.7000	300.0000
163.5600	-49.7167	300.0000
163.5633	-49.7200	300.0000
163.5800	-49.7367	300.0000
163.5833	-49.7400	300.0000
163.6000	-49.7567	300.0000
163.6033	-49.7600	300.0000
163.6200	-49.7767	300.0000
163.6400	-49.7767	300.0000
163.6433	-49.7800	300.0000
163.6600	-49.7967	300.0000
163.6800	-49.7967	300.0000
163.7000	-49.7967	300.0000
163.7200	-49.7967	300.0000
163.7400	-49.7967	300.0000
163.7600	-49.7967	300.0000
163.7800	-49.7967	300.0000
163.8000	-49.7967	300.0000
163.8200	-49.7967	300.0000
163.8400	-49.7967	300.0000
163.8600	-49.7967	300.0000
163.8800	-49.7967	300.0000
163.9000	-49.7967	300.0000
163.9200	-49.7967	300.0000
> 320 contour -Z320
167.5996	-45.5400	320.0000
167.5879	-45.5600	320.0000
167.5818	-45.5800	320.0000
167.5800	-45.5882	320.0000
167.5743	-45.6000	320.0000
167.5692	-45.6200	320.0000
167.5674	-45.6400	320.0000
167.5688	-45.6600	320.0000
167.5775	-45.6800	320.0000
167.5800	-45.6830	320.0000
167.6000	-45.6986	320.0000
167.6024	-45.7000	320.0000
167.6200	-45.7063	320.0000
167.6222	-45.7200	320.0000
167.6224	-45.7400	320.0000
167.6200	-45.7422	320.0000
167.6018	-45.7600	320.0000
167.6019	-45.7800	320.0000
167.6020	-45.8000	320.0000
167.6021	-45.8200	320.0000
167.6022	-45.8400	320.0000
167.6000	-45.8422	320.0000
167.5821	-45.8600	320.0000
167.5822	-45.8800	320.0000
167.5800	-45.8822	320.0000
167.5622	-45.9000	320.0000
167.5600	-45.9022	320.0000
167.5400	-45.9021	320.0000
167.5200	-45.9021	320.0000
167.5022	-45.9200	320.0000
167.5000	-45.9222	320.0000
167.4800	-45.9222	320.0000
167.4600	-45.9222	320.0000
167.4400	-45.9222	320.0000
167.4200	-45.9222	320.0000
167.4178	-45.9200	320.0000
167.4000	-45.9021	320.0000
167.3800	-45.9021	320.0000
167.3600	-45.9022	320.0000
167.3400	-45.9022	320.0000
167.3378	-45.9000	320.0000
167.3200	-45.8822	320.0000
167.3178	-45.8800	320.0000
167.3000	-45.8622	320.0000
167.2978	-45.8600	320.0000
167.2978	-45.8400	320.0000
167.2978	-45.8200	320.0000
167.2978	-45.8000	320.0000
167.2978	-45.7800	320.0000
167.3000	-45.7778	320.0000
167.3179	-45.7600	320.0000
167.3178	-45.7400	320.0000
167.3200	-45.7378	320.0000
167.3378	-45.7200	320.0000
167.3400	-45.7178	320.0000
167.3578	-45.7000	320.0000
167.3600	-45.6978	320.0000
167.3778	-45.6800	320.0000
167.3800	-45.6778	320.0000
167.3978	-45.6600	320.0000
167.4000	-45.6578	320.0000
167.4200	-45.6579	320.0000
167.4378	-45.6400	320.0000
167.4400	-45.6378	320.0000
167.4600	-45.6379	320.0000
167.4778	-45.6200	320.0000
167.4800	-45.6178	320.0000
167.5000	-45.6180	320.0000
167.5179	-45.6000	320.0000
167.5200	-45.5979	320.0000
167.5378	-45.5800	320.0000
167.5400	-45.5778	320.0000
167.5579	-45.5600	320.0000
167.5600	-45.5579	320.0000
167.5781	-45.5400	320.0000
> 320 contour -Z320
166.2600	-45.6822	320.0000
166.2621	-45.6800	320.0000
166.2800	-45.6621	320.0000
166.2821	-45.6600	320.0000
166.3000	-45.6421	320.0000
166.3021	-45.6400	320.0000
166.3200	-45.6222	320.0000
166.3222	-45.6200	320.0000
166.3222	-45.6000	320.0000
> 320 contour -Z320
163.5200	-49.6578	320.0000
163.5222	-49.6600	320.0000
163.5222	-49.6800	320.0000
163.5400	-49.6978	320.0000
163.5422	-49.7000	320.0000
163.5600	-49.7178	320.0000
163.5622	-49.7200	320.0000
163.5800	-49.7378	320.0000
163.5822	-49.7400	320.0000
163.6000	-49.7578	320.0000
163.6022	-49.7600	320.0000
163.6200	-49.7778	320.0000
163.6400	-49.7778	320.0000
163.6422	-49.7800	320.0000
163.6600	-49.7978	320.0000
163.6800	-49.7978	320.0000
163.7000	-49.7978	320.0000
163.7200	-49.7978	320.0000
163.7400	-49.7978	320.0000
163.7600	-49.7978	320.0000
163.7800	-49.7978	320.0000
163.8000	-49.7978	320.0000
163.8200	-49.7978	320.0000
163.8400	-49.7978	320.0000
163.8600	-49.7978	320.0000
163.8800	-49.7978	320.0000
163.9000	-49.7978	320.0000
163.9200	-49.7978	320.0000
> 340 contour -Z340
167.5877	-45.5400	340.0000
167.5805	-45.5600	340.0000
167.5800	-45.5617	340.0000
167.5684	-45.5800	340.0000
167.5611	-45.6000	340.0000
167.5600	-45.6045	340.0000
167.5503	-45.6200	340.0000
167.5415	-45.6400	340.0000
167.5400	-45.6448	340.0000
167.5305	-45.6600	340.0000
167.5203	-45.6800	340.0000
167.5200	-45.6809	340.0000
167.5092	-45.7000	340.0000
167.5000	-45.7193	340.0000
167.4996	-45.7200	340.0000
167.4933	-45.7400	340.0000
167.4945	-45.7600	340.0000
167.5000	-45.7664	340.0000
167.5200	-45.7702	340.0000
167.5400	-45.7640	340.0000
167.5458	-45.7600	340.0000
167.5600	-45.7527	340.0000
167.5767	-45.7400	340.0000
167.5800	-45.7386	340.0000
167.6000	-45.7245	340.0000
167.6026	-45.7200	340.0000
167.6200	-45.7147	340.0000
167.6208	-45.7200	340.0000
167.6212	-45.7400	340.0000
167.6200	-45.7411	340.0000
167.6006	-45.7600	340.0000
167.6008	-45.7800	340.0000
167.6009	-45.8000	340.0000
167.6010	-45.8200	340.0000
167.6011	-45.8400	340.0000
167.6000	-45.8410	340.0000
167.5810	-45.8600	340.0000
167.5811	-45.8800	340.0000
167.5800	-45.8811	340.0000
167.5611	-45.9000	340.0000
167.5600	-45.9011	340.0000
167.5400	-45.9010	340.0000
167.5200	-45.9009	340.0000
167.5011	-45.9200	340.0000
167.5000	-45.9211	340.0000
167.4800	-45.9211	340.0000
167.4600	-45.9211	340.0000
167.4400	-45.9211	340.0000
167.4200	-45.9211	340.0000
167.4189	-45.9200	340.0000
167.4000	-45.9009	340.0000
167.3800	-45.9010	340.0000
167.3600	-45.9010	340.0000
167.3400	-45.9011	340.0000
167.3389	-45.9000	340.0000
167.3200	-45.8811	340.0000
167.3189	-45.8800	340.0000
167.3000	-45.8611	340.0000
167.2989	-45.8600	340.0000
167.2989	-45.8400	340.0000
167.2990	-45.8200	340.0000
167.2989	-45.8000	340.0000
167.2989	-45.7800	340.0000
167.3000	-45.7789	340.0000
167.3190	-45.7600	340.0000
167.3189	-45.7400	340.0000
167.3200	-45.7389	340.0000
167.3389	-45.7200	340.0000
167.3400	-45.7189	340.0000
167.3589	-45.7000	340.0000
167.3600	-45.6989	340.0000
167.3789	-45.6800	340.0000
167.3800	-45.6789	340.0000
167.3989	-45.6600	340.0000
167.4000	-45.6589	340.0000
167.4200	-45.6590	340.0000
167.4389	-45.6400	340.0000
167.4400	-45.6389	340.0000
167.4600	-45.6390	340.0000
167.4789	-45.6200	340.0000
167.4800	-45.6189	340.0000
167.5000	-45.6191	340.0000
167.5190	-45.6000	340.0000
167.5200	-45.5990	340.0000
167.5389	-45.5800	340.0000
167.5400	-45.5789	340.0000
167.5590	-45.5600	340.0000
167.5600	-45.5590	340.0000
167.5793	-45.5400	340.0000
> 340 contour -Z340
166.2600	-45.6810	340.0000
166.2610	-45.6800	340.0000
166.2800	-45.6610	340.0000
166.2810	-45.6600	340.0000
166.3000	-45.6410	340.0000
166.3010	-45.6400	340.0000
166.3200	-45.6211	340.0000
166.3211	-45.6200	340.0000
166.3211	-45.6000	340.0000
> 340 contour -Z340
163.5200	-49.6589	340.0000
163.5211	-49.6600	340.0000
163.5211	-49.6800	340.0000
163.5400	-49.6989	340.0000
163.5411	-49.7000	340.0000
163.5600	-49.7189	340.0000
163.5611	-49.7200	340.0000
163.5800	-49.7389	340.0000
163.5811	-49.7400	340.0000
163.6000	-49.7589	340.0000
163.6011	-49.7600	340.0000
163.6200	-49.7789	340.0000
163.6400	-49.7789	340.0000
163.6411	-49.7800	340.0000
163.6600	-49.7989	340.0000
163.6800	-49.7989	340.0000
163.7000	-49.7989	340.0000
163.7200	-49.7989	340.0000
163.7400	-49.7989	340.0000
163.7600	-49.7989	340.0000
163.7800	-49.7989	340.0000
163.8000	-49.7989	340.0000
163.8200	-49.7989	340.0000
163.8400	-49.7989	340.0000
163.8600	-49.7989	340.0000
163.8800	-49.7989	340.0000
163.9000	-49.7989	340.0000
163.9200	-49.7989	340.0000
> 340 contour -Z340
163.3064	-49.9800	340.0000
163.3068	-50.0000	340.0000
163.3081	-50.0200	340.0000
163.3104	-50.0400	340.0000
