> -160 contour -Z-160
167.6491	-45.3400	-160.0000
167.6573	-45.3200	-160.0000
167.6600	-45.3144	-160.0000
167.6670	-45.3000	-160.0000
167.6779	-45.2800	-160.0000
167.6800	-45.2766	-160.0000
167.6906	-45.2600	-160.0000
167.7000	-45.2467	-160.0000
167.7049	-45.2400	-160.0000
167.7200	-45.2214	-160.0000
167.7212	-45.2200	-160.0000
167.7400	-45.2001	-160.0000
167.7401	-45.2000	-160.0000
167.7600	-45.1820	-160.0000
167.7624	-45.1800	-160.0000
167.7800	-45.1666	-160.0000
167.7895	-45.1600	-160.0000
167.8000	-45.1532	-160.0000
> -160 contour -Z-160
167.6728	-45.8800	-160.0000
167.6800	-45.8615	-160.0000
167.6807	-45.8600	-160.0000
167.6925	-45.8400	-160.0000
167.7000	-45.8306	-160.0000
> -140 contour -Z-140
167.4384	-46.0200	-140.0000
167.4400	-46.0162	-140.0000
167.4466	-46.0000	-140.0000
167.4531	-45.9800	-140.0000
167.4576	-45.9600	-140.0000
167.4600	-45.9406	-140.0000
167.4601	-45.9400	-140.0000
167.4606	-45.9200	-140.0000
167.4600	-45.9112	-140.0000
167.4592	-45.9000	-140.0000
167.4560	-45.8800	-140.0000
167.4511	-45.8600	-140.0000
167.4449	-45.8400	-140.0000
167.4400	-45.8267	-140.0000
167.4377	-45.8200	-140.0000
167.4300	-45.8000	-140.0000
167.4223	-45.7800	-140.0000
167.4200	-45.7738	-140.0000
167.4153	-45.7600	-140.0000
167.4093	-45.7400	-140.0000
167.4043	-45.7200	-140.0000
167.4006	-45.7000	-140.0000
167.4000	-45.6950	-140.0000
167.3985	-45.6800	-140.0000
167.3978	-45.6600	-140.0000
167.3986	-45.6400	-140.0000
167.4000	-45.6270	-140.0000
167.4008	-45.6200	-140.0000
167.4046	-45.6000	-140.0000
167.4096	-45.5800	-140.0000
167.4159	-45.5600	-140.0000
167.4200	-45.5490	-140.0000
167.4235	-45.5400	-140.0000
167.4324	-45.5200	-140.0000
167.4400	-45.5044	-140.0000
167.4422	-45.5000	-140.0000
167.4532	-45.4800	-140.0000
167.4600	-45.4683	-140.0000
167.4649	-45.4600	-140.0000
167.4773	-45.4400	-140.0000
167.4800	-45.4358	-140.0000
167.4904	-45.4200	-140.0000
167.5000	-45.4054	-140.0000
167.5036	-45.4000	-140.0000
167.5171	-45.3800	-140.0000
167.5200	-45.3759	-140.0000
167.5309	-45.3600	-140.0000
167.5400	-45.3468	-140.0000
167.5446	-45.3400	-140.0000
167.5585	-45.3200	-140.0000
167.5600	-45.3179	-140.0000
167.5727	-45.3000	-140.0000
167.5800	-45.2900	-140.0000
167.5872	-45.2800	-140.0000
167.6000	-45.2628	-140.0000
167.6021	-45.2600	-140.0000
167.6177	-45.2400	-140.0000
167.6200	-45.2371	-140.0000
167.6341	-45.2200	-140.0000
167.6400	-45.2132	-140.0000
167.6515	-45.2000	-140.0000
167.6600	-45.1908	-140.0000
167.6702	-45.1800	-140.0000
167.6800	-45.1702	-140.0000
167.6905	-45.1600	-140.0000
167.7000	-45.1513	-140.0000
167.7128	-45.1400	-140.0000
167.7200	-45.1340	-140.0000
167.7375	-45.1200	-140.0000
167.7400	-45.1181	-140.0000
167.7600	-45.1038	-140.0000
167.7657	-45.1000	-140.0000
167.7800	-45.0908	-140.0000
167.7982	-45.0800	-140.0000
167.8000	-45.0790	-140.0000
167.8200	-45.0685	-140.0000
167.8379	-45.0600	-140.0000
167.8400	-45.0590	-140.0000
167.8600	-45.0507	-140.0000
167.8800	-45.0433	-140.0000
167.8904	-45.0400	-140.0000
167.9000	-45.0369	-140.0000
167.9200	-45.0315	-140.0000
167.9400	-45.0270	-140.0000
167.9600	-45.0233	-140.0000
167.9800	-45.0204	-140.0000
167.9841	-45.0200	-140.0000
168.0000	-45.0184	-140.0000
168.0200	-45.0173	-140.0000
168.0400	-45.0170	-140.0000
> -140 contour -Z-140
165.6156	-48.7200	-140.0000
165.6200	-48.7123	-140.0000
165.6270	-48.7000	-140.0000
165.6386	-48.6800	-140.0000
165.6400	-48.6777	-140.0000
165.6505	-48.6600	-140.0000
165.6600	-48.6445	-140.0000
165.6627	-48.6400	-140.0000
165.6752	-48.6200	-140.0000
165.6800	-48.6125	-140.0000
165.6880	-48.6000	-140.0000
165.7000	-48.5817	-140.0000
165.7011	-48.5800	-140.0000
165.7145	-48.5600	-140.0000
165.7200	-48.5520	-140.0000
165.7282	-48.5400	-140.0000
165.7400	-48.5232	-140.0000
165.7422	-48.5200	-140.0000
165.7565	-48.5000	-140.0000
165.7600	-48.4952	-140.0000
165.7710	-48.4800	-140.0000
165.7800	-48.4679	-140.0000
165.7858	-48.4600	-140.0000
165.8000	-48.4411	-140.0000
165.8008	-48.4400	-140.0000
165.8160	-48.4200	-140.0000
165.8200	-48.4149	-140.0000
165.8314	-48.4000	-140.0000
165.8400	-48.3890	-140.0000
165.8469	-48.3800	-140.0000
165.8600	-48.3633	-140.0000
165.8626	-48.3600	-140.0000
165.8783	-48.3400	-140.0000
165.8800	-48.3379	-140.0000
165.8940	-48.3200	-140.0000
165.9000	-48.3125	-140.0000
165.9097	-48.3000	-140.0000
165.9200	-48.2870	-140.0000
165.9254	-48.2800	-140.0000
165.9400	-48.2614	-140.0000
165.9411	-48.2600	-140.0000
165.9566	-48.2400	-140.0000
165.9600	-48.2356	-140.0000
165.9720	-48.2200	-140.0000
165.9800	-48.2096	-140.0000
165.9872	-48.2000	-140.0000
166.0000	-48.1831	-140.0000
166.0023	-48.1800	-140.0000
166.0172	-48.1600	-140.0000
166.0200	-48.1563	-140.0000
166.0318	-48.1400	-140.0000
166.0400	-48.1289	-140.0000
166.0463	-48.1200	-140.0000
166.0600	-48.1009	-140.0000
166.0606	-48.1000	-140.0000
166.0746	-48.0800	-140.0000
166.0800	-48.0723	-140.0000
166.0884	-48.0600	-140.0000
166.1000	-48.0431	-140.0000
166.1021	-48.0400	-140.0000
166.1155	-48.0200	-140.0000
166.1200	-48.0132	-140.0000
166.1287	-48.0000	-140.0000
166.1400	-47.9827	-140.0000
166.1417	-47.9800	-140.0000
166.1546	-47.9600	-140.0000
166.1600	-47.9516	-140.0000
166.1673	-47.9400	-140.0000
166.1799	-47.9200	-140.0000
166.1800	-47.9198	-140.0000
166.1923	-47.9000	-140.0000
166.2000	-47.8876	-140.0000
166.2046	-47.8800	-140.0000
166.2169	-47.8600	-140.0000
166.2200	-47.8550	-140.0000
166.2291	-47.8400	-140.0000
166.2400	-47.8221	-140.0000
166.2413	-47.8200	-140.0000
166.2533	-47.8000	-140.0000
166.2600	-47.7891	-140.0000
166.2654	-47.7800	-140.0000
166.2776	-47.7600	-140.0000
166.2800	-47.7560	-140.0000
> -120 contour -Z-120
167.1748	-46.1600	-120.0000
167.1800	-46.1503	-120.0000
167.1856	-46.1400	-120.0000
167.1960	-46.1200	-120.0000
167.2000	-46.1118	-120.0000
167.2059	-46.1000	-120.0000
167.2154	-46.0800	-120.0000
167.2200	-46.0696	-120.0000
167.2244	-46.0600	-120.0000
167.2328	-46.0400	-120.0000
167.2400	-46.0211	-120.0000
167.2404	-46.0200	-120.0000
167.2475	-46.0000	-120.0000
167.2537	-45.9800	-120.0000
167.2590	-45.9600	-120.0000
167.2600	-45.9552	-120.0000
167.2634	-45.9400	-120.0000
167.2669	-45.9200	-120.0000
167.2695	-45.9000	-120.0000
167.2714	-45.8800	-120.0000
167.2727	-45.8600	-120.0000
167.2736	-45.8400	-120.0000
167.2743	-45.8200	-120.0000
167.2750	-45.8000	-120.0000
167.2758	-45.7800	-120.0000
167.2769	-45.7600	-120.0000
167.2784	-45.7400	-120.0000
167.2800	-45.7248	-120.0000
167.2805	-45.7200	-120.0000
167.2832	-45.7000	-120.0000
167.2865	-45.6800	-120.0000
167.2906	-45.6600	-120.0000
167.2955	-45.6400	-120.0000
167.3000	-45.6240	-120.0000
167.3011	-45.6200	-120.0000
167.3077	-45.6000	-120.0000
167.3151	-45.5800	-120.0000
167.3200	-45.5681	-120.0000
167.3233	-45.5600	-120.0000
167.3325	-45.5400	-120.0000
167.3400	-45.5251	-120.0000
167.3425	-45.5200	-120.0000
167.3534	-45.5000	-120.0000
167.3600	-45.4888	-120.0000
167.3651	-45.4800	-120.0000
167.3776	-45.4600	-120.0000
167.3800	-45.4563	-120.0000
167.3908	-45.4400	-120.0000
167.4000	-45.4267	-120.0000
167.4046	-45.4200	-120.0000
167.4189	-45.4000	-120.0000
167.4200	-45.3986	-120.0000
167.4338	-45.3800	-120.0000
167.4400	-45.3719	-120.0000
167.4490	-45.3600	-120.0000
167.4600	-45.3458	-120.0000
167.4645	-45.3400	-120.0000
167.4800	-45.3202	-120.0000
167.4801	-45.3200	-120.0000
167.4961	-45.3000	-120.0000
167.5000	-45.2952	-120.0000
167.5122	-45.2800	-120.0000
167.5200	-45.2705	-120.0000
167.5285	-45.2600	-120.0000
167.5400	-45.2462	-120.0000
167.5451	-45.2400	-120.0000
167.5600	-45.2225	-120.0000
167.5622	-45.2200	-120.0000
167.5797	-45.2000	-120.0000
167.5800	-45.1996	-120.0000
167.5979	-45.1800	-120.0000
167.6000	-45.1778	-120.0000
167.6169	-45.1600	-120.0000
167.6200	-45.1568	-120.0000
167.6369	-45.1400	-120.0000
167.6400	-45.1370	-120.0000
167.6581	-45.1200	-120.0000
167.6600	-45.1182	-120.0000
167.6800	-45.1006	-120.0000
167.6807	-45.1000	-120.0000
167.7000	-45.0841	-120.0000
167.7053	-45.0800	-120.0000
167.7200	-45.0687	-120.0000
167.7320	-45.0600	-120.0000
167.7400	-45.0542	-120.0000
167.7600	-45.0408	-120.0000
167.7613	-45.0400	-120.0000
167.7800	-45.0283	-120.0000
167.7944	-45.0200	-120.0000
167.8000	-45.0167	-120.0000
167.8200	-45.0060	-120.0000
167.8322	-45.0000	-120.0000
167.8400	-44.9961	-120.0000
167.8600	-44.9869	-120.0000
167.8765	-44.9800	-120.0000
167.8800	-44.9785	-120.0000
167.9000	-44.9707	-120.0000
167.9200	-44.9635	-120.0000
167.9308	-44.9600	-120.0000
167.9400	-44.9569	-120.0000
167.9600	-44.9508	-120.0000
167.9800	-44.9452	-120.0000
168.0000	-44.9401	-120.0000
168.0005	-44.9400	-120.0000
168.0200	-44.9354	-120.0000
168.0400	-44.9311	-120.0000
168.0600	-44.9271	-120.0000
168.0800	-44.9235	-120.0000
168.1000	-44.9201	-120.0000
> -120 contour -Z-120
165.2502	-49.0600	-120.0000
165.2594	-49.0400	-120.0000
165.2600	-49.0387	-120.0000
165.2690	-49.0200	-120.0000
165.2791	-49.0000	-120.0000
165.2800	-48.9982	-120.0000
165.2894	-48.9800	-120.0000
165.3000	-48.9603	-120.0000
165.3001	-48.9600	-120.0000
165.3111	-48.9400	-120.0000
165.3200	-48.9242	-120.0000
165.3223	-48.9200	-120.0000
165.3338	-48.9000	-120.0000
165.3400	-48.8893	-120.0000
165.3454	-48.8800	-120.0000
165.3571	-48.8600	-120.0000
165.3600	-48.8552	-120.0000
165.3690	-48.8400	-120.0000
165.3800	-48.8218	-120.0000
165.3810	-48.8200	-120.0000
165.3931	-48.8000	-120.0000
165.4000	-48.7888	-120.0000
165.4054	-48.7800	-120.0000
165.4177	-48.7600	-120.0000
165.4200	-48.7563	-120.0000
165.4301	-48.7400	-120.0000
165.4400	-48.7242	-120.0000
165.4426	-48.7200	-120.0000
165.4552	-48.7000	-120.0000
165.4600	-48.6925	-120.0000
165.4680	-48.6800	-120.0000
165.4800	-48.6614	-120.0000
165.4809	-48.6600	-120.0000
165.4939	-48.6400	-120.0000
165.5000	-48.6308	-120.0000
165.5071	-48.6200	-120.0000
165.5200	-48.6008	-120.0000
165.5205	-48.6000	-120.0000
165.5341	-48.5800	-120.0000
165.5400	-48.5715	-120.0000
165.5479	-48.5600	-120.0000
165.5600	-48.5428	-120.0000
165.5620	-48.5400	-120.0000
165.5762	-48.5200	-120.0000
165.5800	-48.5148	-120.0000
165.5908	-48.5000	-120.0000
165.6000	-48.4876	-120.0000
165.6056	-48.4800	-120.0000
165.6200	-48.4609	-120.0000
165.6207	-48.4600	-120.0000
165.6361	-48.4400	-120.0000
165.6400	-48.4350	-120.0000
165.6517	-48.4200	-120.0000
165.6600	-48.4096	-120.0000
165.6676	-48.4000	-120.0000
165.6800	-48.3847	-120.0000
165.6838	-48.3800	-120.0000
165.7000	-48.3602	-120.0000
165.7002	-48.3600	-120.0000
165.7168	-48.3400	-120.0000
165.7200	-48.3362	-120.0000
165.7336	-48.3200	-120.0000
165.7400	-48.3125	-120.0000
165.7505	-48.3000	-120.0000
165.7600	-48.2890	-120.0000
165.7676	-48.2800	-120.0000
165.7800	-48.2656	-120.0000
165.7848	-48.2600	-120.0000
165.8000	-48.2424	-120.0000
165.8021	-48.2400	-120.0000
165.8193	-48.2200	-120.0000
165.8200	-48.2192	-120.0000
165.8365	-48.2000	-120.0000
165.8400	-48.1959	-120.0000
165.8536	-48.1800	-120.0000
165.8600	-48.1725	-120.0000
165.8706	-48.1600	-120.0000
165.8800	-48.1489	-120.0000
165.8875	-48.1400	-120.0000
165.9000	-48.1251	-120.0000
165.9042	-48.1200	-120.0000
165.9200	-48.1009	-120.0000
165.9208	-48.1000	-120.0000
165.9370	-48.0800	-120.0000
165.9400	-48.0764	-120.0000
165.9531	-48.0600	-120.0000
165.9600	-48.0514	-120.0000
165.9689	-48.0400	-120.0000
165.9800	-48.0259	-120.0000
165.9845	-48.0200	-120.0000
166.0000	-48.0000	-120.0000
166.0000	-47.9999	-120.0000
166.0150	-47.9800	-120.0000
166.0200	-47.9734	-120.0000
166.0299	-47.9600	-120.0000
166.0400	-47.9463	-120.0000
166.0446	-47.9400	-120.0000
166.0591	-47.9200	-120.0000
166.0600	-47.9187	-120.0000
166.0732	-47.9000	-120.0000
166.0800	-47.8905	-120.0000
166.0873	-47.8800	-120.0000
166.1000	-47.8618	-120.0000
166.1013	-47.8600	-120.0000
166.1150	-47.8400	-120.0000
166.1200	-47.8327	-120.0000
166.1286	-47.8200	-120.0000
166.1400	-47.8032	-120.0000
166.1421	-47.8000	-120.0000
166.1555	-47.7800	-120.0000
166.1600	-47.7733	-120.0000
166.1688	-47.7600	-120.0000
166.1800	-47.7432	-120.0000
166.1821	-47.7400	-120.0000
166.1953	-47.7200	-120.0000
166.2000	-47.7129	-120.0000
166.2084	-47.7000	-120.0000
> -100 contour -Z-100
164.9984	-49.1400	-100.0000
165.0000	-49.1360	-100.0000
165.0064	-49.1200	-100.0000
165.0149	-49.1000	-100.0000
165.0200	-49.0887	-100.0000
165.0240	-49.0800	-100.0000
165.0336	-49.0600	-100.0000
165.0400	-49.0474	-100.0000
165.0438	-49.0400	-100.0000
165.0545	-49.0200	-100.0000
165.0600	-49.0100	-100.0000
165.0656	-49.0000	-100.0000
165.0772	-48.9800	-100.0000
165.0800	-48.9754	-100.0000
165.0893	-48.9600	-100.0000
165.1000	-48.9428	-100.0000
165.1018	-48.9400	-100.0000
165.1146	-48.9200	-100.0000
165.1200	-48.9118	-100.0000
165.1277	-48.9000	-100.0000
165.1400	-48.8817	-100.0000
165.1411	-48.8800	-100.0000
165.1547	-48.8600	-100.0000
165.1600	-48.8524	-100.0000
165.1686	-48.8400	-100.0000
165.1800	-48.8236	-100.0000
165.1825	-48.8200	-100.0000
165.1966	-48.8000	-100.0000
165.2000	-48.7952	-100.0000
165.2107	-48.7800	-100.0000
165.2200	-48.7670	-100.0000
165.2249	-48.7600	-100.0000
165.2391	-48.7400	-100.0000
165.2400	-48.7388	-100.0000
165.2534	-48.7200	-100.0000
165.2600	-48.7107	-100.0000
165.2676	-48.7000	-100.0000
165.2800	-48.6826	-100.0000
165.2818	-48.6800	-100.0000
165.2960	-48.6600	-100.0000
165.3000	-48.6544	-100.0000
165.3102	-48.6400	-100.0000
165.3200	-48.6263	-100.0000
165.3244	-48.6200	-100.0000
165.3387	-48.6000	-100.0000
165.3400	-48.5982	-100.0000
165.3530	-48.5800	-100.0000
165.3600	-48.5702	-100.0000
165.3673	-48.5600	-100.0000
165.3800	-48.5424	-100.0000
165.3817	-48.5400	-100.0000
165.3962	-48.5200	-100.0000
165.4000	-48.5148	-100.0000
165.4108	-48.5000	-100.0000
165.4200	-48.4876	-100.0000
165.4256	-48.4800	-100.0000
165.4400	-48.4607	-100.0000
165.4405	-48.4600	-100.0000
165.4556	-48.4400	-100.0000
165.4600	-48.4342	-100.0000
165.4709	-48.4200	-100.0000
165.4800	-48.4082	-100.0000
165.4864	-48.4000	-100.0000
165.5000	-48.3827	-100.0000
165.5022	-48.3800	-100.0000
165.5182	-48.3600	-100.0000
165.5200	-48.3577	-100.0000
165.5344	-48.3400	-100.0000
165.5400	-48.3332	-100.0000
165.5509	-48.3200	-100.0000
165.5600	-48.3092	-100.0000
165.5677	-48.3000	-100.0000
165.5800	-48.2856	-100.0000
165.5848	-48.2800	-100.0000
165.6000	-48.2624	-100.0000
165.6021	-48.2600	-100.0000
165.6196	-48.2400	-100.0000
165.6200	-48.2396	-100.0000
165.6374	-48.2200	-100.0000
165.6400	-48.2171	-100.0000
165.6554	-48.2000	-100.0000
165.6600	-48.1949	-100.0000
165.6735	-48.1800	-100.0000
165.6800	-48.1729	-100.0000
165.6918	-48.1600	-100.0000
165.7000	-48.1511	-100.0000
165.7102	-48.1400	-100.0000
165.7200	-48.1295	-100.0000
165.7287	-48.1200	-100.0000
165.7400	-48.1078	-100.0000
165.7472	-48.1000	-100.0000
165.7600	-48.0862	-100.0000
165.7657	-48.0800	-100.0000
165.7800	-48.0646	-100.0000
165.7842	-48.0600	-100.0000
165.8000	-48.0428	-100.0000
165.8026	-48.0400	-100.0000
165.8200	-48.0209	-100.0000
165.8208	-48.0200	-100.0000
165.8389	-48.0000	-100.0000
165.8400	-47.9988	-100.0000
165.8567	-47.9800	-100.0000
165.8600	-47.9764	-100.0000
165.8744	-47.9600	-100.0000
165.8800	-47.9537	-100.0000
165.8918	-47.9400	-100.0000
165.9000	-47.9306	-100.0000
165.9090	-47.9200	-100.0000
165.9200	-47.9072	-100.0000
165.9260	-47.9000	-100.0000
165.9400	-47.8834	-100.0000
165.9428	-47.8800	-100.0000
165.9593	-47.8600	-100.0000
165.9600	-47.8591	-100.0000
165.9754	-47.8400	-100.0000
165.9800	-47.8344	-100.0000
165.9914	-47.8200	-100.0000
166.0000	-47.8092	-100.0000
166.0072	-47.8000	-100.0000
166.0200	-47.7837	-100.0000
166.0228	-47.7800	-100.0000
166.0382	-47.7600	-100.0000
166.0400	-47.7576	-100.0000
166.0533	-47.7400	-100.0000
166.0600	-47.7312	-100.0000
166.0683	-47.7200	-100.0000
166.0800	-47.7044	-100.0000
166.0832	-47.7000	-100.0000
166.0979	-47.6800	-100.0000
166.1000	-47.6772	-100.0000
166.1125	-47.6600	-100.0000
166.1200	-47.6497	-100.0000
166.1270	-47.6400	-100.0000
166.1400	-47.6220	-100.0000
166.1414	-47.6200	-100.0000
166.1557	-47.6000	-100.0000
166.1600	-47.5940	-100.0000
166.1698	-47.5800	-100.0000
166.1800	-47.5657	-100.0000
166.1840	-47.5600	-100.0000
166.1981	-47.5400	-100.0000
166.2000	-47.5373	-100.0000
166.2120	-47.5200	-100.0000
166.2200	-47.5086	-100.0000
166.2259	-47.5000	-100.0000
166.2398	-47.4800	-100.0000
166.2400	-47.4797	-100.0000
166.2534	-47.4600	-100.0000
166.2600	-47.4504	-100.0000
166.2670	-47.4400	-100.0000
166.2800	-47.4209	-100.0000
166.2806	-47.4200	-100.0000
166.2940	-47.4000	-100.0000
166.3000	-47.3910	-100.0000
166.3073	-47.3800	-100.0000
166.3200	-47.3608	-100.0000
166.3205	-47.3600	-100.0000
166.3335	-47.3400	-100.0000
166.3400	-47.3299	-100.0000
166.3463	-47.3200	-100.0000
166.3591	-47.3000	-100.0000
166.3600	-47.2985	-100.0000
166.3715	-47.2800	-100.0000
166.3800	-47.2664	-100.0000
166.3839	-47.2600	-100.0000
166.3961	-47.2400	-100.0000
166.4000	-47.2335	-100.0000
166.4081	-47.2200	-100.0000
166.4200	-47.2000	-100.0000
166.4200	-47.1999	-100.0000
166.4315	-47.1800	-100.0000
166.4400	-47.1654	-100.0000
166.4431	-47.1600	-100.0000
166.4544	-47.1400	-100.0000
166.4600	-47.1301	-100.0000
166.4656	-47.1200	-100.0000
166.4767	-47.1000	-100.0000
166.4800	-47.0940	-100.0000
166.4876	-47.0800	-100.0000
166.4986	-47.0600	-100.0000
166.5000	-47.0573	-100.0000
166.5093	-47.0400	-100.0000
166.5200	-47.0202	-100.0000
166.5201	-47.0200	-100.0000
166.5307	-47.0000	-100.0000
166.5400	-46.9828	-100.0000
166.5415	-46.9800	-100.0000
166.5521	-46.9600	-100.0000
166.5600	-46.9454	-100.0000
166.5629	-46.9400	-100.0000
166.5736	-46.9200	-100.0000
166.5800	-46.9081	-100.0000
166.5844	-46.9000	-100.0000
166.5952	-46.8800	-100.0000
166.6000	-46.8713	-100.0000
166.6062	-46.8600	-100.0000
166.6172	-46.8400	-100.0000
166.6200	-46.8349	-100.0000
166.6283	-46.8200	-100.0000
166.6395	-46.8000	-100.0000
166.6400	-46.7992	-100.0000
166.6508	-46.7800	-100.0000
166.6600	-46.7640	-100.0000
166.6623	-46.7600	-100.0000
166.6738	-46.7400	-100.0000
166.6800	-46.7294	-100.0000
166.6855	-46.7200	-100.0000
166.6973	-46.7000	-100.0000
166.7000	-46.6954	-100.0000
166.7091	-46.6800	-100.0000
166.7200	-46.6619	-100.0000
166.7212	-46.6600	-100.0000
166.7332	-46.6400	-100.0000
166.7400	-46.6288	-100.0000
166.7454	-46.6200	-100.0000
166.7576	-46.6000	-100.0000
166.7600	-46.5961	-100.0000
166.7699	-46.5800	-100.0000
166.7800	-46.5636	-100.0000
166.7823	-46.5600	-100.0000
166.7946	-46.5400	-100.0000
166.8000	-46.5313	-100.0000
166.8070	-46.5200	-100.0000
166.8195	-46.5000	-100.0000
166.8200	-46.4992	-100.0000
166.8319	-46.4800	-100.0000
166.8400	-46.4669	-100.0000
166.8443	-46.4600	-100.0000
166.8567	-46.4400	-100.0000
166.8600	-46.4346	-100.0000
166.8690	-46.4200	-100.0000
166.8800	-46.4022	-100.0000
166.8814	-46.4000	-100.0000
166.8936	-46.3800	-100.0000
166.9000	-46.3695	-100.0000
166.9058	-46.3600	-100.0000
166.9180	-46.3400	-100.0000
166.9200	-46.3367	-100.0000
166.9301	-46.3200	-100.0000
166.9400	-46.3035	-100.0000
166.9421	-46.3000	-100.0000
166.9540	-46.2800	-100.0000
166.9600	-46.2699	-100.0000
166.9659	-46.2600	-100.0000
166.9776	-46.2400	-100.0000
166.9800	-46.2359	-100.0000
166.9892	-46.2200	-100.0000
167.0000	-46.2011	-100.0000
167.0006	-46.2000	-100.0000
167.0119	-46.1800	-100.0000
167.0200	-46.1652	-100.0000
167.0228	-46.1600	-100.0000
167.0335	-46.1400	-100.0000
167.0400	-46.1274	-100.0000
167.0438	-46.1200	-100.0000
167.0538	-46.1000	-100.0000
167.0600	-46.0869	-100.0000
167.0633	-46.0800	-100.0000
167.0723	-46.0600	-100.0000
167.0800	-46.0420	-100.0000
167.0809	-46.0400	-100.0000
167.0890	-46.0200	-100.0000
167.0966	-46.0000	-100.0000
167.1000	-45.9906	-100.0000
167.1038	-45.9800	-100.0000
167.1106	-45.9600	-100.0000
167.1169	-45.9400	-100.0000
167.1200	-45.9297	-100.0000
167.1229	-45.9200	-100.0000
167.1286	-45.9000	-100.0000
167.1341	-45.8800	-100.0000
167.1393	-45.8600	-100.0000
167.1400	-45.8572	-100.0000
167.1444	-45.8400	-100.0000
167.1495	-45.8200	-100.0000
167.1545	-45.8000	-100.0000
167.1597	-45.7800	-100.0000
167.1600	-45.7788	-100.0000
167.1650	-45.7600	-100.0000
167.1705	-45.7400	-100.0000
167.1763	-45.7200	-100.0000
167.1800	-45.7083	-100.0000
167.1825	-45.7000	-100.0000
167.1891	-45.6800	-100.0000
167.1962	-45.6600	-100.0000
167.2000	-45.6504	-100.0000
167.2039	-45.6400	-100.0000
167.2121	-45.6200	-100.0000
167.2200	-45.6023	-100.0000
167.2210	-45.6000	-100.0000
167.2304	-45.5800	-100.0000
167.2400	-45.5611	-100.0000
167.2406	-45.5600	-100.0000
167.2513	-45.5400	-100.0000
167.2600	-45.5249	-100.0000
167.2628	-45.5200	-100.0000
167.2748	-45.5000	-100.0000
167.2800	-45.4919	-100.0000
167.2875	-45.4800	-100.0000
167.3000	-45.4613	-100.0000
167.3009	-45.4600	-100.0000
167.3147	-45.4400	-100.0000
167.3200	-45.4328	-100.0000
167.3292	-45.4200	-100.0000
167.3400	-45.4056	-100.0000
167.3441	-45.4000	-100.0000
167.3595	-45.3800	-100.0000
167.3600	-45.3794	-100.0000
167.3753	-45.3600	-100.0000
167.3800	-45.3543	-100.0000
167.3915	-45.3400	-100.0000
167.4000	-45.3297	-100.0000
167.4079	-45.3200	-100.0000
167.4200	-45.3056	-100.0000
167.4247	-45.3000	-100.0000
167.4400	-45.2819	-100.0000
167.4416	-45.2800	-100.0000
167.4588	-45.2600	-100.0000
167.4600	-45.2586	-100.0000
167.4762	-45.2400	-100.0000
167.4800	-45.2357	-100.0000
167.4939	-45.2200	-100.0000
167.5000	-45.2132	-100.0000
167.5118	-45.2000	-100.0000
167.5200	-45.1911	-100.0000
167.5302	-45.1800	-100.0000
167.5400	-45.1696	-100.0000
167.5490	-45.1600	-100.0000
167.5600	-45.1486	-100.0000
167.5683	-45.1400	-100.0000
167.5800	-45.1283	-100.0000
167.5884	-45.1200	-100.0000
167.6000	-45.1087	-100.0000
167.6092	-45.1000	-100.0000
167.6200	-45.0899	-100.0000
167.6309	-45.0800	-100.0000
167.6400	-45.0719	-100.0000
167.6537	-45.0600	-100.0000
167.6600	-45.0546	-100.0000
167.6778	-45.0400	-100.0000
167.6800	-45.0382	-100.0000
167.7000	-45.0226	-100.0000
167.7034	-45.0200	-100.0000
167.7200	-45.0077	-100.0000
167.7310	-45.0000	-100.0000
167.7400	-44.9936	-100.0000
167.7600	-44.9803	-100.0000
167.7605	-44.9800	-100.0000
167.7800	-44.9677	-100.0000
167.7930	-44.9600	-100.0000
167.8000	-44.9557	-100.0000
167.8200	-44.9445	-100.0000
167.8285	-44.9400	-100.0000
167.8400	-44.9338	-100.0000
167.8600	-44.9236	-100.0000
167.8677	-44.9200	-100.0000
167.8800	-44.9140	-100.0000
167.9000	-44.9048	-100.0000
167.9112	-44.9000	-100.0000
167.9200	-44.8961	-100.0000
167.9400	-44.8876	-100.0000
167.9591	-44.8800	-100.0000
167.9600	-44.8796	-100.0000
167.9800	-44.8717	-100.0000
168.0000	-44.8641	-100.0000
168.0113	-44.8600	-100.0000
168.0200	-44.8567	-100.0000
> -80 contour -Z-80
164.7672	-49.2600	-80.0000
164.7724	-49.2400	-80.0000
164.7781	-49.2200	-80.0000
164.7800	-49.2137	-80.0000
164.7842	-49.2000	-80.0000
164.7907	-49.1800	-80.0000
164.7977	-49.1600	-80.0000
164.8000	-49.1539	-80.0000
164.8052	-49.1400	-80.0000
164.8131	-49.1200	-80.0000
164.8200	-49.1036	-80.0000
164.8215	-49.1000	-80.0000
164.8304	-49.0800	-80.0000
164.8397	-49.0600	-80.0000
164.8400	-49.0593	-80.0000
164.8494	-49.0400	-80.0000
164.8596	-49.0200	-80.0000
164.8600	-49.0193	-80.0000
164.8703	-49.0000	-80.0000
164.8800	-48.9826	-80.0000
164.8814	-48.9800	-80.0000
164.8930	-48.9600	-80.0000
164.9000	-48.9483	-80.0000
164.9050	-48.9400	-80.0000
164.9173	-48.9200	-80.0000
164.9200	-48.9158	-80.0000
164.9301	-48.9000	-80.0000
164.9400	-48.8849	-80.0000
164.9432	-48.8800	-80.0000
164.9567	-48.8600	-80.0000
164.9600	-48.8551	-80.0000
164.9704	-48.8400	-80.0000
164.9800	-48.8263	-80.0000
164.9845	-48.8200	-80.0000
164.9987	-48.8000	-80.0000
165.0000	-48.7982	-80.0000
165.0132	-48.7800	-80.0000
165.0200	-48.7707	-80.0000
165.0278	-48.7600	-80.0000
165.0400	-48.7435	-80.0000
165.0426	-48.7400	-80.0000
165.0575	-48.7200	-80.0000
165.0600	-48.7166	-80.0000
165.0724	-48.7000	-80.0000
165.0800	-48.6899	-80.0000
165.0874	-48.6800	-80.0000
165.1000	-48.6632	-80.0000
165.1024	-48.6600	-80.0000
165.1174	-48.6400	-80.0000
165.1200	-48.6365	-80.0000
165.1324	-48.6200	-80.0000
165.1400	-48.6098	-80.0000
165.1473	-48.6000	-80.0000
165.1600	-48.5831	-80.0000
165.1623	-48.5800	-80.0000
165.1772	-48.5600	-80.0000
165.1800	-48.5562	-80.0000
165.1920	-48.5400	-80.0000
165.2000	-48.5293	-80.0000
165.2069	-48.5200	-80.0000
165.2200	-48.5023	-80.0000
165.2217	-48.5000	-80.0000
165.2365	-48.4800	-80.0000
165.2400	-48.4754	-80.0000
165.2514	-48.4600	-80.0000
165.2600	-48.4485	-80.0000
165.2663	-48.4400	-80.0000
165.2800	-48.4217	-80.0000
165.2812	-48.4200	-80.0000
165.2963	-48.4000	-80.0000
165.3000	-48.3950	-80.0000
165.3114	-48.3800	-80.0000
165.3200	-48.3686	-80.0000
165.3266	-48.3600	-80.0000
165.3400	-48.3425	-80.0000
165.3419	-48.3400	-80.0000
165.3574	-48.3200	-80.0000
165.3600	-48.3167	-80.0000
165.3731	-48.3000	-80.0000
165.3800	-48.2912	-80.0000
165.3889	-48.2800	-80.0000
165.4000	-48.2662	-80.0000
165.4050	-48.2600	-80.0000
165.4200	-48.2415	-80.0000
165.4212	-48.2400	-80.0000
165.4377	-48.2200	-80.0000
165.4400	-48.2173	-80.0000
165.4545	-48.2000	-80.0000
165.4600	-48.1934	-80.0000
165.4714	-48.1800	-80.0000
165.4800	-48.1700	-80.0000
165.4887	-48.1600	-80.0000
165.5000	-48.1470	-80.0000
165.5062	-48.1400	-80.0000
165.5200	-48.1244	-80.0000
165.5239	-48.1200	-80.0000
165.5400	-48.1022	-80.0000
165.5420	-48.1000	-80.0000
165.5600	-48.0803	-80.0000
165.5603	-48.0800	-80.0000
165.5788	-48.0600	-80.0000
165.5800	-48.0587	-80.0000
165.5976	-48.0400	-80.0000
165.6000	-48.0375	-80.0000
165.6166	-48.0200	-80.0000
165.6200	-48.0164	-80.0000
165.6358	-48.0000	-80.0000
165.6400	-47.9956	-80.0000
165.6552	-47.9800	-80.0000
165.6600	-47.9750	-80.0000
165.6747	-47.9600	-80.0000
165.6800	-47.9546	-80.0000
165.6943	-47.9400	-80.0000
165.7000	-47.9342	-80.0000
165.7139	-47.9200	-80.0000
165.7200	-47.9139	-80.0000
165.7336	-47.9000	-80.0000
165.7400	-47.8935	-80.0000
165.7532	-47.8800	-80.0000
165.7600	-47.8731	-80.0000
165.7728	-47.8600	-80.0000
165.7800	-47.8526	-80.0000
165.7922	-47.8400	-80.0000
165.8000	-47.8320	-80.0000
165.8115	-47.8200	-80.0000
165.8200	-47.8112	-80.0000
165.8306	-47.8000	-80.0000
165.8400	-47.7901	-80.0000
165.8495	-47.7800	-80.0000
165.8600	-47.7688	-80.0000
165.8681	-47.7600	-80.0000
165.8800	-47.7471	-80.0000
165.8865	-47.7400	-80.0000
165.9000	-47.7251	-80.0000
165.9046	-47.7200	-80.0000
165.9200	-47.7027	-80.0000
165.9224	-47.7000	-80.0000
165.9400	-47.6800	-80.0000
165.9400	-47.6800	-80.0000
165.9572	-47.6600	-80.0000
165.9600	-47.6567	-80.0000
165.9741	-47.6400	-80.0000
165.9800	-47.6331	-80.0000
165.9909	-47.6200	-80.0000
166.0000	-47.6090	-80.0000
166.0073	-47.6000	-80.0000
166.0200	-47.5845	-80.0000
166.0236	-47.5800	-80.0000
166.0397	-47.5600	-80.0000
166.0400	-47.5596	-80.0000
166.0554	-47.5400	-80.0000
166.0600	-47.5341	-80.0000
166.0709	-47.5200	-80.0000
166.0800	-47.5083	-80.0000
166.0863	-47.5000	-80.0000
166.1000	-47.4820	-80.0000
166.1015	-47.4800	-80.0000
166.1164	-47.4600	-80.0000
166.1200	-47.4552	-80.0000
166.1311	-47.4400	-80.0000
166.1400	-47.4279	-80.0000
166.1457	-47.4200	-80.0000
166.1600	-47.4002	-80.0000
166.1601	-47.4000	-80.0000
166.1743	-47.3800	-80.0000
166.1800	-47.3719	-80.0000
166.1882	-47.3600	-80.0000
166.2000	-47.3430	-80.0000
166.2021	-47.3400	-80.0000
166.2156	-47.3200	-80.0000
166.2200	-47.3135	-80.0000
166.2289	-47.3000	-80.0000
166.2400	-47.2833	-80.0000
166.2422	-47.2800	-80.0000
166.2551	-47.2600	-80.0000
166.2600	-47.2523	-80.0000
166.2678	-47.2400	-80.0000
166.2800	-47.2206	-80.0000
166.2804	-47.2200	-80.0000
166.2926	-47.2000	-80.0000
166.3000	-47.1879	-80.0000
166.3047	-47.1800	-80.0000
166.3166	-47.1600	-80.0000
166.3200	-47.1543	-80.0000
166.3283	-47.1400	-80.0000
166.3399	-47.1200	-80.0000
166.3400	-47.1197	-80.0000
166.3511	-47.1000	-80.0000
166.3600	-47.0842	-80.0000
166.3623	-47.0800	-80.0000
166.3733	-47.0600	-80.0000
166.3800	-47.0478	-80.0000
166.3842	-47.0400	-80.0000
166.3950	-47.0200	-80.0000
166.4000	-47.0107	-80.0000
166.4057	-47.0000	-80.0000
166.4163	-46.9800	-80.0000
166.4200	-46.9730	-80.0000
166.4268	-46.9600	-80.0000
166.4374	-46.9400	-80.0000
166.4400	-46.9350	-80.0000
166.4478	-46.9200	-80.0000
166.4583	-46.9000	-80.0000
166.4600	-46.8967	-80.0000
166.4687	-46.8800	-80.0000
166.4792	-46.8600	-80.0000
166.4800	-46.8585	-80.0000
166.4896	-46.8400	-80.0000
166.5000	-46.8203	-80.0000
166.5002	-46.8200	-80.0000
166.5107	-46.8000	-80.0000
166.5200	-46.7825	-80.0000
166.5213	-46.7800	-80.0000
166.5319	-46.7600	-80.0000
166.5400	-46.7449	-80.0000
166.5426	-46.7400	-80.0000
166.5533	-46.7200	-80.0000
166.5600	-46.7077	-80.0000
166.5642	-46.7000	-80.0000
166.5750	-46.6800	-80.0000
166.5800	-46.6709	-80.0000
166.5860	-46.6600	-80.0000
166.5970	-46.6400	-80.0000
166.6000	-46.6345	-80.0000
166.6080	-46.6200	-80.0000
166.6191	-46.6000	-80.0000
166.6200	-46.5984	-80.0000
166.6302	-46.5800	-80.0000
166.6400	-46.5625	-80.0000
166.6414	-46.5600	-80.0000
166.6525	-46.5400	-80.0000
166.6600	-46.5267	-80.0000
166.6638	-46.5200	-80.0000
166.6750	-46.5000	-80.0000
166.6800	-46.4912	-80.0000
166.6863	-46.4800	-80.0000
166.6976	-46.4600	-80.0000
166.7000	-46.4557	-80.0000
166.7088	-46.4400	-80.0000
166.7200	-46.4203	-80.0000
166.7202	-46.4200	-80.0000
166.7314	-46.4000	-80.0000
166.7400	-46.3848	-80.0000
166.7427	-46.3800	-80.0000
166.7540	-46.3600	-80.0000
166.7600	-46.3494	-80.0000
166.7653	-46.3400	-80.0000
166.7767	-46.3200	-80.0000
166.7800	-46.3142	-80.0000
166.7880	-46.3000	-80.0000
166.7995	-46.2800	-80.0000
166.8000	-46.2792	-80.0000
166.8110	-46.2600	-80.0000
166.8200	-46.2446	-80.0000
166.8227	-46.2400	-80.0000
166.8344	-46.2200	-80.0000
166.8400	-46.2107	-80.0000
166.8463	-46.2000	-80.0000
166.8584	-46.1800	-80.0000
166.8600	-46.1774	-80.0000
166.8705	-46.1600	-80.0000
166.8800	-46.1445	-80.0000
166.8827	-46.1400	-80.0000
166.8949	-46.1200	-80.0000
166.9000	-46.1117	-80.0000
166.9070	-46.1000	-80.0000
166.9190	-46.0800	-80.0000
166.9200	-46.0783	-80.0000
166.9306	-46.0600	-80.0000
166.9400	-46.0435	-80.0000
166.9419	-46.0400	-80.0000
166.9527	-46.0200	-80.0000
166.9600	-46.0060	-80.0000
166.9630	-46.0000	-80.0000
166.9728	-45.9800	-80.0000
166.9800	-45.9646	-80.0000
166.9821	-45.9600	-80.0000
166.9908	-45.9400	-80.0000
166.9991	-45.9200	-80.0000
167.0000	-45.9177	-80.0000
167.0069	-45.9000	-80.0000
167.0143	-45.8800	-80.0000
167.0200	-45.8644	-80.0000
167.0216	-45.8600	-80.0000
167.0285	-45.8400	-80.0000
167.0354	-45.8200	-80.0000
167.0400	-45.8067	-80.0000
167.0423	-45.8000	-80.0000
167.0491	-45.7800	-80.0000
167.0562	-45.7600	-80.0000
167.0600	-45.7497	-80.0000
167.0635	-45.7400	-80.0000
167.0711	-45.7200	-80.0000
167.0791	-45.7000	-80.0000
167.0800	-45.6980	-80.0000
167.0875	-45.6800	-80.0000
167.0966	-45.6600	-80.0000
167.1000	-45.6530	-80.0000
167.1061	-45.6400	-80.0000
167.1164	-45.6200	-80.0000
167.1200	-45.6135	-80.0000
167.1272	-45.6000	-80.0000
167.1388	-45.5800	-80.0000
167.1400	-45.5781	-80.0000
167.1509	-45.5600	-80.0000
167.1600	-45.5459	-80.0000
167.1637	-45.5400	-80.0000
167.1771	-45.5200	-80.0000
167.1800	-45.5159	-80.0000
167.1910	-45.5000	-80.0000
167.2000	-45.4877	-80.0000
167.2054	-45.4800	-80.0000
167.2200	-45.4606	-80.0000
167.2204	-45.4600	-80.0000
167.2357	-45.4400	-80.0000
167.2400	-45.4346	-80.0000
167.2513	-45.4200	-80.0000
167.2600	-45.4093	-80.0000
167.2674	-45.4000	-80.0000
167.2800	-45.3846	-80.0000
167.2837	-45.3800	-80.0000
167.3000	-45.3605	-80.0000
167.3004	-45.3600	-80.0000
167.3172	-45.3400	-80.0000
167.3200	-45.3368	-80.0000
167.3343	-45.3200	-80.0000
167.3400	-45.3135	-80.0000
167.3517	-45.3000	-80.0000
167.3600	-45.2906	-80.0000
167.3692	-45.2800	-80.0000
167.3800	-45.2679	-80.0000
167.3870	-45.2600	-80.0000
167.4000	-45.2456	-80.0000
167.4050	-45.2400	-80.0000
167.4200	-45.2236	-80.0000
167.4232	-45.2200	-80.0000
167.4400	-45.2019	-80.0000
167.4417	-45.2000	-80.0000
167.4600	-45.1805	-80.0000
167.4605	-45.1800	-80.0000
167.4795	-45.1600	-80.0000
167.4800	-45.1595	-80.0000
167.4988	-45.1400	-80.0000
167.5000	-45.1388	-80.0000
167.5186	-45.1200	-80.0000
167.5200	-45.1186	-80.0000
167.5387	-45.1000	-80.0000
167.5400	-45.0988	-80.0000
167.5594	-45.0800	-80.0000
167.5600	-45.0794	-80.0000
167.5800	-45.0605	-80.0000
167.5806	-45.0600	-80.0000
167.6000	-45.0421	-80.0000
167.6024	-45.0400	-80.0000
167.6200	-45.0243	-80.0000
167.6249	-45.0200	-80.0000
167.6400	-45.0070	-80.0000
167.6483	-45.0000	-80.0000
167.6600	-44.9902	-80.0000
167.6727	-44.9800	-80.0000
167.6800	-44.9741	-80.0000
167.6982	-44.9600	-80.0000
167.7000	-44.9586	-80.0000
167.7200	-44.9436	-80.0000
167.7251	-44.9400	-80.0000
167.7400	-44.9292	-80.0000
167.7536	-44.9200	-80.0000
167.7600	-44.9155	-80.0000
167.7800	-44.9023	-80.0000
167.7837	-44.9000	-80.0000
167.8000	-44.8895	-80.0000
167.8158	-44.8800	-80.0000
167.8200	-44.8773	-80.0000
167.8400	-44.8655	-80.0000
167.8498	-44.8600	-80.0000
167.8600	-44.8541	-80.0000
167.8800	-44.8430	-80.0000
167.8857	-44.8400	-80.0000
167.9000	-44.8321	-80.0000
167.9200	-44.8216	-80.0000
167.9231	-44.8200	-80.0000
> -60 contour -Z-60
164.5460	-49.4600	-60.0000
164.5482	-49.4400	-60.0000
164.5509	-49.4200	-60.0000
164.5539	-49.4000	-60.0000
164.5573	-49.3800	-60.0000
164.5600	-49.3654	-60.0000
164.5610	-49.3600	-60.0000
164.5650	-49.3400	-60.0000
164.5694	-49.3200	-60.0000
164.5741	-49.3000	-60.0000
164.5792	-49.2800	-60.0000
164.5800	-49.2771	-60.0000
164.5846	-49.2600	-60.0000
164.5903	-49.2400	-60.0000
164.5964	-49.2200	-60.0000
164.6000	-49.2086	-60.0000
164.6028	-49.2000	-60.0000
164.6095	-49.1800	-60.0000
164.6166	-49.1600	-60.0000
164.6200	-49.1508	-60.0000
164.6240	-49.1400	-60.0000
164.6318	-49.1200	-60.0000
164.6399	-49.1000	-60.0000
164.6400	-49.0998	-60.0000
164.6484	-49.0800	-60.0000
164.6573	-49.0600	-60.0000
164.6600	-49.0541	-60.0000
164.6665	-49.0400	-60.0000
164.6761	-49.0200	-60.0000
164.6800	-49.0123	-60.0000
164.6861	-49.0000	-60.0000
164.6965	-48.9800	-60.0000
164.7000	-48.9735	-60.0000
164.7072	-48.9600	-60.0000
164.7183	-48.9400	-60.0000
164.7200	-48.9371	-60.0000
164.7298	-48.9200	-60.0000
164.7400	-48.9027	-60.0000
164.7416	-48.9000	-60.0000
164.7538	-48.8800	-60.0000
164.7600	-48.8701	-60.0000
164.7663	-48.8600	-60.0000
164.7791	-48.8400	-60.0000
164.7800	-48.8387	-60.0000
164.7923	-48.8200	-60.0000
164.8000	-48.8085	-60.0000
164.8057	-48.8000	-60.0000
164.8194	-48.7800	-60.0000
164.8200	-48.7791	-60.0000
164.8333	-48.7600	-60.0000
164.8400	-48.7505	-60.0000
164.8474	-48.7400	-60.0000
164.8600	-48.7225	-60.0000
164.8618	-48.7200	-60.0000
164.8763	-48.7000	-60.0000
164.8800	-48.6949	-60.0000
164.8909	-48.6800	-60.0000
164.9000	-48.6677	-60.0000
164.9057	-48.6600	-60.0000
164.9200	-48.6407	-60.0000
164.9205	-48.6400	-60.0000
164.9354	-48.6200	-60.0000
164.9400	-48.6138	-60.0000
164.9503	-48.6000	-60.0000
164.9600	-48.5870	-60.0000
164.9653	-48.5800	-60.0000
164.9800	-48.5603	-60.0000
164.9802	-48.5600	-60.0000
164.9952	-48.5400	-60.0000
165.0000	-48.5335	-60.0000
165.0101	-48.5200	-60.0000
165.0200	-48.5067	-60.0000
165.0250	-48.5000	-60.0000
165.0399	-48.4800	-60.0000
165.0400	-48.4799	-60.0000
165.0548	-48.4600	-60.0000
165.0600	-48.4530	-60.0000
165.0696	-48.4400	-60.0000
165.0800	-48.4260	-60.0000
165.0844	-48.4200	-60.0000
165.0993	-48.4000	-60.0000
165.1000	-48.3990	-60.0000
165.1141	-48.3800	-60.0000
165.1200	-48.3720	-60.0000
165.1289	-48.3600	-60.0000
165.1400	-48.3450	-60.0000
165.1437	-48.3400	-60.0000
165.1585	-48.3200	-60.0000
165.1600	-48.3180	-60.0000
165.1734	-48.3000	-60.0000
165.1800	-48.2911	-60.0000
165.1883	-48.2800	-60.0000
165.2000	-48.2644	-60.0000
165.2033	-48.2600	-60.0000
165.2183	-48.2400	-60.0000
165.2200	-48.2378	-60.0000
165.2334	-48.2200	-60.0000
165.2400	-48.2114	-60.0000
165.2487	-48.2000	-60.0000
165.2600	-48.1852	-60.0000
165.2640	-48.1800	-60.0000
165.2794	-48.1600	-60.0000
165.2800	-48.1592	-60.0000
165.2949	-48.1400	-60.0000
165.3000	-48.1335	-60.0000
165.3106	-48.1200	-60.0000
165.3200	-48.1081	-60.0000
165.3264	-48.1000	-60.0000
165.3400	-48.0830	-60.0000
165.3424	-48.0800	-60.0000
165.3586	-48.0600	-60.0000
165.3600	-48.0583	-60.0000
165.3750	-48.0400	-60.0000
165.3800	-48.0339	-60.0000
165.3915	-48.0200	-60.0000
165.4000	-48.0099	-60.0000
165.4083	-48.0000	-60.0000
165.4200	-47.9863	-60.0000
165.4254	-47.9800	-60.0000
165.4400	-47.9631	-60.0000
165.4427	-47.9600	-60.0000
165.4600	-47.9404	-60.0000
165.4603	-47.9400	-60.0000
165.4782	-47.9200	-60.0000
165.4800	-47.9181	-60.0000
165.4965	-47.9000	-60.0000
165.5000	-47.8962	-60.0000
165.5150	-47.8800	-60.0000
165.5200	-47.8747	-60.0000
165.5339	-47.8600	-60.0000
165.5400	-47.8536	-60.0000
165.5532	-47.8400	-60.0000
165.5600	-47.8330	-60.0000
165.5727	-47.8200	-60.0000
165.5800	-47.8127	-60.0000
165.5926	-47.8000	-60.0000
165.6000	-47.7927	-60.0000
165.6128	-47.7800	-60.0000
165.6200	-47.7729	-60.0000
165.6333	-47.7600	-60.0000
165.6400	-47.7535	-60.0000
165.6539	-47.7400	-60.0000
165.6600	-47.7341	-60.0000
165.6747	-47.7200	-60.0000
165.6800	-47.7149	-60.0000
165.6956	-47.7000	-60.0000
165.7000	-47.6958	-60.0000
165.7165	-47.6800	-60.0000
165.7200	-47.6767	-60.0000
165.7374	-47.6600	-60.0000
165.7400	-47.6575	-60.0000
165.7581	-47.6400	-60.0000
165.7600	-47.6381	-60.0000
165.7786	-47.6200	-60.0000
165.7800	-47.6186	-60.0000
165.7988	-47.6000	-60.0000
165.8000	-47.5989	-60.0000
165.8188	-47.5800	-60.0000
165.8200	-47.5788	-60.0000
165.8384	-47.5600	-60.0000
165.8400	-47.5584	-60.0000
165.8576	-47.5400	-60.0000
165.8600	-47.5375	-60.0000
165.8765	-47.5200	-60.0000
165.8800	-47.5162	-60.0000
165.8949	-47.5000	-60.0000
165.9000	-47.4944	-60.0000
165.9129	-47.4800	-60.0000
165.9200	-47.4721	-60.0000
165.9306	-47.4600	-60.0000
165.9400	-47.4492	-60.0000
165.9478	-47.4400	-60.0000
165.9600	-47.4256	-60.0000
165.9647	-47.4200	-60.0000
165.9800	-47.4015	-60.0000
165.9812	-47.4000	-60.0000
165.9972	-47.3800	-60.0000
166.0000	-47.3766	-60.0000
166.0129	-47.3600	-60.0000
166.0200	-47.3509	-60.0000
166.0283	-47.3400	-60.0000
166.0400	-47.3245	-60.0000
166.0434	-47.3200	-60.0000
166.0581	-47.3000	-60.0000
166.0600	-47.2974	-60.0000
166.0724	-47.2800	-60.0000
166.0800	-47.2693	-60.0000
166.0865	-47.2600	-60.0000
166.1000	-47.2405	-60.0000
166.1003	-47.2400	-60.0000
166.1137	-47.2200	-60.0000
166.1200	-47.2105	-60.0000
166.1268	-47.2000	-60.0000
166.1398	-47.1800	-60.0000
166.1400	-47.1797	-60.0000
166.1524	-47.1600	-60.0000
166.1600	-47.1478	-60.0000
166.1648	-47.1400	-60.0000
166.1769	-47.1200	-60.0000
166.1800	-47.1149	-60.0000
166.1888	-47.1000	-60.0000
166.2000	-47.0810	-60.0000
166.2006	-47.0800	-60.0000
166.2120	-47.0600	-60.0000
166.2200	-47.0459	-60.0000
166.2233	-47.0400	-60.0000
166.2344	-47.0200	-60.0000
166.2400	-47.0100	-60.0000
166.2454	-47.0000	-60.0000
166.2563	-46.9800	-60.0000
166.2600	-46.9732	-60.0000
166.2670	-46.9600	-60.0000
166.2777	-46.9400	-60.0000
166.2800	-46.9356	-60.0000
166.2881	-46.9200	-60.0000
166.2987	-46.9000	-60.0000
166.3000	-46.8975	-60.0000
166.3090	-46.8800	-60.0000
166.3194	-46.8600	-60.0000
166.3200	-46.8589	-60.0000
166.3296	-46.8400	-60.0000
166.3400	-46.8200	-60.0000
166.3400	-46.8200	-60.0000
166.3502	-46.8000	-60.0000
166.3600	-46.7810	-60.0000
166.3605	-46.7800	-60.0000
166.3707	-46.7600	-60.0000
166.3800	-46.7419	-60.0000
166.3810	-46.7400	-60.0000
166.3911	-46.7200	-60.0000
166.4000	-46.7029	-60.0000
166.4015	-46.7000	-60.0000
166.4117	-46.6800	-60.0000
166.4200	-46.6639	-60.0000
166.4220	-46.6600	-60.0000
166.4322	-46.6400	-60.0000
166.4400	-46.6251	-60.0000
166.4426	-46.6200	-60.0000
166.4529	-46.6000	-60.0000
166.4600	-46.5865	-60.0000
166.4633	-46.5800	-60.0000
166.4737	-46.5600	-60.0000
166.4800	-46.5480	-60.0000
166.4841	-46.5400	-60.0000
166.4946	-46.5200	-60.0000
166.5000	-46.5098	-60.0000
166.5051	-46.5000	-60.0000
166.5156	-46.4800	-60.0000
166.5200	-46.4718	-60.0000
166.5262	-46.4600	-60.0000
166.5368	-46.4400	-60.0000
166.5400	-46.4341	-60.0000
166.5475	-46.4200	-60.0000
166.5582	-46.4000	-60.0000
166.5600	-46.3967	-60.0000
166.5689	-46.3800	-60.0000
166.5798	-46.3600	-60.0000
166.5800	-46.3597	-60.0000
166.5907	-46.3400	-60.0000
166.6000	-46.3231	-60.0000
166.6017	-46.3200	-60.0000
166.6128	-46.3000	-60.0000
166.6200	-46.2872	-60.0000
166.6240	-46.2800	-60.0000
166.6354	-46.2600	-60.0000
166.6400	-46.2522	-60.0000
166.6471	-46.2400	-60.0000
166.6590	-46.2200	-60.0000
166.6600	-46.2183	-60.0000
166.6711	-46.2000	-60.0000
166.6800	-46.1858	-60.0000
166.6836	-46.1800	-60.0000
166.6965	-46.1600	-60.0000
166.7000	-46.1547	-60.0000
166.7097	-46.1400	-60.0000
166.7200	-46.1250	-60.0000
166.7234	-46.1200	-60.0000
166.7375	-46.1000	-60.0000
166.7400	-46.0965	-60.0000
166.7518	-46.0800	-60.0000
166.7600	-46.0688	-60.0000
166.7664	-46.0600	-60.0000
166.7800	-46.0415	-60.0000
166.7811	-46.0400	-60.0000
166.7956	-46.0200	-60.0000
166.8000	-46.0139	-60.0000
166.8098	-46.0000	-60.0000
166.8200	-45.9853	-60.0000
166.8236	-45.9800	-60.0000
166.8368	-45.9600	-60.0000
166.8400	-45.9550	-60.0000
166.8492	-45.9400	-60.0000
166.8600	-45.9218	-60.0000
166.8610	-45.9200	-60.0000
166.8719	-45.9000	-60.0000
166.8800	-45.8843	-60.0000
166.8821	-45.8800	-60.0000
166.8916	-45.8600	-60.0000
166.9000	-45.8417	-60.0000
166.9007	-45.8400	-60.0000
166.9092	-45.8200	-60.0000
166.9174	-45.8000	-60.0000
166.9200	-45.7937	-60.0000
166.9254	-45.7800	-60.0000
166.9332	-45.7600	-60.0000
166.9400	-45.7432	-60.0000
166.9413	-45.7400	-60.0000
166.9493	-45.7200	-60.0000
166.9578	-45.7000	-60.0000
166.9600	-45.6951	-60.0000
166.9666	-45.6800	-60.0000
166.9762	-45.6600	-60.0000
166.9800	-45.6525	-60.0000
166.9863	-45.6400	-60.0000
166.9974	-45.6200	-60.0000
167.0000	-45.6156	-60.0000
167.0092	-45.6000	-60.0000
167.0200	-45.5835	-60.0000
167.0222	-45.5800	-60.0000
167.0361	-45.5600	-60.0000
167.0400	-45.5549	-60.0000
167.0510	-45.5400	-60.0000
167.0600	-45.5289	-60.0000
167.0670	-45.5200	-60.0000
167.0800	-45.5047	-60.0000
167.0838	-45.5000	-60.0000
167.1000	-45.4817	-60.0000
167.1014	-45.4800	-60.0000
167.1195	-45.4600	-60.0000
167.1200	-45.4595	-60.0000
167.1378	-45.4400	-60.0000
167.1400	-45.4378	-60.0000
167.1565	-45.4200	-60.0000
167.1600	-45.4164	-60.0000
167.1752	-45.4000	-60.0000
167.1800	-45.3950	-60.0000
167.1940	-45.3800	-60.0000
167.2000	-45.3737	-60.0000
167.2127	-45.3600	-60.0000
167.2200	-45.3524	-60.0000
167.2314	-45.3400	-60.0000
167.2400	-45.3310	-60.0000
167.2501	-45.3200	-60.0000
167.2600	-45.3095	-60.0000
167.2687	-45.3000	-60.0000
167.2800	-45.2880	-60.0000
167.2873	-45.2800	-60.0000
167.3000	-45.2665	-60.0000
167.3060	-45.2600	-60.0000
167.3200	-45.2452	-60.0000
167.3248	-45.2400	-60.0000
167.3400	-45.2239	-60.0000
167.3437	-45.2200	-60.0000
167.3600	-45.2029	-60.0000
167.3627	-45.2000	-60.0000
167.3800	-45.1820	-60.0000
167.3820	-45.1800	-60.0000
167.4000	-45.1615	-60.0000
167.4014	-45.1600	-60.0000
167.4200	-45.1412	-60.0000
167.4211	-45.1400	-60.0000
167.4400	-45.1211	-60.0000
167.4411	-45.1200	-60.0000
167.4600	-45.1013	-60.0000
167.4613	-45.1000	-60.0000
167.4800	-45.0817	-60.0000
167.4818	-45.0800	-60.0000
167.5000	-45.0624	-60.0000
167.5025	-45.0600	-60.0000
167.5200	-45.0432	-60.0000
167.5234	-45.0400	-60.0000
167.5400	-45.0243	-60.0000
167.5446	-45.0200	-60.0000
167.5600	-45.0056	-60.0000
167.5661	-45.0000	-60.0000
167.5800	-44.9872	-60.0000
167.5879	-44.9800	-60.0000
167.6000	-44.9690	-60.0000
167.6101	-44.9600	-60.0000
167.6200	-44.9511	-60.0000
167.6328	-44.9400	-60.0000
167.6400	-44.9336	-60.0000
167.6561	-44.9200	-60.0000
167.6600	-44.9166	-60.0000
167.6800	-44.9000	-60.0000
167.6800	-44.9000	-60.0000
167.7000	-44.8836	-60.0000
167.7046	-44.8800	-60.0000
167.7200	-44.8677	-60.0000
167.7301	-44.8600	-60.0000
167.7400	-44.8522	-60.0000
167.7565	-44.8400	-60.0000
167.7600	-44.8373	-60.0000
167.7800	-44.8226	-60.0000
167.7838	-44.8200	-60.0000
167.8000	-44.8082	-60.0000
167.8119	-44.8000	-60.0000
167.8200	-44.7941	-60.0000
> -40 contour -Z-40
164.3247	-49.6200	-40.0000
164.3257	-49.6000	-40.0000
164.3271	-49.5800	-40.0000
164.3288	-49.5600	-40.0000
164.3309	-49.5400	-40.0000
164.3334	-49.5200	-40.0000
164.3362	-49.5000	-40.0000
164.3392	-49.4800	-40.0000
164.3400	-49.4756	-40.0000
164.3426	-49.4600	-40.0000
164.3462	-49.4400	-40.0000
164.3501	-49.4200	-40.0000
164.3542	-49.4000	-40.0000
164.3586	-49.3800	-40.0000
164.3600	-49.3742	-40.0000
164.3633	-49.3600	-40.0000
164.3681	-49.3400	-40.0000
164.3732	-49.3200	-40.0000
164.3786	-49.3000	-40.0000
164.3800	-49.2950	-40.0000
164.3841	-49.2800	-40.0000
164.3899	-49.2600	-40.0000
164.3960	-49.2400	-40.0000
164.4000	-49.2272	-40.0000
164.4022	-49.2200	-40.0000
164.4087	-49.2000	-40.0000
164.4155	-49.1800	-40.0000
164.4200	-49.1672	-40.0000
164.4225	-49.1600	-40.0000
164.4297	-49.1400	-40.0000
164.4373	-49.1200	-40.0000
164.4400	-49.1130	-40.0000
164.4450	-49.1000	-40.0000
164.4531	-49.0800	-40.0000
164.4600	-49.0635	-40.0000
164.4614	-49.0600	-40.0000
164.4700	-49.0400	-40.0000
164.4790	-49.0200	-40.0000
164.4800	-49.0178	-40.0000
164.4882	-49.0000	-40.0000
164.4977	-48.9800	-40.0000
164.5000	-48.9754	-40.0000
164.5076	-48.9600	-40.0000
164.5177	-48.9400	-40.0000
164.5200	-48.9357	-40.0000
164.5282	-48.9200	-40.0000
164.5390	-48.9000	-40.0000
164.5400	-48.8983	-40.0000
164.5501	-48.8800	-40.0000
164.5600	-48.8628	-40.0000
164.5616	-48.8600	-40.0000
164.5733	-48.8400	-40.0000
164.5800	-48.8289	-40.0000
164.5854	-48.8200	-40.0000
164.5978	-48.8000	-40.0000
164.6000	-48.7965	-40.0000
164.6104	-48.7800	-40.0000
164.6200	-48.7651	-40.0000
164.6233	-48.7600	-40.0000
164.6365	-48.7400	-40.0000
164.6400	-48.7348	-40.0000
164.6499	-48.7200	-40.0000
164.6600	-48.7052	-40.0000
164.6635	-48.7000	-40.0000
164.6774	-48.6800	-40.0000
164.6800	-48.6763	-40.0000
164.6914	-48.6600	-40.0000
164.7000	-48.6479	-40.0000
164.7056	-48.6400	-40.0000
164.7199	-48.6200	-40.0000
164.7200	-48.6199	-40.0000
164.7343	-48.6000	-40.0000
164.7400	-48.5922	-40.0000
164.7488	-48.5800	-40.0000
164.7600	-48.5647	-40.0000
164.7635	-48.5600	-40.0000
164.7781	-48.5400	-40.0000
164.7800	-48.5375	-40.0000
164.7928	-48.5200	-40.0000
164.8000	-48.5102	-40.0000
164.8075	-48.5000	-40.0000
164.8200	-48.4831	-40.0000
164.8223	-48.4800	-40.0000
164.8370	-48.4600	-40.0000
164.8400	-48.4560	-40.0000
164.8518	-48.4400	-40.0000
164.8600	-48.4289	-40.0000
164.8665	-48.4200	-40.0000
164.8800	-48.4017	-40.0000
164.8813	-48.4000	-40.0000
164.8960	-48.3800	-40.0000
164.9000	-48.3745	-40.0000
164.9107	-48.3600	-40.0000
164.9200	-48.3473	-40.0000
164.9254	-48.3400	-40.0000
164.9400	-48.3201	-40.0000
164.9401	-48.3200	-40.0000
164.9547	-48.3000	-40.0000
164.9600	-48.2928	-40.0000
164.9693	-48.2800	-40.0000
164.9800	-48.2655	-40.0000
164.9840	-48.2600	-40.0000
164.9986	-48.2400	-40.0000
165.0000	-48.2381	-40.0000
165.0132	-48.2200	-40.0000
165.0200	-48.2107	-40.0000
165.0278	-48.2000	-40.0000
165.0400	-48.1834	-40.0000
165.0424	-48.1800	-40.0000
165.0570	-48.1600	-40.0000
165.0600	-48.1559	-40.0000
165.0716	-48.1400	-40.0000
165.0800	-48.1284	-40.0000
165.0861	-48.1200	-40.0000
165.1000	-48.1009	-40.0000
165.1007	-48.1000	-40.0000
165.1152	-48.0800	-40.0000
165.1200	-48.0733	-40.0000
165.1297	-48.0600	-40.0000
165.1400	-48.0457	-40.0000
165.1442	-48.0400	-40.0000
165.1587	-48.0200	-40.0000
165.1600	-48.0182	-40.0000
165.1731	-48.0000	-40.0000
165.1800	-47.9905	-40.0000
165.1876	-47.9800	-40.0000
165.2000	-47.9630	-40.0000
165.2022	-47.9600	-40.0000
165.2167	-47.9400	-40.0000
165.2200	-47.9355	-40.0000
165.2313	-47.9200	-40.0000
165.2400	-47.9081	-40.0000
165.2460	-47.9000	-40.0000
165.2600	-47.8810	-40.0000
165.2608	-47.8800	-40.0000
165.2756	-47.8600	-40.0000
165.2800	-47.8541	-40.0000
165.2906	-47.8400	-40.0000
165.3000	-47.8275	-40.0000
165.3058	-47.8200	-40.0000
165.3200	-47.8014	-40.0000
165.3211	-47.8000	-40.0000
165.3367	-47.7800	-40.0000
165.3400	-47.7757	-40.0000
165.3525	-47.7600	-40.0000
165.3600	-47.7505	-40.0000
165.3685	-47.7400	-40.0000
165.3800	-47.7260	-40.0000
165.3849	-47.7200	-40.0000
165.4000	-47.7020	-40.0000
165.4017	-47.7000	-40.0000
165.4188	-47.6800	-40.0000
165.4200	-47.6786	-40.0000
165.4363	-47.6600	-40.0000
165.4400	-47.6558	-40.0000
165.4542	-47.6400	-40.0000
165.4600	-47.6336	-40.0000
165.4725	-47.6200	-40.0000
165.4800	-47.6119	-40.0000
165.4912	-47.6000	-40.0000
165.5000	-47.5907	-40.0000
165.5104	-47.5800	-40.0000
165.5200	-47.5701	-40.0000
165.5299	-47.5600	-40.0000
165.5400	-47.5498	-40.0000
165.5498	-47.5400	-40.0000
165.5600	-47.5298	-40.0000
165.5700	-47.5200	-40.0000
165.5800	-47.5101	-40.0000
165.5904	-47.5000	-40.0000
165.6000	-47.4906	-40.0000
165.6109	-47.4800	-40.0000
165.6200	-47.4711	-40.0000
165.6315	-47.4600	-40.0000
165.6400	-47.4517	-40.0000
165.6520	-47.4400	-40.0000
165.6600	-47.4321	-40.0000
165.6724	-47.4200	-40.0000
165.6800	-47.4124	-40.0000
165.6925	-47.4000	-40.0000
165.7000	-47.3924	-40.0000
165.7123	-47.3800	-40.0000
165.7200	-47.3721	-40.0000
165.7317	-47.3600	-40.0000
165.7400	-47.3513	-40.0000
165.7506	-47.3400	-40.0000
165.7600	-47.3299	-40.0000
165.7691	-47.3200	-40.0000
165.7800	-47.3079	-40.0000
165.7870	-47.3000	-40.0000
165.8000	-47.2852	-40.0000
165.8045	-47.2800	-40.0000
165.8200	-47.2617	-40.0000
165.8214	-47.2600	-40.0000
165.8377	-47.2400	-40.0000
165.8400	-47.2371	-40.0000
165.8535	-47.2200	-40.0000
165.8600	-47.2115	-40.0000
165.8688	-47.2000	-40.0000
165.8800	-47.1850	-40.0000
165.8836	-47.1800	-40.0000
165.8981	-47.1600	-40.0000
165.9000	-47.1572	-40.0000
165.9119	-47.1400	-40.0000
165.9200	-47.1282	-40.0000
165.9255	-47.1200	-40.0000
165.9388	-47.1000	-40.0000
165.9400	-47.0981	-40.0000
165.9516	-47.0800	-40.0000
165.9600	-47.0667	-40.0000
165.9642	-47.0600	-40.0000
165.9764	-47.0400	-40.0000
165.9800	-47.0342	-40.0000
165.9884	-47.0200	-40.0000
166.0000	-47.0006	-40.0000
166.0003	-47.0000	-40.0000
166.0119	-46.9800	-40.0000
166.0200	-46.9659	-40.0000
166.0233	-46.9600	-40.0000
166.0346	-46.9400	-40.0000
166.0400	-46.9305	-40.0000
166.0458	-46.9200	-40.0000
166.0569	-46.9000	-40.0000
166.0600	-46.8944	-40.0000
166.0678	-46.8800	-40.0000
166.0788	-46.8600	-40.0000
166.0800	-46.8578	-40.0000
166.0895	-46.8400	-40.0000
166.1000	-46.8209	-40.0000
166.1005	-46.8200	-40.0000
166.1111	-46.8000	-40.0000
166.1200	-46.7836	-40.0000
166.1219	-46.7800	-40.0000
166.1326	-46.7600	-40.0000
166.1400	-46.7463	-40.0000
166.1433	-46.7400	-40.0000
166.1540	-46.7200	-40.0000
166.1600	-46.7089	-40.0000
166.1647	-46.7000	-40.0000
166.1754	-46.6800	-40.0000
166.1800	-46.6714	-40.0000
166.1860	-46.6600	-40.0000
166.1968	-46.6400	-40.0000
166.2000	-46.6340	-40.0000
166.2074	-46.6200	-40.0000
166.2182	-46.6000	-40.0000
166.2200	-46.5967	-40.0000
166.2289	-46.5800	-40.0000
166.2398	-46.5600	-40.0000
166.2400	-46.5596	-40.0000
166.2505	-46.5400	-40.0000
166.2600	-46.5226	-40.0000
166.2614	-46.5200	-40.0000
166.2722	-46.5000	-40.0000
166.2800	-46.4859	-40.0000
166.2832	-46.4800	-40.0000
166.2942	-46.4600	-40.0000
166.3000	-46.4496	-40.0000
166.3053	-46.4400	-40.0000
166.3165	-46.4200	-40.0000
166.3200	-46.4138	-40.0000
166.3277	-46.4000	-40.0000
166.3392	-46.3800	-40.0000
166.3400	-46.3787	-40.0000
166.3507	-46.3600	-40.0000
166.3600	-46.3443	-40.0000
166.3625	-46.3400	-40.0000
166.3744	-46.3200	-40.0000
166.3800	-46.3108	-40.0000
166.3865	-46.3000	-40.0000
166.3989	-46.2800	-40.0000
166.4000	-46.2784	-40.0000
166.4116	-46.2600	-40.0000
166.4200	-46.2471	-40.0000
166.4246	-46.2400	-40.0000
166.4379	-46.2200	-40.0000
166.4400	-46.2170	-40.0000
166.4515	-46.2000	-40.0000
166.4600	-46.1880	-40.0000
166.4655	-46.1800	-40.0000
166.4799	-46.1600	-40.0000
166.4800	-46.1599	-40.0000
166.4945	-46.1400	-40.0000
166.5000	-46.1327	-40.0000
166.5094	-46.1200	-40.0000
166.5200	-46.1062	-40.0000
166.5247	-46.1000	-40.0000
166.5400	-46.0802	-40.0000
166.5402	-46.0800	-40.0000
166.5557	-46.0600	-40.0000
166.5600	-46.0546	-40.0000
166.5715	-46.0400	-40.0000
166.5800	-46.0293	-40.0000
166.5874	-46.0200	-40.0000
166.6000	-46.0041	-40.0000
166.6032	-46.0000	-40.0000
166.6191	-45.9800	-40.0000
166.6200	-45.9788	-40.0000
166.6347	-45.9600	-40.0000
166.6400	-45.9532	-40.0000
166.6502	-45.9400	-40.0000
166.6600	-45.9269	-40.0000
166.6652	-45.9200	-40.0000
166.6798	-45.9000	-40.0000
166.6800	-45.8997	-40.0000
166.6936	-45.8800	-40.0000
166.7000	-45.8704	-40.0000
166.7068	-45.8600	-40.0000
166.7193	-45.8400	-40.0000
166.7200	-45.8388	-40.0000
166.7309	-45.8200	-40.0000
166.7400	-45.8036	-40.0000
166.7419	-45.8000	-40.0000
166.7522	-45.7800	-40.0000
166.7600	-45.7642	-40.0000
166.7620	-45.7600	-40.0000
166.7713	-45.7400	-40.0000
166.7800	-45.7212	-40.0000
166.7805	-45.7200	-40.0000
166.7894	-45.7000	-40.0000
166.7985	-45.6800	-40.0000
166.8000	-45.6768	-40.0000
166.8077	-45.6600	-40.0000
166.8173	-45.6400	-40.0000
166.8200	-45.6347	-40.0000
166.8274	-45.6200	-40.0000
166.8382	-45.6000	-40.0000
166.8400	-45.5969	-40.0000
166.8498	-45.5800	-40.0000
166.8600	-45.5641	-40.0000
166.8626	-45.5600	-40.0000
166.8766	-45.5400	-40.0000
166.8800	-45.5356	-40.0000
166.8921	-45.5200	-40.0000
166.9000	-45.5107	-40.0000
166.9094	-45.5000	-40.0000
166.9200	-45.4888	-40.0000
166.9286	-45.4800	-40.0000
166.9400	-45.4692	-40.0000
166.9499	-45.4600	-40.0000
166.9600	-45.4513	-40.0000
166.9734	-45.4400	-40.0000
166.9800	-45.4348	-40.0000
166.9987	-45.4200	-40.0000
167.0000	-45.4191	-40.0000
167.0200	-45.4039	-40.0000
167.0251	-45.4000	-40.0000
167.0400	-45.3890	-40.0000
167.0519	-45.3800	-40.0000
167.0600	-45.3741	-40.0000
167.0787	-45.3600	-40.0000
167.0800	-45.3591	-40.0000
167.1000	-45.3436	-40.0000
167.1045	-45.3400	-40.0000
167.1200	-45.3277	-40.0000
167.1292	-45.3200	-40.0000
167.1400	-45.3112	-40.0000
167.1530	-45.3000	-40.0000
167.1600	-45.2941	-40.0000
167.1759	-45.2800	-40.0000
167.1800	-45.2764	-40.0000
167.1980	-45.2600	-40.0000
167.2000	-45.2582	-40.0000
167.2194	-45.2400	-40.0000
167.2200	-45.2394	-40.0000
167.2400	-45.2203	-40.0000
167.2403	-45.2200	-40.0000
167.2600	-45.2008	-40.0000
167.2608	-45.2000	-40.0000
167.2800	-45.1812	-40.0000
167.2812	-45.1800	-40.0000
167.3000	-45.1616	-40.0000
167.3016	-45.1600	-40.0000
167.3200	-45.1420	-40.0000
167.3220	-45.1400	-40.0000
167.3400	-45.1226	-40.0000
167.3427	-45.1200	-40.0000
167.3600	-45.1033	-40.0000
167.3635	-45.1000	-40.0000
167.3800	-45.0843	-40.0000
167.3844	-45.0800	-40.0000
167.4000	-45.0653	-40.0000
167.4056	-45.0600	-40.0000
167.4200	-45.0464	-40.0000
167.4268	-45.0400	-40.0000
167.4400	-45.0276	-40.0000
167.4480	-45.0200	-40.0000
167.4600	-45.0087	-40.0000
167.4692	-45.0000	-40.0000
167.4800	-44.9897	-40.0000
167.4902	-44.9800	-40.0000
167.5000	-44.9706	-40.0000
167.5110	-44.9600	-40.0000
167.5200	-44.9513	-40.0000
167.5317	-44.9400	-40.0000
167.5400	-44.9318	-40.0000
167.5522	-44.9200	-40.0000
167.5600	-44.9123	-40.0000
167.5726	-44.9000	-40.0000
167.5800	-44.8926	-40.0000
167.5929	-44.8800	-40.0000
167.6000	-44.8729	-40.0000
167.6133	-44.8600	-40.0000
167.6200	-44.8532	-40.0000
167.6337	-44.8400	-40.0000
167.6400	-44.8336	-40.0000
167.6542	-44.8200	-40.0000
167.6600	-44.8142	-40.0000
167.6749	-44.8000	-40.0000
167.6800	-44.7949	-40.0000
167.6957	-44.7800	-40.0000
167.7000	-44.7757	-40.0000
167.7165	-44.7600	-40.0000
> -20 contour -Z-20
164.0358	-49.7400	-20.0000
164.0365	-49.7200	-20.0000
164.0375	-49.7000	-20.0000
164.0390	-49.6800	-20.0000
164.0400	-49.6693	-20.0000
164.0408	-49.6600	-20.0000
164.0430	-49.6400	-20.0000
164.0454	-49.6200	-20.0000
164.0483	-49.6000	-20.0000
164.0514	-49.5800	-20.0000
164.0549	-49.5600	-20.0000
164.0587	-49.5400	-20.0000
164.0600	-49.5334	-20.0000
164.0626	-49.5200	-20.0000
164.0668	-49.5000	-20.0000
164.0713	-49.4800	-20.0000
164.0760	-49.4600	-20.0000
164.0800	-49.4438	-20.0000
164.0809	-49.4400	-20.0000
164.0859	-49.4200	-20.0000
164.0911	-49.4000	-20.0000
164.0965	-49.3800	-20.0000
164.1000	-49.3677	-20.0000
164.1021	-49.3600	-20.0000
164.1077	-49.3400	-20.0000
164.1135	-49.3200	-20.0000
164.1195	-49.3000	-20.0000
164.1200	-49.2983	-20.0000
164.1254	-49.2800	-20.0000
164.1315	-49.2600	-20.0000
164.1379	-49.2400	-20.0000
164.1400	-49.2334	-20.0000
164.1442	-49.2200	-20.0000
164.1506	-49.2000	-20.0000
164.1573	-49.1800	-20.0000
164.1600	-49.1720	-20.0000
164.1640	-49.1600	-20.0000
164.1708	-49.1400	-20.0000
164.1778	-49.1200	-20.0000
164.1800	-49.1140	-20.0000
164.1849	-49.1000	-20.0000
164.1921	-49.0800	-20.0000
164.1997	-49.0600	-20.0000
164.2000	-49.0592	-20.0000
164.2072	-49.0400	-20.0000
164.2150	-49.0200	-20.0000
164.2200	-49.0076	-20.0000
164.2230	-49.0000	-20.0000
164.2311	-48.9800	-20.0000
164.2396	-48.9600	-20.0000
164.2400	-48.9591	-20.0000
164.2481	-48.9400	-20.0000
164.2571	-48.9200	-20.0000
164.2600	-48.9136	-20.0000
164.2661	-48.9000	-20.0000
164.2755	-48.8800	-20.0000
164.2800	-48.8708	-20.0000
164.2852	-48.8600	-20.0000
164.2951	-48.8400	-20.0000
164.3000	-48.8304	-20.0000
164.3053	-48.8200	-20.0000
164.3158	-48.8000	-20.0000
164.3200	-48.7922	-20.0000
164.3265	-48.7800	-20.0000
164.3376	-48.7600	-20.0000
164.3400	-48.7558	-20.0000
164.3489	-48.7400	-20.0000
164.3600	-48.7212	-20.0000
164.3607	-48.7200	-20.0000
164.3725	-48.7000	-20.0000
164.3800	-48.6879	-20.0000
164.3848	-48.6800	-20.0000
164.3973	-48.6600	-20.0000
164.4000	-48.6558	-20.0000
164.4100	-48.6400	-20.0000
164.4200	-48.6248	-20.0000
164.4231	-48.6200	-20.0000
164.4364	-48.6000	-20.0000
164.4400	-48.5947	-20.0000
164.4498	-48.5800	-20.0000
164.4600	-48.5652	-20.0000
164.4636	-48.5600	-20.0000
164.4775	-48.5400	-20.0000
164.4800	-48.5364	-20.0000
164.4915	-48.5200	-20.0000
164.5000	-48.5081	-20.0000
164.5057	-48.5000	-20.0000
164.5200	-48.4802	-20.0000
164.5201	-48.4800	-20.0000
164.5345	-48.4600	-20.0000
164.5400	-48.4525	-20.0000
164.5490	-48.4400	-20.0000
164.5600	-48.4251	-20.0000
164.5637	-48.4200	-20.0000
164.5784	-48.4000	-20.0000
164.5800	-48.3979	-20.0000
164.5931	-48.3800	-20.0000
164.6000	-48.3707	-20.0000
164.6079	-48.3600	-20.0000
164.6200	-48.3437	-20.0000
164.6227	-48.3400	-20.0000
164.6376	-48.3200	-20.0000
164.6400	-48.3168	-20.0000
164.6524	-48.3000	-20.0000
164.6600	-48.2898	-20.0000
164.6673	-48.2800	-20.0000
164.6800	-48.2630	-20.0000
164.6822	-48.2600	-20.0000
164.6971	-48.2400	-20.0000
164.7000	-48.2362	-20.0000
164.7120	-48.2200	-20.0000
164.7200	-48.2093	-20.0000
164.7269	-48.2000	-20.0000
164.7400	-48.1826	-20.0000
164.7419	-48.1800	-20.0000
164.7568	-48.1600	-20.0000
164.7600	-48.1557	-20.0000
164.7716	-48.1400	-20.0000
164.7800	-48.1288	-20.0000
164.7865	-48.1200	-20.0000
164.8000	-48.1018	-20.0000
164.8013	-48.1000	-20.0000
164.8160	-48.0800	-20.0000
164.8200	-48.0746	-20.0000
164.8306	-48.0600	-20.0000
164.8400	-48.0472	-20.0000
164.8452	-48.0400	-20.0000
164.8597	-48.0200	-20.0000
164.8600	-48.0196	-20.0000
164.8739	-48.0000	-20.0000
164.8800	-47.9915	-20.0000
164.8881	-47.9800	-20.0000
164.9000	-47.9631	-20.0000
164.9021	-47.9600	-20.0000
164.9159	-47.9400	-20.0000
164.9200	-47.9341	-20.0000
164.9295	-47.9200	-20.0000
164.9400	-47.9045	-20.0000
164.9430	-47.9000	-20.0000
164.9562	-47.8800	-20.0000
164.9600	-47.8743	-20.0000
164.9692	-47.8600	-20.0000
164.9800	-47.8433	-20.0000
164.9821	-47.8400	-20.0000
164.9947	-47.8200	-20.0000
165.0000	-47.8116	-20.0000
165.0072	-47.8000	-20.0000
165.0196	-47.7800	-20.0000
165.0200	-47.7793	-20.0000
165.0316	-47.7600	-20.0000
165.0400	-47.7461	-20.0000
165.0436	-47.7400	-20.0000
165.0555	-47.7200	-20.0000
165.0600	-47.7124	-20.0000
165.0672	-47.7000	-20.0000
165.0790	-47.6800	-20.0000
165.0800	-47.6782	-20.0000
165.0905	-47.6600	-20.0000
165.1000	-47.6438	-20.0000
165.1022	-47.6400	-20.0000
165.1137	-47.6200	-20.0000
165.1200	-47.6092	-20.0000
165.1253	-47.6000	-20.0000
165.1370	-47.5800	-20.0000
165.1400	-47.5748	-20.0000
165.1486	-47.5600	-20.0000
165.1600	-47.5408	-20.0000
165.1605	-47.5400	-20.0000
165.1723	-47.5200	-20.0000
165.1800	-47.5071	-20.0000
165.1843	-47.5000	-20.0000
165.1964	-47.4800	-20.0000
165.2000	-47.4741	-20.0000
165.2087	-47.4600	-20.0000
165.2200	-47.4419	-20.0000
165.2212	-47.4400	-20.0000
165.2337	-47.4200	-20.0000
165.2400	-47.4101	-20.0000
165.2465	-47.4000	-20.0000
165.2595	-47.3800	-20.0000
165.2600	-47.3792	-20.0000
165.2725	-47.3600	-20.0000
165.2800	-47.3486	-20.0000
165.2857	-47.3400	-20.0000
165.2991	-47.3200	-20.0000
165.3000	-47.3187	-20.0000
165.3126	-47.3000	-20.0000
165.3200	-47.2889	-20.0000
165.3261	-47.2800	-20.0000
165.3397	-47.2600	-20.0000
165.3400	-47.2596	-20.0000
165.3533	-47.2400	-20.0000
165.3600	-47.2301	-20.0000
165.3669	-47.2200	-20.0000
165.3800	-47.2006	-20.0000
165.3804	-47.2000	-20.0000
165.3939	-47.1800	-20.0000
165.4000	-47.1708	-20.0000
165.4072	-47.1600	-20.0000
165.4200	-47.1406	-20.0000
165.4204	-47.1400	-20.0000
165.4334	-47.1200	-20.0000
165.4400	-47.1096	-20.0000
165.4462	-47.1000	-20.0000
165.4588	-47.0800	-20.0000
165.4600	-47.0780	-20.0000
165.4711	-47.0600	-20.0000
165.4800	-47.0454	-20.0000
165.4833	-47.0400	-20.0000
165.4952	-47.0200	-20.0000
165.5000	-47.0118	-20.0000
165.5069	-47.0000	-20.0000
165.5184	-46.9800	-20.0000
165.5200	-46.9773	-20.0000
165.5298	-46.9600	-20.0000
165.5400	-46.9418	-20.0000
165.5410	-46.9400	-20.0000
165.5521	-46.9200	-20.0000
165.5600	-46.9057	-20.0000
165.5632	-46.9000	-20.0000
165.5742	-46.8800	-20.0000
165.5800	-46.8694	-20.0000
165.5852	-46.8600	-20.0000
165.5962	-46.8400	-20.0000
165.6000	-46.8332	-20.0000
165.6073	-46.8200	-20.0000
165.6186	-46.8000	-20.0000
165.6200	-46.7975	-20.0000
165.6299	-46.7800	-20.0000
165.6400	-46.7626	-20.0000
165.6415	-46.7600	-20.0000
165.6533	-46.7400	-20.0000
165.6600	-46.7288	-20.0000
165.6653	-46.7200	-20.0000
165.6776	-46.7000	-20.0000
165.6800	-46.6962	-20.0000
165.6902	-46.6800	-20.0000
165.7000	-46.6649	-20.0000
165.7031	-46.6600	-20.0000
165.7164	-46.6400	-20.0000
165.7200	-46.6347	-20.0000
165.7300	-46.6200	-20.0000
165.7400	-46.6056	-20.0000
165.7439	-46.6000	-20.0000
165.7582	-46.5800	-20.0000
165.7600	-46.5775	-20.0000
165.7727	-46.5600	-20.0000
165.7800	-46.5503	-20.0000
165.7877	-46.5400	-20.0000
165.8000	-46.5239	-20.0000
165.8029	-46.5200	-20.0000
165.8185	-46.5000	-20.0000
165.8200	-46.4981	-20.0000
165.8343	-46.4800	-20.0000
165.8400	-46.4729	-20.0000
165.8503	-46.4600	-20.0000
165.8600	-46.4482	-20.0000
165.8667	-46.4400	-20.0000
165.8800	-46.4239	-20.0000
165.8832	-46.4200	-20.0000
165.9000	-46.4000	-20.0000
165.9000	-46.4000	-20.0000
165.9170	-46.3800	-20.0000
165.9200	-46.3765	-20.0000
165.9341	-46.3600	-20.0000
165.9400	-46.3534	-20.0000
165.9516	-46.3400	-20.0000
165.9600	-46.3306	-20.0000
165.9693	-46.3200	-20.0000
165.9800	-46.3083	-20.0000
165.9874	-46.3000	-20.0000
166.0000	-46.2865	-20.0000
166.0060	-46.2800	-20.0000
166.0200	-46.2654	-20.0000
166.0251	-46.2600	-20.0000
166.0400	-46.2450	-20.0000
166.0449	-46.2400	-20.0000
166.0600	-46.2255	-20.0000
166.0656	-46.2200	-20.0000
166.0800	-46.2069	-20.0000
166.0874	-46.2000	-20.0000
166.1000	-46.1892	-20.0000
166.1105	-46.1800	-20.0000
166.1200	-46.1723	-20.0000
166.1350	-46.1600	-20.0000
166.1400	-46.1562	-20.0000
166.1600	-46.1407	-20.0000
166.1609	-46.1400	-20.0000
166.1800	-46.1259	-20.0000
166.1878	-46.1200	-20.0000
166.2000	-46.1114	-20.0000
166.2156	-46.1000	-20.0000
166.2200	-46.0970	-20.0000
166.2400	-46.0827	-20.0000
166.2436	-46.0800	-20.0000
166.2600	-46.0683	-20.0000
166.2710	-46.0600	-20.0000
166.2800	-46.0535	-20.0000
166.2976	-46.0400	-20.0000
166.3000	-46.0382	-20.0000
166.3200	-46.0223	-20.0000
166.3227	-46.0200	-20.0000
166.3400	-46.0055	-20.0000
166.3461	-46.0000	-20.0000
166.3600	-45.9875	-20.0000
166.3679	-45.9800	-20.0000
166.3800	-45.9682	-20.0000
166.3879	-45.9600	-20.0000
166.4000	-45.9471	-20.0000
166.4064	-45.9400	-20.0000
166.4200	-45.9241	-20.0000
166.4233	-45.9200	-20.0000
166.4389	-45.9000	-20.0000
166.4400	-45.8985	-20.0000
166.4531	-45.8800	-20.0000
166.4600	-45.8696	-20.0000
166.4662	-45.8600	-20.0000
166.4783	-45.8400	-20.0000
166.4800	-45.8371	-20.0000
166.4895	-45.8200	-20.0000
166.5000	-45.8000	-20.0000
166.5000	-45.7999	-20.0000
166.5097	-45.7800	-20.0000
166.5190	-45.7600	-20.0000
166.5200	-45.7577	-20.0000
166.5278	-45.7400	-20.0000
166.5365	-45.7200	-20.0000
166.5400	-45.7116	-20.0000
166.5450	-45.7000	-20.0000
166.5535	-45.6800	-20.0000
166.5600	-45.6649	-20.0000
166.5621	-45.6600	-20.0000
166.5710	-45.6400	-20.0000
166.5800	-45.6208	-20.0000
166.5804	-45.6200	-20.0000
166.5901	-45.6000	-20.0000
166.6000	-45.5809	-20.0000
166.6005	-45.5800	-20.0000
166.6113	-45.5600	-20.0000
166.6200	-45.5450	-20.0000
166.6229	-45.5400	-20.0000
166.6351	-45.5200	-20.0000
166.6400	-45.5124	-20.0000
166.6480	-45.5000	-20.0000
166.6600	-45.4823	-20.0000
166.6616	-45.4800	-20.0000
166.6759	-45.4600	-20.0000
166.6800	-45.4545	-20.0000
166.6910	-45.4400	-20.0000
166.7000	-45.4287	-20.0000
166.7070	-45.4200	-20.0000
166.7200	-45.4048	-20.0000
166.7242	-45.4000	-20.0000
166.7400	-45.3827	-20.0000
166.7426	-45.3800	-20.0000
166.7600	-45.3626	-20.0000
166.7627	-45.3600	-20.0000
166.7800	-45.3443	-20.0000
166.7851	-45.3400	-20.0000
166.8000	-45.3278	-20.0000
166.8103	-45.3200	-20.0000
166.8200	-45.3130	-20.0000
166.8396	-45.3000	-20.0000
166.8400	-45.2997	-20.0000
166.8600	-45.2878	-20.0000
166.8744	-45.2800	-20.0000
166.8800	-45.2770	-20.0000
166.9000	-45.2672	-20.0000
166.9159	-45.2600	-20.0000
166.9200	-45.2581	-20.0000
166.9400	-45.2495	-20.0000
166.9600	-45.2412	-20.0000
166.9628	-45.2400	-20.0000
166.9800	-45.2327	-20.0000
167.0000	-45.2242	-20.0000
167.0094	-45.2200	-20.0000
167.0200	-45.2152	-20.0000
167.0400	-45.2055	-20.0000
167.0507	-45.2000	-20.0000
167.0600	-45.1951	-20.0000
167.0800	-45.1837	-20.0000
167.0861	-45.1800	-20.0000
167.1000	-45.1713	-20.0000
167.1170	-45.1600	-20.0000
167.1200	-45.1580	-20.0000
167.1400	-45.1435	-20.0000
167.1446	-45.1400	-20.0000
167.1600	-45.1281	-20.0000
167.1701	-45.1200	-20.0000
167.1800	-45.1120	-20.0000
167.1945	-45.1000	-20.0000
167.2000	-45.0955	-20.0000
167.2184	-45.0800	-20.0000
167.2200	-45.0786	-20.0000
167.2400	-45.0615	-20.0000
167.2418	-45.0600	-20.0000
167.2600	-45.0443	-20.0000
167.2650	-45.0400	-20.0000
167.2800	-45.0271	-20.0000
167.2883	-45.0200	-20.0000
167.3000	-45.0100	-20.0000
167.3116	-45.0000	-20.0000
167.3200	-44.9928	-20.0000
167.3348	-44.9800	-20.0000
167.3400	-44.9755	-20.0000
167.3576	-44.9600	-20.0000
167.3600	-44.9578	-20.0000
167.3797	-44.9400	-20.0000
167.3800	-44.9397	-20.0000
167.4000	-44.9207	-20.0000
167.4007	-44.9200	-20.0000
167.4200	-44.9008	-20.0000
167.4208	-44.9000	-20.0000
167.4399	-44.8800	-20.0000
167.4400	-44.8798	-20.0000
167.4578	-44.8600	-20.0000
167.4600	-44.8574	-20.0000
167.4747	-44.8400	-20.0000
167.4800	-44.8335	-20.0000
167.4909	-44.8200	-20.0000
167.5000	-44.8084	-20.0000
167.5065	-44.8000	-20.0000
167.5200	-44.7821	-20.0000
167.5216	-44.7800	-20.0000
167.5360	-44.7600	-20.0000
167.5400	-44.7543	-20.0000
167.5501	-44.7400	-20.0000
167.5600	-44.7257	-20.0000
167.5640	-44.7200	-20.0000
