> 20 contour -Z20
143.2000	-4.6997	20.0000
143.2500	-4.6985	20.0000
143.2513	-4.7000	20.0000
143.2500	-4.7099	20.0000
143.2000	-4.7023	20.0000
143.1827	-4.7000	20.0000
143.2000	-4.6997	20.0000
> 40 contour -Z40
143.0500	-4.6988	40.0000
143.1000	-4.6979	40.0000
143.1500	-4.6972	40.0000
143.2000	-4.6964	40.0000
143.2500	-4.6953	40.0000
143.2542	-4.7000	40.0000
143.2500	-4.7315	40.0000
143.2000	-4.7274	40.0000
143.1500	-4.7230	40.0000
143.1000	-4.7177	40.0000
143.0500	-4.7096	40.0000
143.0235	-4.7000	40.0000
143.0500	-4.6988	40.0000
> 60 contour -Z60
143.0000	-4.6970	60.0000
143.0500	-4.6952	60.0000
143.1000	-4.6945	60.0000
143.1500	-4.6939	60.0000
143.2000	-4.6932	60.0000
143.2500	-4.6921	60.0000
143.2570	-4.7000	60.0000
143.3000	-4.7494	60.0000
143.3500	-4.7492	60.0000
143.4000	-4.7489	60.0000
143.4500	-4.7480	60.0000
143.4524	-4.7500	60.0000
143.4500	-4.7612	60.0000
143.4000	-4.7591	60.0000
143.3500	-4.7587	60.0000
143.3000	-4.7585	60.0000
143.2500	-4.7581	60.0000
143.2000	-4.7565	60.0000
143.1500	-4.7520	60.0000
143.1396	-4.7500	60.0000
143.1000	-4.7470	60.0000
143.0500	-4.7401	60.0000
143.0000	-4.7254	60.0000
142.9839	-4.7000	60.0000
143.0000	-4.6970	60.0000
> 80 contour -Z80
143.0000	-4.6929	80.0000
143.0500	-4.6915	80.0000
143.1000	-4.6911	80.0000
143.1500	-4.6906	80.0000
143.2000	-4.6899	80.0000
143.2500	-4.6888	80.0000
143.2599	-4.7000	80.0000
143.3000	-4.7461	80.0000
143.3500	-4.7458	80.0000
143.4000	-4.7452	80.0000
143.4500	-4.7440	80.0000
143.4571	-4.7500	80.0000
143.4500	-4.7830	80.0000
143.4000	-4.7895	80.0000
143.3500	-4.7974	80.0000
143.3327	-4.8000	80.0000
143.3000	-4.8141	80.0000
143.2500	-4.8317	80.0000
143.2000	-4.8474	80.0000
143.1886	-4.8500	80.0000
143.1500	-4.8672	80.0000
143.1000	-4.8799	80.0000
143.0500	-4.8726	80.0000
143.0288	-4.8500	80.0000
143.0000	-4.8187	80.0000
142.9936	-4.8000	80.0000
142.9750	-4.7500	80.0000
142.9616	-4.7000	80.0000
143.0000	-4.6929	80.0000
> 80 contour -Z80
145.4500	-6.7368	80.0000
145.4814	-6.7500	80.0000
145.5000	-6.7608	80.0000
145.5500	-6.7965	80.0000
145.5541	-6.8000	80.0000
145.5983	-6.8500	80.0000
145.6000	-6.8526	80.0000
145.6274	-6.9000	80.0000
> 100 contour -Z100
142.6669	-5.5500	100.0000
142.6649	-5.5000	100.0000
142.6664	-5.4500	100.0000
142.6704	-5.4000	100.0000
142.6764	-5.3500	100.0000
142.6843	-5.3000	100.0000
142.6940	-5.2500	100.0000
142.7000	-5.2238	100.0000
142.7050	-5.2000	100.0000
142.7171	-5.1500	100.0000
142.7316	-5.1000	100.0000
142.7491	-5.0500	100.0000
142.7500	-5.0480	100.0000
142.7685	-5.0000	100.0000
142.7910	-4.9500	100.0000
142.8000	-4.9343	100.0000
142.8165	-4.9000	100.0000
142.8443	-4.8500	100.0000
142.8500	-4.8428	100.0000
142.8755	-4.8000	100.0000
142.9000	-4.7682	100.0000
142.9090	-4.7500	100.0000
142.9430	-4.7000	100.0000
142.9500	-4.6972	100.0000
143.0000	-4.6888	100.0000
143.0500	-4.6879	100.0000
143.1000	-4.6876	100.0000
143.1500	-4.6872	100.0000
143.2000	-4.6866	100.0000
143.2500	-4.6856	100.0000
143.2628	-4.7000	100.0000
143.3000	-4.7428	100.0000
143.3500	-4.7423	100.0000
143.4000	-4.7415	100.0000
143.4500	-4.7400	100.0000
143.4618	-4.7500	100.0000
143.4651	-4.8000	100.0000
143.4500	-4.8360	100.0000
143.4363	-4.8500	100.0000
143.4056	-4.9000	100.0000
143.4000	-4.9115	100.0000
143.3766	-4.9500	100.0000
143.3519	-5.0000	100.0000
143.3500	-5.0051	100.0000
143.3328	-5.0500	100.0000
143.3177	-5.1000	100.0000
143.3053	-5.1500	100.0000
143.3000	-5.1745	100.0000
143.2952	-5.2000	100.0000
143.2866	-5.2500	100.0000
143.2779	-5.3000	100.0000
143.2682	-5.3500	100.0000
143.2568	-5.4000	100.0000
143.2500	-5.4250	100.0000
143.2445	-5.4500	100.0000
143.2317	-5.5000	100.0000
143.2164	-5.5500	100.0000
> 100 contour -Z100
145.4000	-6.6617	100.0000
145.4500	-6.6629	100.0000
145.5000	-6.6714	100.0000
145.5500	-6.6881	100.0000
145.5746	-6.7000	100.0000
145.6000	-6.7140	100.0000
145.6470	-6.7500	100.0000
145.6500	-6.7530	100.0000
145.6907	-6.8000	100.0000
145.7000	-6.8151	100.0000
145.7195	-6.8500	100.0000
145.7382	-6.9000	100.0000
145.7500	-6.9500	100.0000
145.7500	-6.9501	100.0000
145.7573	-7.0000	100.0000
145.7603	-7.0500	100.0000
145.7600	-7.1000	100.0000
145.7570	-7.1500	100.0000
145.7518	-7.2000	100.0000
145.7500	-7.2128	100.0000
> 120 contour -Z120
142.0913	-5.3500	120.0000
142.0985	-5.3000	120.0000
142.1000	-5.2947	120.0000
142.1139	-5.2500	120.0000
142.1356	-5.2000	120.0000
142.1500	-5.1747	120.0000
142.1659	-5.1500	120.0000
142.2000	-5.1060	120.0000
142.2055	-5.1000	120.0000
142.2500	-5.0592	120.0000
142.2618	-5.0500	120.0000
142.3000	-5.0252	120.0000
142.3443	-5.0000	120.0000
142.3500	-4.9973	120.0000
142.4000	-4.9801	120.0000
142.4500	-4.9649	120.0000
142.4980	-4.9500	120.0000
142.5000	-4.9496	120.0000
142.5500	-4.9365	120.0000
142.6000	-4.9169	120.0000
142.6284	-4.9000	120.0000
142.6500	-4.8911	120.0000
142.7000	-4.8608	120.0000
142.7125	-4.8500	120.0000
142.7500	-4.8289	120.0000
142.7843	-4.8000	120.0000
142.8000	-4.7927	120.0000
142.8500	-4.7567	120.0000
142.8558	-4.7500	120.0000
142.9000	-4.7349	120.0000
142.9285	-4.7000	120.0000
142.9500	-4.6914	120.0000
143.0000	-4.6847	120.0000
143.0500	-4.6843	120.0000
143.1000	-4.6842	120.0000
143.1500	-4.6839	120.0000
143.2000	-4.6833	120.0000
143.2500	-4.6824	120.0000
143.2656	-4.7000	120.0000
143.3000	-4.7395	120.0000
143.3500	-4.7388	120.0000
143.4000	-4.7377	120.0000
143.4500	-4.7361	120.0000
143.4665	-4.7500	120.0000
143.5000	-4.7967	120.0000
143.5224	-4.8000	120.0000
143.5500	-4.8450	120.0000
143.5564	-4.8500	120.0000
143.5958	-4.9000	120.0000
143.6000	-4.9057	120.0000
143.6500	-4.9474	120.0000
143.6555	-4.9500	120.0000
143.7000	-4.9764	120.0000
143.7500	-4.9925	120.0000
143.7906	-5.0000	120.0000
143.8000	-5.0023	120.0000
143.8500	-5.0101	120.0000
143.9000	-5.0144	120.0000
143.9500	-5.0172	120.0000
144.0000	-5.0203	120.0000
144.0500	-5.0258	120.0000
144.1000	-5.0356	120.0000
144.1463	-5.0500	120.0000
144.1500	-5.0520	120.0000
144.2000	-5.0909	120.0000
144.2089	-5.1000	120.0000
144.2368	-5.1500	120.0000
144.2500	-5.1920	120.0000
144.2523	-5.2000	120.0000
144.2617	-5.2500	120.0000
144.2702	-5.3000	120.0000
144.2815	-5.3500	120.0000
144.3000	-5.3978	120.0000
144.3011	-5.4000	120.0000
144.3415	-5.4500	120.0000
144.3500	-5.4570	120.0000
144.4000	-5.4880	120.0000
144.4245	-5.5000	120.0000
144.4500	-5.5126	120.0000
144.5000	-5.5393	120.0000
144.5168	-5.5500	120.0000
144.5500	-5.5803	120.0000
144.5664	-5.6000	120.0000
144.5885	-5.6500	120.0000
144.5970	-5.7000	120.0000
144.5987	-5.7500	120.0000
144.5979	-5.8000	120.0000
> 120 contour -Z120
145.3500	-6.6014	120.0000
145.3541	-6.6000	120.0000
145.4000	-6.5707	120.0000
145.4500	-6.5538	120.0000
145.4693	-6.5500	120.0000
145.5000	-6.5396	120.0000
145.5500	-6.5303	120.0000
145.6000	-6.5254	120.0000
145.6500	-6.5242	120.0000
145.7000	-6.5268	120.0000
145.7500	-6.5353	120.0000
145.7881	-6.5500	120.0000
145.8000	-6.5561	120.0000
145.8407	-6.6000	120.0000
145.8500	-6.6195	120.0000
145.8596	-6.6500	120.0000
145.8688	-6.7000	120.0000
145.8736	-6.7500	120.0000
145.8758	-6.8000	120.0000
145.8762	-6.8500	120.0000
145.8752	-6.9000	120.0000
145.8729	-6.9500	120.0000
145.8691	-7.0000	120.0000
145.8639	-7.0500	120.0000
145.8570	-7.1000	120.0000
145.8500	-7.1394	120.0000
145.8486	-7.1500	120.0000
145.8403	-7.2000	120.0000
145.8305	-7.2500	120.0000
145.8192	-7.3000	120.0000
145.8060	-7.3500	120.0000
145.8000	-7.3706	120.0000
145.7935	-7.4000	120.0000
145.7827	-7.4500	120.0000
145.7733	-7.5000	120.0000
145.7684	-7.5500	120.0000
145.7742	-7.6000	120.0000
> 120 contour -Z120
148.3000	-8.6461	120.0000
148.2657	-8.6000	120.0000
148.2500	-8.5526	120.0000
148.2491	-8.5500	120.0000
148.2411	-8.5000	120.0000
148.2418	-8.4500	120.0000
148.2500	-8.4034	120.0000
148.2505	-8.4000	120.0000
148.2659	-8.3500	120.0000
148.2908	-8.3000	120.0000
148.3000	-8.2866	120.0000
148.3246	-8.2500	120.0000
148.3500	-8.2202	120.0000
148.3670	-8.2000	120.0000
148.4000	-8.1662	120.0000
148.4155	-8.1500	120.0000
148.4500	-8.1172	120.0000
148.4675	-8.1000	120.0000
148.5000	-8.0700	120.0000
148.5209	-8.0500	120.0000
148.5500	-8.0235	120.0000
148.5749	-8.0000	120.0000
148.6000	-7.9773	120.0000
148.6296	-7.9500	120.0000
148.6500	-7.9318	120.0000
> 140 contour -Z140
141.9956	-5.2000	140.0000
142.0000	-5.1942	140.0000
142.0301	-5.1500	140.0000
142.0500	-5.1264	140.0000
142.0708	-5.1000	140.0000
142.1000	-5.0694	140.0000
142.1181	-5.0500	140.0000
142.1500	-5.0210	140.0000
142.1735	-5.0000	140.0000
142.2000	-4.9794	140.0000
142.2398	-4.9500	140.0000
142.2500	-4.9433	140.0000
142.3000	-4.9143	140.0000
142.3274	-4.9000	140.0000
142.3500	-4.8898	140.0000
142.4000	-4.8714	140.0000
142.4500	-4.8553	140.0000
142.4686	-4.8500	140.0000
142.5000	-4.8430	140.0000
142.5500	-4.8324	140.0000
142.6000	-4.8202	140.0000
142.6500	-4.8042	140.0000
142.6597	-4.8000	140.0000
142.7000	-4.7889	140.0000
142.7500	-4.7716	140.0000
142.7936	-4.7500	140.0000
142.8000	-4.7484	140.0000
142.8500	-4.7339	140.0000
142.9000	-4.7171	140.0000
142.9140	-4.7000	140.0000
142.9500	-4.6857	140.0000
143.0000	-4.6805	140.0000
143.0500	-4.6806	140.0000
143.1000	-4.6807	140.0000
143.1500	-4.6806	140.0000
143.2000	-4.6800	140.0000
143.2500	-4.6791	140.0000
143.2685	-4.7000	140.0000
143.3000	-4.7362	140.0000
143.3500	-4.7354	140.0000
143.4000	-4.7340	140.0000
143.4500	-4.7321	140.0000
143.4712	-4.7500	140.0000
143.5000	-4.7902	140.0000
143.5500	-4.7964	140.0000
143.5647	-4.8000	140.0000
143.6000	-4.8316	140.0000
143.6483	-4.8500	140.0000
143.6500	-4.8513	140.0000
143.7000	-4.8786	140.0000
143.7500	-4.8935	140.0000
143.7838	-4.9000	140.0000
143.8000	-4.9052	140.0000
143.8500	-4.9165	140.0000
143.9000	-4.9237	140.0000
143.9500	-4.9286	140.0000
144.0000	-4.9324	140.0000
144.0500	-4.9359	140.0000
144.1000	-4.9399	140.0000
144.1500	-4.9450	140.0000
144.1887	-4.9500	140.0000
144.2000	-4.9528	140.0000
144.2500	-4.9687	140.0000
144.3000	-4.9872	140.0000
144.3319	-5.0000	140.0000
144.3500	-5.0136	140.0000
144.3982	-5.0500	140.0000
144.4000	-5.0522	140.0000
144.4415	-5.1000	140.0000
144.4500	-5.1128	140.0000
144.4805	-5.1500	140.0000
144.5000	-5.1737	140.0000
144.5311	-5.2000	140.0000
144.5500	-5.2141	140.0000
144.6000	-5.2384	140.0000
144.6402	-5.2500	140.0000
144.6500	-5.2528	140.0000
144.7000	-5.2636	140.0000
144.7500	-5.2719	140.0000
144.8000	-5.2796	140.0000
144.8500	-5.2877	140.0000
144.9000	-5.2966	140.0000
144.9162	-5.3000	140.0000
144.9500	-5.3116	140.0000
145.0000	-5.3325	140.0000
145.0393	-5.3500	140.0000
145.0500	-5.3585	140.0000
145.0991	-5.4000	140.0000
145.1000	-5.4012	140.0000
145.1348	-5.4500	140.0000
145.1500	-5.4761	140.0000
145.1652	-5.5000	140.0000
145.2000	-5.5496	140.0000
145.2003	-5.5500	140.0000
145.2491	-5.6000	140.0000
145.2500	-5.6008	140.0000
145.3000	-5.6372	140.0000
145.3233	-5.6500	140.0000
145.3500	-5.6647	140.0000
145.4000	-5.6888	140.0000
145.4258	-5.7000	140.0000
145.4500	-5.7113	140.0000
145.5000	-5.7348	140.0000
145.5347	-5.7500	140.0000
145.5500	-5.7572	140.0000
145.6000	-5.7828	140.0000
145.6367	-5.8000	140.0000
145.6500	-5.8068	140.0000
145.7000	-5.8352	140.0000
145.7270	-5.8500	140.0000
145.7500	-5.8643	140.0000
145.8000	-5.8960	140.0000
145.8060	-5.9000	140.0000
145.8500	-5.9330	140.0000
145.8739	-5.9500	140.0000
145.9000	-5.9694	140.0000
145.9459	-6.0000	140.0000
145.9500	-6.0028	140.0000
146.0000	-6.0357	140.0000
146.0260	-6.0500	140.0000
146.0500	-6.0637	140.0000
146.1000	-6.0897	140.0000
146.1223	-6.1000	140.0000
146.1500	-6.1148	140.0000
146.2000	-6.1398	140.0000
146.2218	-6.1500	140.0000
146.2500	-6.1670	140.0000
146.3000	-6.1959	140.0000
146.3071	-6.2000	140.0000
146.3500	-6.2349	140.0000
146.3692	-6.2500	140.0000
146.4000	-6.2878	140.0000
146.4100	-6.3000	140.0000
146.4310	-6.3500	140.0000
146.4364	-6.4000	140.0000
146.4299	-6.4500	140.0000
146.4155	-6.5000	140.0000
146.4000	-6.5410	140.0000
146.3962	-6.5500	140.0000
146.3741	-6.6000	140.0000
146.3501	-6.6500	140.0000
146.3500	-6.6502	140.0000
146.3250	-6.7000	140.0000
146.3000	-6.7449	140.0000
146.2969	-6.7500	140.0000
146.2666	-6.8000	140.0000
146.2500	-6.8239	140.0000
146.2319	-6.8500	140.0000
146.2000	-6.8904	140.0000
146.1931	-6.9000	140.0000
146.1550	-6.9500	140.0000
146.1500	-6.9562	140.0000
146.1224	-7.0000	140.0000
146.1000	-7.0333	140.0000
146.0918	-7.0500	140.0000
146.0678	-7.1000	140.0000
146.0500	-7.1363	140.0000
146.0453	-7.1500	140.0000
146.0290	-7.2000	140.0000
146.0122	-7.2500	140.0000
146.0000	-7.2868	140.0000
145.9969	-7.3000	140.0000
145.9874	-7.3500	140.0000
145.9818	-7.4000	140.0000
145.9877	-7.4500	140.0000
146.0000	-7.4728	140.0000
146.0266	-7.5000	140.0000
146.0500	-7.5166	140.0000
146.0941	-7.5500	140.0000
146.1000	-7.5556	140.0000
146.1329	-7.6000	140.0000
146.1452	-7.6500	140.0000
146.1464	-7.7000	140.0000
146.1434	-7.7500	140.0000
> 140 contour -Z140
145.1500	-6.4221	140.0000
145.1945	-6.4500	140.0000
145.2000	-6.4538	140.0000
145.2380	-6.5000	140.0000
145.2500	-6.5325	140.0000
145.2546	-6.5500	140.0000
> 140 contour -Z140
146.9500	-6.7329	140.0000
147.0000	-6.7189	140.0000
147.0500	-6.7131	140.0000
147.1000	-6.7183	140.0000
147.1500	-6.7348	140.0000
147.1809	-6.7500	140.0000
147.2000	-6.7654	140.0000
147.2362	-6.8000	140.0000
147.2500	-6.8216	140.0000
147.2676	-6.8500	140.0000
147.2856	-6.9000	140.0000
147.2923	-6.9500	140.0000
147.2870	-7.0000	140.0000
147.2684	-7.0500	140.0000
147.2500	-7.0813	140.0000
147.2342	-7.1000	140.0000
147.2000	-7.1390	140.0000
147.1805	-7.1500	140.0000
147.1500	-7.1755	140.0000
147.1000	-7.1771	140.0000
147.0500	-7.1533	140.0000
147.0458	-7.1500	140.0000
147.0000	-7.1316	140.0000
146.9500	-7.1087	140.0000
146.9302	-7.1000	140.0000
146.9000	-7.0888	140.0000
146.8500	-7.0719	140.0000
146.8000	-7.0574	140.0000
146.7673	-7.0500	140.0000
146.7500	-7.0443	140.0000
146.7000	-7.0286	140.0000
146.6500	-7.0045	140.0000
146.6437	-7.0000	140.0000
146.6455	-6.9500	140.0000
146.6500	-6.9460	140.0000
146.6873	-6.9000	140.0000
146.7000	-6.8920	140.0000
146.7487	-6.8500	140.0000
146.7500	-6.8493	140.0000
146.8000	-6.8154	140.0000
146.8186	-6.8000	140.0000
146.8500	-6.7826	140.0000
146.9000	-6.7532	140.0000
146.9056	-6.7500	140.0000
146.9500	-6.7329	140.0000
> 140 contour -Z140
147.0500	-7.3486	140.0000
147.1000	-7.3147	140.0000
147.1500	-7.3315	140.0000
147.1566	-7.3500	140.0000
147.1515	-7.4000	140.0000
147.1500	-7.4022	140.0000
147.1103	-7.4500	140.0000
147.1000	-7.4574	140.0000
147.0500	-7.4798	140.0000
147.0000	-7.4802	140.0000
146.9811	-7.4500	140.0000
147.0000	-7.4077	140.0000
147.0041	-7.4000	140.0000
147.0488	-7.3500	140.0000
147.0500	-7.3486	140.0000
> 140 contour -Z140
148.1500	-8.8778	140.0000
148.1000	-8.8904	140.0000
148.0657	-8.9000	140.0000
148.0500	-8.9031	140.0000
148.0000	-8.9135	140.0000
147.9500	-8.9252	140.0000
147.9000	-8.9377	140.0000
147.8506	-8.9500	140.0000
147.8500	-8.9501	140.0000
147.8000	-8.9566	140.0000
147.7500	-8.9597	140.0000
147.7000	-8.9568	140.0000
147.6688	-8.9500	140.0000
147.6500	-8.9432	140.0000
147.6000	-8.9136	140.0000
147.5822	-8.9000	140.0000
147.5500	-8.8588	140.0000
147.5434	-8.8500	140.0000
147.5229	-8.8000	140.0000
147.5160	-8.7500	140.0000
147.5197	-8.7000	140.0000
147.5318	-8.6500	140.0000
147.5500	-8.6007	140.0000
147.5503	-8.6000	140.0000
147.5709	-8.5500	140.0000
147.5924	-8.5000	140.0000
147.6000	-8.4791	140.0000
147.6111	-8.4500	140.0000
147.6231	-8.4000	140.0000
147.6243	-8.3500	140.0000
147.6111	-8.3000	140.0000
147.6000	-8.2786	140.0000
147.5803	-8.2500	140.0000
147.5500	-8.2099	140.0000
147.5401	-8.2000	140.0000
147.5108	-8.1500	140.0000
147.5087	-8.1000	140.0000
147.5229	-8.0500	140.0000
147.5453	-8.0000	140.0000
147.5500	-7.9921	140.0000
147.5709	-7.9500	140.0000
147.5994	-7.9000	140.0000
147.6000	-7.8990	140.0000
147.6292	-7.8500	140.0000
147.6500	-7.8169	140.0000
147.6605	-7.8000	140.0000
147.6922	-7.7500	140.0000
147.7000	-7.7376	140.0000
147.7240	-7.7000	140.0000
147.7500	-7.6589	140.0000
147.7560	-7.6500	140.0000
147.7892	-7.6000	140.0000
147.8000	-7.5840	140.0000
147.8325	-7.5500	140.0000
147.8500	-7.5346	140.0000
147.9000	-7.5169	140.0000
147.9500	-7.5189	140.0000
148.0000	-7.5338	140.0000
148.0295	-7.5500	140.0000
148.0500	-7.5656	140.0000
148.0768	-7.6000	140.0000
148.0939	-7.6500	140.0000
148.0984	-7.7000	140.0000
148.0976	-7.7500	140.0000
148.0954	-7.8000	140.0000
148.0938	-7.8500	140.0000
148.0944	-7.9000	140.0000
148.0986	-7.9500	140.0000
148.1000	-7.9580	140.0000
148.1103	-8.0000	140.0000
148.1408	-8.0500	140.0000
148.1500	-8.0581	140.0000
148.2000	-8.0695	140.0000
148.2500	-8.0602	140.0000
148.2737	-8.0500	140.0000
148.3000	-8.0403	140.0000
148.3500	-8.0140	140.0000
148.3717	-8.0000	140.0000
148.4000	-7.9829	140.0000
148.4481	-7.9500	140.0000
148.4500	-7.9487	140.0000
148.5000	-7.9109	140.0000
148.5134	-7.9000	140.0000
148.5500	-7.8712	140.0000
148.5759	-7.8500	140.0000
148.6000	-7.8311	140.0000
148.6396	-7.8000	140.0000
148.6500	-7.7924	140.0000
148.7000	-7.7567	140.0000
148.7098	-7.7500	140.0000
148.7500	-7.7263	140.0000
> 140 contour -Z140
146.8889	-8.3500	140.0000
146.9000	-8.3457	140.0000
146.9500	-8.3249	140.0000
147.0000	-8.3025	140.0000
147.0070	-8.3000	140.0000
147.0500	-8.2857	140.0000
147.1000	-8.2723	140.0000
147.1500	-8.2644	140.0000
147.2000	-8.2684	140.0000
147.2397	-8.3000	140.0000
147.2374	-8.3500	140.0000
147.2213	-8.4000	140.0000
147.2000	-8.4467	140.0000
147.1987	-8.4500	140.0000
147.1727	-8.5000	140.0000
147.1500	-8.5354	140.0000
147.1400	-8.5500	140.0000
> 160 contour -Z160
141.9300	-5.1000	160.0000
141.9500	-5.0843	160.0000
141.9897	-5.0500	160.0000
142.0000	-5.0425	160.0000
142.0500	-5.0026	160.0000
142.0530	-5.0000	160.0000
142.1000	-4.9643	160.0000
142.1185	-4.9500	160.0000
142.1500	-4.9279	160.0000
142.1914	-4.9000	160.0000
142.2000	-4.8946	160.0000
142.2500	-4.8649	160.0000
142.2784	-4.8500	160.0000
142.3000	-4.8392	160.0000
142.3500	-4.8187	160.0000
142.4000	-4.8023	160.0000
142.4086	-4.8000	160.0000
142.4500	-4.7899	160.0000
142.5000	-4.7806	160.0000
142.5500	-4.7726	160.0000
142.6000	-4.7647	160.0000
142.6500	-4.7557	160.0000
142.6744	-4.7500	160.0000
142.7000	-4.7457	160.0000
142.7500	-4.7360	160.0000
142.8000	-4.7260	160.0000
142.8500	-4.7158	160.0000
142.8980	-4.7000	160.0000
142.9000	-4.6996	160.0000
142.9500	-4.6799	160.0000
143.0000	-4.6764	160.0000
143.0500	-4.6770	160.0000
143.1000	-4.6773	160.0000
143.1500	-4.6772	160.0000
143.2000	-4.6768	160.0000
143.2500	-4.6759	160.0000
143.2714	-4.7000	160.0000
143.3000	-4.7329	160.0000
143.3500	-4.7319	160.0000
143.4000	-4.7303	160.0000
143.4500	-4.7281	160.0000
143.4759	-4.7500	160.0000
143.5000	-4.7836	160.0000
143.5500	-4.7871	160.0000
143.6000	-4.7990	160.0000
143.6039	-4.8000	160.0000
143.6500	-4.8246	160.0000
143.7000	-4.8388	160.0000
143.7500	-4.8496	160.0000
143.7521	-4.8500	160.0000
143.8000	-4.8638	160.0000
143.8500	-4.8734	160.0000
143.9000	-4.8802	160.0000
143.9500	-4.8852	160.0000
144.0000	-4.8892	160.0000
144.0500	-4.8926	160.0000
144.1000	-4.8961	160.0000
144.1500	-4.8999	160.0000
144.1507	-4.9000	160.0000
144.2000	-4.9079	160.0000
144.2500	-4.9174	160.0000
144.3000	-4.9286	160.0000
144.3500	-4.9408	160.0000
144.3848	-4.9500	160.0000
144.4000	-4.9575	160.0000
144.4500	-4.9824	160.0000
144.4906	-5.0000	160.0000
144.5000	-5.0068	160.0000
144.5500	-5.0392	160.0000
144.5707	-5.0500	160.0000
144.6000	-5.0709	160.0000
144.6500	-5.0975	160.0000
144.6556	-5.1000	160.0000
144.7000	-5.1241	160.0000
144.7500	-5.1435	160.0000
144.7698	-5.1500	160.0000
144.8000	-5.1621	160.0000
144.8500	-5.1803	160.0000
144.9000	-5.1949	160.0000
144.9175	-5.2000	160.0000
144.9500	-5.2136	160.0000
145.0000	-5.2343	160.0000
145.0495	-5.2500	160.0000
145.0500	-5.2503	160.0000
145.1000	-5.2822	160.0000
145.1403	-5.3000	160.0000
145.1500	-5.3073	160.0000
145.2000	-5.3441	160.0000
145.2101	-5.3500	160.0000
145.2500	-5.3859	160.0000
145.2704	-5.4000	160.0000
145.3000	-5.4275	160.0000
145.3309	-5.4500	160.0000
145.3500	-5.4671	160.0000
145.3973	-5.5000	160.0000
145.4000	-5.5022	160.0000
145.4500	-5.5416	160.0000
145.4638	-5.5500	160.0000
145.5000	-5.5779	160.0000
145.5372	-5.6000	160.0000
145.5500	-5.6096	160.0000
145.6000	-5.6440	160.0000
145.6102	-5.6500	160.0000
145.6500	-5.6803	160.0000
145.6835	-5.7000	160.0000
145.7000	-5.7123	160.0000
145.7500	-5.7451	160.0000
145.7585	-5.7500	160.0000
145.8000	-5.7813	160.0000
145.8313	-5.8000	160.0000
145.8500	-5.8144	160.0000
145.9000	-5.8477	160.0000
145.9038	-5.8500	160.0000
145.9500	-5.8864	160.0000
145.9717	-5.9000	160.0000
146.0000	-5.9219	160.0000
146.0454	-5.9500	160.0000
146.0500	-5.9533	160.0000
146.1000	-5.9863	160.0000
146.1264	-6.0000	160.0000
146.1500	-6.0145	160.0000
146.2000	-6.0408	160.0000
146.2203	-6.0500	160.0000
146.2500	-6.0667	160.0000
146.3000	-6.0914	160.0000
146.3194	-6.1000	160.0000
146.3500	-6.1178	160.0000
146.4000	-6.1435	160.0000
146.4138	-6.1500	160.0000
146.4500	-6.1738	160.0000
146.4986	-6.2000	160.0000
146.5000	-6.2011	160.0000
146.5500	-6.2382	160.0000
146.5691	-6.2500	160.0000
146.6000	-6.2781	160.0000
146.6282	-6.3000	160.0000
146.6500	-6.3247	160.0000
146.6756	-6.3500	160.0000
146.7000	-6.3823	160.0000
146.7155	-6.4000	160.0000
146.7500	-6.4432	160.0000
146.7565	-6.4500	160.0000
146.8000	-6.4899	160.0000
146.8148	-6.5000	160.0000
146.8500	-6.5195	160.0000
146.9000	-6.5403	160.0000
146.9273	-6.5500	160.0000
146.9500	-6.5573	160.0000
147.0000	-6.5753	160.0000
147.0500	-6.5920	160.0000
147.0727	-6.6000	160.0000
147.1000	-6.6115	160.0000
147.1500	-6.6352	160.0000
147.1861	-6.6500	160.0000
147.2000	-6.6583	160.0000
147.2500	-6.6894	160.0000
147.2704	-6.7000	160.0000
147.3000	-6.7235	160.0000
147.3423	-6.7500	160.0000
147.3500	-6.7570	160.0000
147.4000	-6.7958	160.0000
147.4069	-6.8000	160.0000
147.4500	-6.8359	160.0000
147.4736	-6.8500	160.0000
147.5000	-6.8700	160.0000
147.5500	-6.8970	160.0000
147.5565	-6.9000	160.0000
147.6000	-6.9258	160.0000
147.6500	-6.9465	160.0000
147.6588	-6.9500	160.0000
147.7000	-6.9735	160.0000
147.7500	-6.9974	160.0000
147.7553	-7.0000	160.0000
147.8000	-7.0350	160.0000
147.8210	-7.0500	160.0000
147.8500	-7.0811	160.0000
147.8695	-7.1000	160.0000
147.9000	-7.1390	160.0000
147.9104	-7.1500	160.0000
147.9500	-7.1979	160.0000
147.9523	-7.2000	160.0000
148.0000	-7.2450	160.0000
148.0076	-7.2500	160.0000
148.0500	-7.2782	160.0000
148.0997	-7.3000	160.0000
148.1000	-7.3001	160.0000
148.1500	-7.3195	160.0000
148.2000	-7.3355	160.0000
148.2499	-7.3500	160.0000
148.2500	-7.3501	160.0000
148.3000	-7.3710	160.0000
148.3500	-7.3934	160.0000
148.3628	-7.4000	160.0000
148.4000	-7.4280	160.0000
148.4276	-7.4500	160.0000
148.4500	-7.4778	160.0000
148.4682	-7.5000	160.0000
148.4978	-7.5500	160.0000
148.5000	-7.5549	160.0000
148.5305	-7.6000	160.0000
148.5500	-7.6164	160.0000
148.6000	-7.6326	160.0000
148.6500	-7.6345	160.0000
148.7000	-7.6316	160.0000
148.7500	-7.6272	160.0000
148.8000	-7.6230	160.0000
> 160 contour -Z160
146.4478	-7.9000	160.0000
146.4500	-7.8988	160.0000
146.5000	-7.8798	160.0000
146.5500	-7.8697	160.0000
146.6000	-7.8655	160.0000
146.6500	-7.8654	160.0000
146.7000	-7.8680	160.0000
146.7500	-7.8726	160.0000
146.8000	-7.8788	160.0000
146.8500	-7.8868	160.0000
146.9000	-7.8973	160.0000
146.9105	-7.9000	160.0000
146.9500	-7.9159	160.0000
146.9976	-7.9500	160.0000
147.0000	-7.9574	160.0000
147.0096	-8.0000	160.0000
147.0000	-8.0292	160.0000
146.9942	-8.0500	160.0000
146.9593	-8.1000	160.0000
146.9500	-8.1082	160.0000
146.9000	-8.1482	160.0000
146.8972	-8.1500	160.0000
146.8500	-8.1710	160.0000
146.8000	-8.1857	160.0000
146.7500	-8.1929	160.0000
146.7000	-8.1929	160.0000
> 160 contour -Z160
147.6000	-9.1158	160.0000
147.6500	-9.1024	160.0000
147.6570	-9.1000	160.0000
147.7000	-9.0878	160.0000
147.7500	-9.0732	160.0000
147.8000	-9.0593	160.0000
147.8351	-9.0500	160.0000
147.8500	-9.0459	160.0000
147.9000	-9.0325	160.0000
147.9500	-9.0205	160.0000
148.0000	-9.0096	160.0000
148.0466	-9.0000	160.0000
148.0500	-8.9992	160.0000
148.1000	-8.9868	160.0000
> 180 contour -Z180
141.8500	-4.9695	180.0000
141.9000	-4.9518	180.0000
141.9041	-4.9500	180.0000
141.9500	-4.9308	180.0000
142.0000	-4.9082	180.0000
142.0159	-4.9000	180.0000
142.0500	-4.8824	180.0000
142.1000	-4.8562	180.0000
142.1113	-4.8500	180.0000
142.1500	-4.8282	180.0000
142.2000	-4.8038	180.0000
142.2082	-4.8000	180.0000
142.2500	-4.7800	180.0000
142.3000	-4.7619	180.0000
142.3446	-4.7500	180.0000
142.3500	-4.7485	180.0000
142.4000	-4.7373	180.0000
142.4500	-4.7300	180.0000
142.5000	-4.7251	180.0000
142.5500	-4.7215	180.0000
142.6000	-4.7185	180.0000
142.6500	-4.7154	180.0000
142.7000	-4.7120	180.0000
142.7500	-4.7081	180.0000
142.8000	-4.7036	180.0000
142.8278	-4.7000	180.0000
142.8500	-4.6975	180.0000
142.9000	-4.6876	180.0000
142.9500	-4.6741	180.0000
143.0000	-4.6723	180.0000
143.0500	-4.6733	180.0000
143.1000	-4.6739	180.0000
143.1500	-4.6739	180.0000
143.2000	-4.6735	180.0000
143.2500	-4.6727	180.0000
143.2742	-4.7000	180.0000
143.3000	-4.7296	180.0000
143.3500	-4.7284	180.0000
143.4000	-4.7266	180.0000
143.4500	-4.7242	180.0000
143.4806	-4.7500	180.0000
143.5000	-4.7770	180.0000
143.5500	-4.7778	180.0000
143.6000	-4.7864	180.0000
143.6500	-4.7991	180.0000
143.6538	-4.8000	180.0000
143.7000	-4.8148	180.0000
143.7500	-4.8254	180.0000
143.8000	-4.8339	180.0000
143.8500	-4.8413	180.0000
143.9000	-4.8478	180.0000
143.9187	-4.8500	180.0000
143.9500	-4.8543	180.0000
144.0000	-4.8599	180.0000
144.0500	-4.8646	180.0000
144.1000	-4.8691	180.0000
144.1500	-4.8737	180.0000
144.2000	-4.8789	180.0000
144.2500	-4.8853	180.0000
144.3000	-4.8932	180.0000
144.3342	-4.9000	180.0000
144.3500	-4.9046	180.0000
144.4000	-4.9207	180.0000
144.4500	-4.9370	180.0000
144.4883	-4.9500	180.0000
144.5000	-4.9563	180.0000
144.5500	-4.9819	180.0000
144.5914	-5.0000	180.0000
144.6000	-5.0055	180.0000
144.6500	-5.0343	180.0000
144.6837	-5.0500	180.0000
144.7000	-5.0597	180.0000
144.7500	-5.0857	180.0000
144.7835	-5.1000	180.0000
144.8000	-5.1084	180.0000
144.8500	-5.1321	180.0000
144.8980	-5.1500	180.0000
144.9000	-5.1510	180.0000
144.9500	-5.1763	180.0000
145.0000	-5.1957	180.0000
145.0088	-5.2000	180.0000
145.0500	-5.2241	180.0000
145.1000	-5.2461	180.0000
145.1066	-5.2500	180.0000
145.1500	-5.2811	180.0000
145.1861	-5.3000	180.0000
145.2000	-5.3113	180.0000
145.2500	-5.3452	180.0000
145.2573	-5.3500	180.0000
145.3000	-5.3868	180.0000
145.3205	-5.4000	180.0000
145.3500	-5.4258	180.0000
145.3873	-5.4500	180.0000
145.4000	-5.4608	180.0000
145.4500	-5.4957	180.0000
145.4567	-5.5000	180.0000
145.5000	-5.5341	180.0000
145.5262	-5.5500	180.0000
145.5500	-5.5686	180.0000
145.6000	-5.5988	180.0000
145.6018	-5.6000	180.0000
145.6500	-5.6368	180.0000
145.6718	-5.6500	180.0000
145.7000	-5.6716	180.0000
145.7484	-5.7000	180.0000
145.7500	-5.7012	180.0000
145.8000	-5.7377	180.0000
145.8211	-5.7500	180.0000
145.8500	-5.7717	180.0000
145.8989	-5.8000	180.0000
145.9000	-5.8009	180.0000
145.9500	-5.8369	180.0000
145.9730	-5.8500	180.0000
146.0000	-5.8701	180.0000
146.0500	-5.8991	180.0000
146.0517	-5.9000	180.0000
146.1000	-5.9323	180.0000
146.1335	-5.9500	180.0000
146.1500	-5.9605	180.0000
146.2000	-5.9884	180.0000
146.2237	-6.0000	180.0000
146.2500	-6.0153	180.0000
146.3000	-6.0406	180.0000
146.3200	-6.0500	180.0000
146.3500	-6.0672	180.0000
146.4000	-6.0919	180.0000
146.4175	-6.1000	180.0000
146.4500	-6.1194	180.0000
146.5000	-6.1442	180.0000
146.5121	-6.1500	180.0000
146.5500	-6.1740	180.0000
146.6000	-6.1994	180.0000
146.6012	-6.2000	180.0000
146.6500	-6.2336	180.0000
146.6784	-6.2500	180.0000
146.7000	-6.2672	180.0000
146.7481	-6.3000	180.0000
146.7500	-6.3018	180.0000
146.8000	-6.3450	180.0000
146.8061	-6.3500	180.0000
146.8500	-6.3909	180.0000
146.8604	-6.4000	180.0000
146.9000	-6.4354	180.0000
146.9177	-6.4500	180.0000
146.9500	-6.4750	180.0000
146.9871	-6.5000	180.0000
147.0000	-6.5081	180.0000
147.0500	-6.5393	180.0000
147.0684	-6.5500	180.0000
147.1000	-6.5688	180.0000
147.1500	-6.5942	180.0000
147.1606	-6.6000	180.0000
147.2000	-6.6250	180.0000
147.2500	-6.6491	180.0000
147.2516	-6.6500	180.0000
147.3000	-6.6835	180.0000
147.3312	-6.7000	180.0000
147.3500	-6.7145	180.0000
147.4000	-6.7453	180.0000
147.4082	-6.7500	180.0000
147.4500	-6.7816	180.0000
147.4820	-6.8000	180.0000
147.5000	-6.8135	180.0000
147.5500	-6.8436	180.0000
147.5618	-6.8500	180.0000
147.6000	-6.8750	180.0000
147.6500	-6.8987	180.0000
147.6527	-6.9000	180.0000
147.7000	-6.9280	180.0000
147.7500	-6.9496	180.0000
147.7509	-6.9500	180.0000
147.8000	-6.9796	180.0000
147.8420	-7.0000	180.0000
147.8500	-7.0062	180.0000
147.9000	-7.0392	180.0000
147.9194	-7.0500	180.0000
147.9500	-7.0749	180.0000
147.9886	-7.1000	180.0000
148.0000	-7.1095	180.0000
148.0500	-7.1423	180.0000
148.0641	-7.1500	180.0000
148.1000	-7.1713	180.0000
148.1500	-7.1951	180.0000
148.1613	-7.2000	180.0000
148.2000	-7.2172	180.0000
148.2500	-7.2372	180.0000
148.2828	-7.2500	180.0000
148.3000	-7.2571	180.0000
148.3500	-7.2786	180.0000
148.3991	-7.3000	180.0000
148.4000	-7.3005	180.0000
148.4500	-7.3284	180.0000
148.4880	-7.3500	180.0000
148.5000	-7.3584	180.0000
148.5500	-7.3937	180.0000
148.5589	-7.4000	180.0000
148.6000	-7.4344	180.0000
148.6204	-7.4500	180.0000
148.6500	-7.4748	180.0000
148.6865	-7.5000	180.0000
148.7000	-7.5089	180.0000
148.7500	-7.5344	180.0000
148.7948	-7.5500	180.0000
148.8000	-7.5514	180.0000
> 180 contour -Z180
147.6500	-9.2562	180.0000
147.6548	-9.2500	180.0000
147.7000	-9.2078	180.0000
147.7077	-9.2000	180.0000
147.7500	-9.1707	180.0000
147.7815	-9.1500	180.0000
147.8000	-9.1413	180.0000
147.8500	-9.1200	180.0000
147.9000	-9.1015	180.0000
147.9044	-9.1000	180.0000
147.9500	-9.0873	180.0000
148.0000	-9.0749	180.0000
148.0500	-9.0632	180.0000
> 200 contour -Z200
141.9500	-4.6370	200.0000
142.0000	-4.6186	200.0000
142.0500	-4.6008	200.0000
142.0537	-4.6000	200.0000
142.1000	-4.5867	200.0000
142.1500	-4.5869	200.0000
142.1888	-4.6000	200.0000
142.2000	-4.6019	200.0000
142.2500	-4.6169	200.0000
142.3000	-4.6318	200.0000
142.3500	-4.6442	200.0000
142.3773	-4.6500	200.0000
142.4000	-4.6527	200.0000
142.4500	-4.6581	200.0000
142.5000	-4.6624	200.0000
142.5500	-4.6659	200.0000
142.6000	-4.6689	200.0000
142.6500	-4.6717	200.0000
142.7000	-4.6742	200.0000
142.7500	-4.6764	200.0000
142.8000	-4.6780	200.0000
142.8500	-4.6783	200.0000
142.9000	-4.6756	200.0000
142.9500	-4.6683	200.0000
143.0000	-4.6682	200.0000
143.0500	-4.6697	200.0000
143.1000	-4.6704	200.0000
143.1500	-4.6706	200.0000
143.2000	-4.6702	200.0000
143.2500	-4.6694	200.0000
143.2771	-4.7000	200.0000
143.3000	-4.7263	200.0000
143.3500	-4.7250	200.0000
143.4000	-4.7229	200.0000
143.4500	-4.7202	200.0000
143.4853	-4.7500	200.0000
143.5000	-4.7705	200.0000
143.5500	-4.7686	200.0000
143.6000	-4.7737	200.0000
143.6500	-4.7818	200.0000
143.7000	-4.7913	200.0000
143.7448	-4.8000	200.0000
143.7500	-4.8011	200.0000
143.8000	-4.8089	200.0000
143.8500	-4.8155	200.0000
143.9000	-4.8214	200.0000
143.9500	-4.8268	200.0000
144.0000	-4.8319	200.0000
144.0500	-4.8367	200.0000
144.1000	-4.8416	200.0000
144.1500	-4.8471	200.0000
144.1719	-4.8500	200.0000
144.2000	-4.8533	200.0000
144.2500	-4.8601	200.0000
144.3000	-4.8682	200.0000
144.3500	-4.8781	200.0000
144.4000	-4.8904	200.0000
144.4303	-4.9000	200.0000
144.4500	-4.9072	200.0000
144.5000	-4.9258	200.0000
144.5500	-4.9452	200.0000
144.5606	-4.9500	200.0000
144.6000	-4.9705	200.0000
144.6500	-4.9939	200.0000
144.6620	-5.0000	200.0000
144.7000	-5.0216	200.0000
144.7500	-5.0462	200.0000
144.7570	-5.0500	200.0000
144.8000	-5.0736	200.0000
144.8500	-5.0974	200.0000
144.8547	-5.1000	200.0000
144.9000	-5.1237	200.0000
144.9500	-5.1469	200.0000
144.9551	-5.1500	200.0000
145.0000	-5.1741	200.0000
145.0500	-5.1985	200.0000
145.0521	-5.2000	200.0000
145.1000	-5.2288	200.0000
145.1361	-5.2500	200.0000
145.1500	-5.2599	200.0000
145.2000	-5.2898	200.0000
145.2142	-5.3000	200.0000
145.2500	-5.3282	200.0000
145.2834	-5.3500	200.0000
145.3000	-5.3643	200.0000
145.3500	-5.3973	200.0000
145.3538	-5.4000	200.0000
145.4000	-5.4358	200.0000
145.4207	-5.4500	200.0000
145.4500	-5.4732	200.0000
145.4917	-5.5000	200.0000
145.5000	-5.5065	200.0000
145.5500	-5.5401	200.0000
145.5645	-5.5500	200.0000
145.6000	-5.5763	200.0000
145.6370	-5.6000	200.0000
145.6500	-5.6099	200.0000
145.7000	-5.6422	200.0000
145.7116	-5.6500	200.0000
145.7500	-5.6777	200.0000
145.7858	-5.7000	200.0000
145.8000	-5.7105	200.0000
145.8500	-5.7413	200.0000
145.8641	-5.7500	200.0000
145.9000	-5.7749	200.0000
145.9437	-5.8000	200.0000
145.9500	-5.8046	200.0000
146.0000	-5.8356	200.0000
146.0258	-5.8500	200.0000
146.0500	-5.8662	200.0000
146.1000	-5.8940	200.0000
146.1108	-5.9000	200.0000
146.1500	-5.9239	200.0000
146.1996	-5.9500	200.0000
146.2000	-5.9502	200.0000
146.2500	-5.9787	200.0000
146.2913	-6.0000	200.0000
146.3000	-6.0049	200.0000
146.3500	-6.0317	200.0000
146.3865	-6.0500	200.0000
146.4000	-6.0577	200.0000
146.4500	-6.0835	200.0000
146.4834	-6.1000	200.0000
146.5000	-6.1096	200.0000
146.5500	-6.1354	200.0000
146.5787	-6.1500	200.0000
146.6000	-6.1630	200.0000
146.6500	-6.1902	200.0000
146.6670	-6.2000	200.0000
146.7000	-6.2221	200.0000
146.7451	-6.2500	200.0000
146.7500	-6.2538	200.0000
146.8000	-6.2917	200.0000
146.8105	-6.3000	200.0000
146.8500	-6.3345	200.0000
146.8678	-6.3500	200.0000
146.9000	-6.3797	200.0000
146.9225	-6.4000	200.0000
146.9500	-6.4245	200.0000
146.9796	-6.4500	200.0000
147.0000	-6.4663	200.0000
147.0456	-6.5000	200.0000
147.0500	-6.5030	200.0000
147.1000	-6.5372	200.0000
147.1189	-6.5500	200.0000
147.1500	-6.5699	200.0000
147.2000	-6.5974	200.0000
147.2041	-6.6000	200.0000
147.2500	-6.6282	200.0000
147.2896	-6.6500	200.0000
147.3000	-6.6572	200.0000
147.3500	-6.6862	200.0000
147.3738	-6.7000	200.0000
147.4000	-6.7185	200.0000
147.4500	-6.7473	200.0000
147.4544	-6.7500	200.0000
147.5000	-6.7806	200.0000
147.5325	-6.8000	200.0000
147.5500	-6.8120	200.0000
147.6000	-6.8408	200.0000
147.6156	-6.8500	200.0000
147.6500	-6.8709	200.0000
147.7000	-6.8958	200.0000
147.7083	-6.9000	200.0000
147.7500	-6.9221	200.0000
147.8000	-6.9436	200.0000
147.8164	-6.9500	200.0000
147.8500	-6.9669	200.0000
147.9000	-6.9873	200.0000
147.9332	-7.0000	200.0000
147.9500	-7.0090	200.0000
148.0000	-7.0316	200.0000
148.0417	-7.0500	200.0000
148.0500	-7.0546	200.0000
148.1000	-7.0792	200.0000
148.1427	-7.1000	200.0000
148.1500	-7.1037	200.0000
148.2000	-7.1283	200.0000
148.2436	-7.1500	200.0000
148.2500	-7.1530	200.0000
148.3000	-7.1770	200.0000
148.3457	-7.2000	200.0000
148.3500	-7.2020	200.0000
148.4000	-7.2267	200.0000
148.4437	-7.2500	200.0000
148.4500	-7.2533	200.0000
148.5000	-7.2808	200.0000
148.5323	-7.3000	200.0000
148.5500	-7.3111	200.0000
148.6000	-7.3429	200.0000
148.6108	-7.3500	200.0000
148.6500	-7.3774	200.0000
148.6828	-7.4000	200.0000
148.7000	-7.4125	200.0000
148.7500	-7.4459	200.0000
148.7565	-7.4500	200.0000
148.8000	-7.4744	200.0000
148.8500	-7.4987	200.0000
> 200 contour -Z200
147.7947	-9.4000	200.0000
147.7939	-9.3500	200.0000
147.8000	-9.3247	200.0000
147.8057	-9.3000	200.0000
147.8336	-9.2500	200.0000
147.8500	-9.2339	200.0000
147.8871	-9.2000	200.0000
147.9000	-9.1929	200.0000
147.9500	-9.1688	200.0000
147.9926	-9.1500	200.0000
148.0000	-9.1478	200.0000
> 220 contour -Z220
142.2500	-4.1084	220.0000
142.2743	-4.1500	220.0000
142.3000	-4.1871	220.0000
142.3049	-4.2000	220.0000
142.3254	-4.2500	220.0000
142.3454	-4.3000	220.0000
142.3500	-4.3126	220.0000
142.3598	-4.3500	220.0000
142.3737	-4.4000	220.0000
142.3914	-4.4500	220.0000
142.4000	-4.4677	220.0000
142.4178	-4.5000	220.0000
142.4500	-4.5356	220.0000
142.4676	-4.5500	220.0000
142.5000	-4.5678	220.0000
142.5500	-4.5881	220.0000
142.5855	-4.6000	220.0000
142.6000	-4.6033	220.0000
142.6500	-4.6142	220.0000
142.7000	-4.6252	220.0000
142.7500	-4.6377	220.0000
142.7883	-4.6500	220.0000
142.8000	-4.6517	220.0000
142.8500	-4.6592	220.0000
142.9000	-4.6637	220.0000
142.9500	-4.6625	220.0000
143.0000	-4.6640	220.0000
143.0500	-4.6660	220.0000
143.1000	-4.6670	220.0000
143.1500	-4.6672	220.0000
143.2000	-4.6669	220.0000
143.2500	-4.6662	220.0000
143.2800	-4.7000	220.0000
143.3000	-4.7231	220.0000
143.3500	-4.7215	220.0000
143.4000	-4.7192	220.0000
143.4500	-4.7162	220.0000
143.4900	-4.7500	220.0000
143.5000	-4.7639	220.0000
143.5500	-4.7593	220.0000
143.6000	-4.7611	220.0000
143.6500	-4.7645	220.0000
143.7000	-4.7689	220.0000
143.7500	-4.7739	220.0000
143.8000	-4.7796	220.0000
143.8500	-4.7859	220.0000
143.9000	-4.7927	220.0000
143.9500	-4.7999	220.0000
143.9507	-4.8000	220.0000
144.0000	-4.8045	220.0000
144.0500	-4.8089	220.0000
144.1000	-4.8133	220.0000
144.1500	-4.8181	220.0000
144.2000	-4.8238	220.0000
144.2500	-4.8310	220.0000
144.3000	-4.8408	220.0000
144.3350	-4.8500	220.0000
144.3500	-4.8529	220.0000
144.4000	-4.8644	220.0000
144.4500	-4.8785	220.0000
144.5000	-4.8974	220.0000
144.5057	-4.9000	220.0000
144.5500	-4.9171	220.0000
144.6000	-4.9383	220.0000
144.6230	-4.9500	220.0000
144.6500	-4.9634	220.0000
144.7000	-4.9878	220.0000
144.7218	-5.0000	220.0000
144.7500	-5.0151	220.0000
144.8000	-5.0413	220.0000
144.8143	-5.0500	220.0000
144.8500	-5.0687	220.0000
144.9000	-5.0962	220.0000
144.9057	-5.1000	220.0000
144.9500	-5.1227	220.0000
144.9953	-5.1500	220.0000
145.0000	-5.1525	220.0000
145.0500	-5.1785	220.0000
145.0808	-5.2000	220.0000
145.1000	-5.2115	220.0000
145.1500	-5.2399	220.0000
145.1627	-5.2500	220.0000
145.2000	-5.2743	220.0000
145.2359	-5.3000	220.0000
145.2500	-5.3111	220.0000
145.3000	-5.3430	220.0000
145.3092	-5.3500	220.0000
145.3500	-5.3791	220.0000
145.3788	-5.4000	220.0000
145.4000	-5.4164	220.0000
145.4491	-5.4500	220.0000
145.4500	-5.4507	220.0000
145.5000	-5.4836	220.0000
145.5226	-5.5000	220.0000
145.5500	-5.5193	220.0000
145.5948	-5.5500	220.0000
145.6000	-5.5538	220.0000
145.6500	-5.5857	220.0000
145.6698	-5.6000	220.0000
145.7000	-5.6207	220.0000
145.7433	-5.6500	220.0000
145.7500	-5.6548	220.0000
145.8000	-5.6856	220.0000
145.8214	-5.7000	220.0000
145.8500	-5.7186	220.0000
145.9000	-5.7493	220.0000
145.9011	-5.7500	220.0000
145.9500	-5.7782	220.0000
145.9872	-5.8000	220.0000
146.0000	-5.8081	220.0000
146.0500	-5.8351	220.0000
146.0764	-5.8500	220.0000
146.1000	-5.8638	220.0000
146.1500	-5.8907	220.0000
146.1660	-5.9000	220.0000
146.2000	-5.9189	220.0000
146.2500	-5.9464	220.0000
146.2560	-5.9500	220.0000
146.3000	-5.9737	220.0000
146.3475	-6.0000	220.0000
146.3500	-6.0014	220.0000
146.4000	-6.0270	220.0000
146.4429	-6.0500	220.0000
146.4500	-6.0538	220.0000
146.5000	-6.0784	220.0000
146.5409	-6.1000	220.0000
146.5500	-6.1049	220.0000
146.6000	-6.1299	220.0000
146.6358	-6.1500	220.0000
146.6500	-6.1582	220.0000
146.7000	-6.1864	220.0000
146.7207	-6.2000	220.0000
146.7500	-6.2194	220.0000
146.7930	-6.2500	220.0000
146.8000	-6.2554	220.0000
146.8500	-6.2949	220.0000
146.8558	-6.3000	220.0000
146.9000	-6.3391	220.0000
146.9118	-6.3500	220.0000
146.9500	-6.3853	220.0000
146.9657	-6.4000	220.0000
147.0000	-6.4305	220.0000
147.0218	-6.4500	220.0000
147.0500	-6.4726	220.0000
147.0839	-6.5000	220.0000
147.1000	-6.5113	220.0000
147.1500	-6.5450	220.0000
147.1568	-6.5500	220.0000
147.2000	-6.5756	220.0000
147.2381	-6.6000	220.0000
147.2500	-6.6073	220.0000
147.3000	-6.6335	220.0000
147.3267	-6.6500	220.0000
147.3500	-6.6641	220.0000
147.4000	-6.6917	220.0000
147.4133	-6.7000	220.0000
147.4500	-6.7219	220.0000
147.4954	-6.7500	220.0000
147.5000	-6.7531	220.0000
147.5500	-6.7822	220.0000
147.5774	-6.8000	220.0000
147.6000	-6.8138	220.0000
147.6500	-6.8423	220.0000
147.6626	-6.8500	220.0000
147.7000	-6.8694	220.0000
147.7500	-6.8937	220.0000
147.7639	-6.9000	220.0000
147.8000	-6.9146	220.0000
147.8500	-6.9307	220.0000
147.9000	-6.9454	220.0000
147.9198	-6.9500	220.0000
147.9500	-6.9578	220.0000
148.0000	-6.9693	220.0000
148.0500	-6.9821	220.0000
148.1000	-6.9976	220.0000
148.1070	-7.0000	220.0000
148.1500	-7.0156	220.0000
148.2000	-7.0370	220.0000
148.2261	-7.0500	220.0000
148.2500	-7.0614	220.0000
148.3000	-7.0880	220.0000
148.3200	-7.1000	220.0000
148.3500	-7.1158	220.0000
148.4000	-7.1454	220.0000
148.4073	-7.1500	220.0000
148.4500	-7.1725	220.0000
148.4955	-7.2000	220.0000
148.5000	-7.2024	220.0000
148.5500	-7.2282	220.0000
148.5876	-7.2500	220.0000
148.6000	-7.2566	220.0000
148.6500	-7.2828	220.0000
148.6803	-7.3000	220.0000
148.7000	-7.3108	220.0000
148.7500	-7.3385	220.0000
148.7698	-7.3500	220.0000
148.8000	-7.3662	220.0000
148.8500	-7.3955	220.0000
148.8575	-7.4000	220.0000
148.9000	-7.4199	220.0000
> 240 contour -Z240
151.1000	-3.4582	240.0000
151.1500	-3.4812	240.0000
151.2000	-3.4995	240.0000
151.2017	-3.5000	240.0000
151.2500	-3.5130	240.0000
151.3000	-3.5232	240.0000
151.3500	-3.5308	240.0000
151.4000	-3.5360	240.0000
151.4500	-3.5392	240.0000
151.5000	-3.5406	240.0000
151.5500	-3.5404	240.0000
151.6000	-3.5390	240.0000
151.6500	-3.5369	240.0000
151.7000	-3.5351	240.0000
151.7500	-3.5350	240.0000
151.8000	-3.5387	240.0000
151.8500	-3.5492	240.0000
151.8521	-3.5500	240.0000
151.9000	-3.5730	240.0000
151.9349	-3.6000	240.0000
151.9500	-3.6150	240.0000
151.9786	-3.6500	240.0000
152.0000	-3.6815	240.0000
152.0120	-3.7000	240.0000
152.0413	-3.7500	240.0000
152.0500	-3.7669	240.0000
152.0688	-3.8000	240.0000
152.0932	-3.8500	240.0000
152.1000	-3.8699	240.0000
152.1122	-3.9000	240.0000
152.1212	-3.9500	240.0000
152.1167	-4.0000	240.0000
152.1000	-4.0458	240.0000
152.0986	-4.0500	240.0000
152.0724	-4.1000	240.0000
152.0500	-4.1342	240.0000
152.0406	-4.1500	240.0000
152.0079	-4.2000	240.0000
152.0000	-4.2123	240.0000
151.9758	-4.2500	240.0000
151.9500	-4.2916	240.0000
151.9443	-4.3000	240.0000
151.9123	-4.3500	240.0000
151.9000	-4.3710	240.0000
151.8770	-4.4000	240.0000
151.8500	-4.4351	240.0000
151.8307	-4.4500	240.0000
151.8000	-4.4751	240.0000
151.7500	-4.4943	240.0000
151.7103	-4.5000	240.0000
151.7000	-4.5021	240.0000
151.6500	-4.5045	240.0000
151.6000	-4.5059	240.0000
151.5500	-4.5210	240.0000
151.5253	-4.5500	240.0000
151.5361	-4.6000	240.0000
151.5500	-4.6173	240.0000
151.5782	-4.6500	240.0000
151.6000	-4.6697	240.0000
151.6261	-4.7000	240.0000
151.6500	-4.7299	240.0000
151.6612	-4.7500	240.0000
151.6823	-4.8000	240.0000
151.6933	-4.8500	240.0000
151.6956	-4.9000	240.0000
151.6881	-4.9500	240.0000
151.6660	-5.0000	240.0000
151.6500	-5.0181	240.0000
151.6000	-5.0427	240.0000
151.5500	-5.0431	240.0000
151.5000	-5.0315	240.0000
151.4500	-5.0159	240.0000
151.4000	-5.0013	240.0000
151.3936	-5.0000	240.0000
151.3500	-4.9892	240.0000
151.3000	-4.9865	240.0000
151.2500	-4.9935	240.0000
151.2286	-5.0000	240.0000
151.2000	-5.0076	240.0000
151.1500	-5.0254	240.0000
151.1000	-5.0431	240.0000
151.0752	-5.0500	240.0000
151.0500	-5.0571	240.0000
151.0000	-5.0647	240.0000
150.9500	-5.0649	240.0000
150.9000	-5.0582	240.0000
150.8648	-5.0500	240.0000
150.8500	-5.0469	240.0000
150.8000	-5.0341	240.0000
150.7500	-5.0207	240.0000
150.7000	-5.0084	240.0000
150.6572	-5.0000	240.0000
150.6500	-4.9987	240.0000
150.6000	-4.9930	240.0000
150.5500	-4.9888	240.0000
150.5000	-4.9832	240.0000
150.4500	-4.9713	240.0000
150.4052	-4.9500	240.0000
150.4000	-4.9479	240.0000
150.3500	-4.9148	240.0000
150.3349	-4.9000	240.0000
150.3000	-4.8709	240.0000
150.2813	-4.8500	240.0000
150.2500	-4.8199	240.0000
150.2331	-4.8000	240.0000
150.2000	-4.7660	240.0000
150.1865	-4.7500	240.0000
150.1500	-4.7123	240.0000
150.1391	-4.7000	240.0000
150.1000	-4.6609	240.0000
150.0894	-4.6500	240.0000
150.0500	-4.6127	240.0000
150.0366	-4.6000	240.0000
150.0000	-4.5670	240.0000
149.9808	-4.5500	240.0000
149.9500	-4.5230	240.0000
149.9229	-4.5000	240.0000
149.9000	-4.4804	240.0000
149.8632	-4.4500	240.0000
149.8500	-4.4391	240.0000
149.8006	-4.4000	240.0000
149.8000	-4.3995	240.0000
> 240 contour -Z240
149.1490	-7.1000	240.0000
149.1126	-7.0500	240.0000
149.1000	-7.0342	240.0000
149.0693	-7.0000	240.0000
149.0500	-6.9799	240.0000
149.0156	-6.9500	240.0000
149.0000	-6.9369	240.0000
148.9500	-6.9042	240.0000
148.9413	-6.9000	240.0000
148.9000	-6.8802	240.0000
148.8500	-6.8652	240.0000
148.8000	-6.8584	240.0000
148.7500	-6.8601	240.0000
148.7000	-6.8713	240.0000
148.6500	-6.8929	240.0000
148.6379	-6.9000	240.0000
148.6000	-6.9303	240.0000
148.5746	-6.9500	240.0000
148.5500	-6.9702	240.0000
148.5000	-6.9851	240.0000
148.4500	-6.9792	240.0000
148.4000	-6.9659	240.0000
148.3500	-6.9519	240.0000
148.3438	-6.9500	240.0000
148.3000	-6.9372	240.0000
148.2500	-6.9250	240.0000
148.2000	-6.9159	240.0000
148.1500	-6.9096	240.0000
148.1000	-6.9059	240.0000
148.0500	-6.9042	240.0000
148.0000	-6.9035	240.0000
147.9500	-6.9028	240.0000
147.9000	-6.9005	240.0000
147.8965	-6.9000	240.0000
147.8500	-6.8925	240.0000
147.8000	-6.8786	240.0000
147.7500	-6.8616	240.0000
147.7212	-6.8500	240.0000
147.7000	-6.8384	240.0000
147.6500	-6.8113	240.0000
147.6287	-6.8000	240.0000
147.6000	-6.7810	240.0000
147.5500	-6.7536	240.0000
147.5438	-6.7500	240.0000
147.5000	-6.7212	240.0000
147.4587	-6.7000	240.0000
147.4500	-6.6945	240.0000
147.4000	-6.6650	240.0000
147.3696	-6.6500	240.0000
147.3500	-6.6378	240.0000
147.3000	-6.6109	240.0000
147.2787	-6.6000	240.0000
147.2500	-6.5808	240.0000
147.2000	-6.5538	240.0000
147.1936	-6.5500	240.0000
147.1500	-6.5176	240.0000
147.1234	-6.5000	240.0000
147.1000	-6.4805	240.0000
147.0608	-6.4500	240.0000
147.0500	-6.4403	240.0000
147.0039	-6.4000	240.0000
147.0000	-6.3963	240.0000
146.9500	-6.3502	240.0000
146.9498	-6.3500	240.0000
146.9000	-6.3038	240.0000
146.8957	-6.3000	240.0000
146.8500	-6.2596	240.0000
146.8379	-6.2500	240.0000
146.8000	-6.2187	240.0000
146.7725	-6.2000	240.0000
146.7500	-6.1829	240.0000
146.7000	-6.1532	240.0000
146.6942	-6.1500	240.0000
146.6500	-6.1224	240.0000
146.6030	-6.1000	240.0000
146.6000	-6.0983	240.0000
146.5500	-6.0707	240.0000
146.5040	-6.0500	240.0000
146.5000	-6.0478	240.0000
146.4500	-6.0204	240.0000
146.4067	-6.0000	240.0000
146.4000	-5.9961	240.0000
146.3500	-5.9678	240.0000
146.3150	-5.9500	240.0000
146.3000	-5.9408	240.0000
146.2500	-5.9128	240.0000
146.2256	-5.9000	240.0000
146.2000	-5.8845	240.0000
146.1500	-5.8582	240.0000
146.1341	-5.8500	240.0000
146.1000	-5.8303	240.0000
146.0500	-5.8057	240.0000
146.0392	-5.8000	240.0000
146.0000	-5.7774	240.0000
145.9500	-5.7529	240.0000
145.9450	-5.7500	240.0000
145.9000	-5.7219	240.0000
145.8591	-5.7000	240.0000
145.8500	-5.6939	240.0000
145.8000	-5.6621	240.0000
145.7802	-5.6500	240.0000
145.7500	-5.6283	240.0000
145.7018	-5.6000	240.0000
145.7000	-5.5987	240.0000
145.6500	-5.5630	240.0000
145.6296	-5.5500	240.0000
145.6000	-5.5278	240.0000
145.5532	-5.5000	240.0000
145.5500	-5.4975	240.0000
145.5000	-5.4622	240.0000
145.4815	-5.4500	240.0000
145.4500	-5.4266	240.0000
145.4062	-5.4000	240.0000
145.4000	-5.3954	240.0000
145.3500	-5.3610	240.0000
145.3346	-5.3500	240.0000
145.3000	-5.3238	240.0000
145.2610	-5.3000	240.0000
145.2500	-5.2913	240.0000
145.2000	-5.2587	240.0000
145.1866	-5.2500	240.0000
145.1500	-5.2209	240.0000
145.1116	-5.2000	240.0000
145.1000	-5.1902	240.0000
145.0500	-5.1585	240.0000
145.0338	-5.1500	240.0000
145.0000	-5.1245	240.0000
144.9532	-5.1000	240.0000
144.9500	-5.0975	240.0000
144.9000	-5.0649	240.0000
144.8710	-5.0500	240.0000
144.8500	-5.0358	240.0000
144.8000	-5.0083	240.0000
144.7837	-5.0000	240.0000
144.7500	-4.9794	240.0000
144.7000	-4.9551	240.0000
144.6891	-4.9500	240.0000
144.6500	-4.9283	240.0000
144.6000	-4.9069	240.0000
144.5820	-4.9000	240.0000
144.5500	-4.8839	240.0000
144.5000	-4.8645	240.0000
144.4500	-4.8501	240.0000
144.4495	-4.8500	240.0000
144.4000	-4.8307	240.0000
144.3500	-4.8169	240.0000
144.3000	-4.8069	240.0000
144.2536	-4.8000	240.0000
144.2500	-4.7990	240.0000
144.2000	-4.7882	240.0000
144.1500	-4.7800	240.0000
144.1000	-4.7734	240.0000
144.0500	-4.7678	240.0000
144.0000	-4.7627	240.0000
143.9500	-4.7580	240.0000
143.9000	-4.7539	240.0000
143.8500	-4.7504	240.0000
143.8419	-4.7500	240.0000
143.8000	-4.7462	240.0000
143.7500	-4.7434	240.0000
143.7000	-4.7425	240.0000
143.6500	-4.7433	240.0000
143.6000	-4.7456	240.0000
143.5500	-4.7499	240.0000
143.5498	-4.7500	240.0000
143.5000	-4.7573	240.0000
143.4947	-4.7500	240.0000
143.4500	-4.7123	240.0000
143.4000	-4.7154	240.0000
143.3500	-4.7180	240.0000
143.3000	-4.7198	240.0000
143.2828	-4.7000	240.0000
143.2500	-4.6630	240.0000
143.2000	-4.6637	240.0000
143.1500	-4.6639	240.0000
143.1000	-4.6635	240.0000
143.0500	-4.6624	240.0000
143.0000	-4.6599	240.0000
142.9500	-4.6568	240.0000
142.9000	-4.6517	240.0000
142.8892	-4.6500	240.0000
142.8500	-4.6174	240.0000
142.8112	-4.6000	240.0000
142.8000	-4.5907	240.0000
142.7500	-4.5621	240.0000
142.7215	-4.5500	240.0000
142.7000	-4.5378	240.0000
142.6500	-4.5142	240.0000
142.6190	-4.5000	240.0000
142.6000	-4.4901	240.0000
142.5500	-4.4593	240.0000
142.5388	-4.4500	240.0000
142.5000	-4.4129	240.0000
142.4908	-4.4000	240.0000
142.4609	-4.3500	240.0000
142.4500	-4.3275	240.0000
142.4395	-4.3000	240.0000
142.4243	-4.2500	240.0000
142.4131	-4.2000	240.0000
142.4053	-4.1500	240.0000
142.4004	-4.1000	240.0000
142.4000	-4.0908	240.0000
142.3976	-4.0500	240.0000
142.3979	-4.0000	240.0000
142.4000	-3.9673	240.0000
142.4010	-3.9500	240.0000
> 260 contour -Z260
152.4914	-3.0500	260.0000
152.4966	-3.1000	260.0000
152.5000	-3.1213	260.0000
152.5050	-3.1500	260.0000
152.5167	-3.2000	260.0000
152.5314	-3.2500	260.0000
152.5483	-3.3000	260.0000
152.5500	-3.3047	260.0000
152.5660	-3.3500	260.0000
152.5835	-3.4000	260.0000
152.6000	-3.4493	260.0000
152.6002	-3.4500	260.0000
152.6150	-3.5000	260.0000
152.6288	-3.5500	260.0000
152.6419	-3.6000	260.0000
152.6500	-3.6315	260.0000
152.6543	-3.6500	260.0000
152.6659	-3.7000	260.0000
152.6769	-3.7500	260.0000
152.6873	-3.8000	260.0000
152.6969	-3.8500	260.0000
152.7000	-3.8689	260.0000
152.7049	-3.9000	260.0000
152.7113	-3.9500	260.0000
152.7162	-4.0000	260.0000
152.7195	-4.0500	260.0000
152.7216	-4.1000	260.0000
152.7227	-4.1500	260.0000
152.7232	-4.2000	260.0000
152.7232	-4.2500	260.0000
152.7229	-4.3000	260.0000
152.7221	-4.3500	260.0000
152.7202	-4.4000	260.0000
152.7162	-4.4500	260.0000
152.7083	-4.5000	260.0000
152.7000	-4.5311	260.0000
152.6937	-4.5500	260.0000
152.6693	-4.6000	260.0000
152.6500	-4.6310	260.0000
152.6360	-4.6500	260.0000
152.6000	-4.6985	260.0000
152.5988	-4.7000	260.0000
152.5660	-4.7500	260.0000
152.5500	-4.7841	260.0000
152.5429	-4.8000	260.0000
152.5287	-4.8500	260.0000
152.5212	-4.9000	260.0000
152.5182	-4.9500	260.0000
152.5183	-5.0000	260.0000
152.5207	-5.0500	260.0000
152.5250	-5.1000	260.0000
152.5310	-5.1500	260.0000
152.5390	-5.2000	260.0000
152.5492	-5.2500	260.0000
152.5500	-5.2531	260.0000
152.5616	-5.3000	260.0000
152.5762	-5.3500	260.0000
152.5926	-5.4000	260.0000
152.6000	-5.4208	260.0000
152.6099	-5.4500	260.0000
152.6265	-5.5000	260.0000
152.6419	-5.5500	260.0000
152.6500	-5.5797	260.0000
152.6548	-5.6000	260.0000
152.6644	-5.6500	260.0000
152.6718	-5.7000	260.0000
152.6774	-5.7500	260.0000
> 260 contour -Z260
149.4026	-4.5000	260.0000
149.4469	-4.5500	260.0000
149.4500	-4.5532	260.0000
149.4991	-4.6000	260.0000
149.5000	-4.6009	260.0000
149.5500	-4.6480	260.0000
149.5522	-4.6500	260.0000
149.5975	-4.7000	260.0000
149.6000	-4.7036	260.0000
149.6323	-4.7500	260.0000
149.6500	-4.7835	260.0000
149.6590	-4.8000	260.0000
149.6798	-4.8500	260.0000
149.6977	-4.9000	260.0000
149.7000	-4.9078	260.0000
149.7132	-4.9500	260.0000
149.7275	-5.0000	260.0000
149.7408	-5.0500	260.0000
149.7500	-5.0891	260.0000
149.7524	-5.1000	260.0000
149.7595	-5.1500	260.0000
149.7623	-5.2000	260.0000
149.7593	-5.2500	260.0000
149.7500	-5.2927	260.0000
149.7470	-5.3000	260.0000
149.7073	-5.3500	260.0000
149.7000	-5.3562	260.0000
149.6500	-5.3663	260.0000
149.6000	-5.3570	260.0000
149.5769	-5.3500	260.0000
149.5500	-5.3425	260.0000
149.5000	-5.3360	260.0000
149.4500	-5.3464	260.0000
149.4447	-5.3500	260.0000
149.4000	-5.3858	260.0000
149.3902	-5.4000	260.0000
149.3633	-5.4500	260.0000
149.3500	-5.4839	260.0000
149.3454	-5.5000	260.0000
149.3346	-5.5500	260.0000
149.3247	-5.6000	260.0000
149.3132	-5.6500	260.0000
149.3000	-5.6902	260.0000
149.2970	-5.7000	260.0000
149.2741	-5.7500	260.0000
149.2500	-5.7841	260.0000
149.2383	-5.8000	260.0000
149.2000	-5.8379	260.0000
149.1867	-5.8500	260.0000
149.1500	-5.8770	260.0000
149.1160	-5.9000	260.0000
149.1000	-5.9097	260.0000
149.0500	-5.9391	260.0000
149.0314	-5.9500	260.0000
149.0000	-5.9682	260.0000
148.9500	-5.9986	260.0000
148.9478	-6.0000	260.0000
148.9000	-6.0315	260.0000
148.8742	-6.0500	260.0000
148.8500	-6.0676	260.0000
148.8083	-6.1000	260.0000
148.8000	-6.1064	260.0000
148.7500	-6.1458	260.0000
148.7448	-6.1500	260.0000
148.7000	-6.1847	260.0000
148.6812	-6.2000	260.0000
148.6500	-6.2249	260.0000
148.6209	-6.2500	260.0000
148.6000	-6.2684	260.0000
148.5678	-6.3000	260.0000
148.5500	-6.3184	260.0000
148.5227	-6.3500	260.0000
148.5000	-6.3772	260.0000
148.4828	-6.4000	260.0000
148.4500	-6.4423	260.0000
148.4445	-6.4500	260.0000
148.4044	-6.5000	260.0000
148.4000	-6.5048	260.0000
148.3602	-6.5500	260.0000
148.3500	-6.5599	260.0000
148.3104	-6.6000	260.0000
148.3000	-6.6088	260.0000
148.2534	-6.6500	260.0000
148.2500	-6.6524	260.0000
148.2000	-6.6892	260.0000
148.1860	-6.7000	260.0000
148.1500	-6.7208	260.0000
148.1006	-6.7500	260.0000
148.1000	-6.7503	260.0000
148.0500	-6.7720	260.0000
148.0000	-6.7942	260.0000
147.9871	-6.8000	260.0000
147.9500	-6.8102	260.0000
147.9000	-6.8210	260.0000
147.8500	-6.8256	260.0000
147.8000	-6.8213	260.0000
147.7500	-6.8092	260.0000
147.7228	-6.8000	260.0000
147.7000	-6.7889	260.0000
147.6500	-6.7621	260.0000
147.6249	-6.7500	260.0000
147.6000	-6.7345	260.0000
147.5500	-6.7072	260.0000
147.5350	-6.7000	260.0000
147.5000	-6.6783	260.0000
147.4500	-6.6546	260.0000
147.4395	-6.6500	260.0000
147.4000	-6.6265	260.0000
147.3500	-6.6042	260.0000
147.3403	-6.6000	260.0000
147.3000	-6.5748	260.0000
147.2500	-6.5513	260.0000
147.2475	-6.5500	260.0000
147.2000	-6.5154	260.0000
147.1747	-6.5000	260.0000
147.1500	-6.4804	260.0000
147.1087	-6.4500	260.0000
147.1000	-6.4426	260.0000
147.0500	-6.4004	260.0000
147.0496	-6.4000	260.0000
147.0000	-6.3535	260.0000
146.9962	-6.3500	260.0000
146.9500	-6.3057	260.0000
146.9437	-6.3000	260.0000
146.9000	-6.2583	260.0000
146.8902	-6.2500	260.0000
146.8500	-6.2126	260.0000
146.8333	-6.2000	260.0000
146.8000	-6.1708	260.0000
146.7683	-6.1500	260.0000
146.7500	-6.1354	260.0000
146.7000	-6.1051	260.0000
146.6897	-6.1000	260.0000
146.6500	-6.0752	260.0000
146.6000	-6.0527	260.0000
146.5938	-6.0500	260.0000
146.5500	-6.0260	260.0000
146.5000	-6.0043	260.0000
146.4901	-6.0000	260.0000
146.4500	-5.9777	260.0000
146.4000	-5.9540	260.0000
146.3917	-5.9500	260.0000
146.3500	-5.9248	260.0000
146.3000	-5.9000	260.0000
146.3000	-5.9000	260.0000
146.2500	-5.8687	260.0000
146.2122	-5.8500	260.0000
146.2000	-5.8425	260.0000
146.1500	-5.8146	260.0000
146.1174	-5.8000	260.0000
146.1000	-5.7901	260.0000
146.0500	-5.7646	260.0000
146.0153	-5.7500	260.0000
146.0000	-5.7416	260.0000
145.9500	-5.7148	260.0000
145.9176	-5.7000	260.0000
145.9000	-5.6893	260.0000
145.8500	-5.6600	260.0000
145.8311	-5.6500	260.0000
145.8000	-5.6284	260.0000
145.7500	-5.6008	260.0000
145.7487	-5.6000	260.0000
145.7000	-5.5636	260.0000
145.6762	-5.5500	260.0000
145.6500	-5.5300	260.0000
145.6000	-5.5010	260.0000
145.5983	-5.5000	260.0000
145.5500	-5.4634	260.0000
145.5262	-5.4500	260.0000
145.5000	-5.4307	260.0000
145.4500	-5.4023	260.0000
145.4462	-5.4000	260.0000
145.4000	-5.3658	260.0000
145.3711	-5.3500	260.0000
145.3500	-5.3346	260.0000
145.3000	-5.3045	260.0000
145.2926	-5.3000	260.0000
145.2500	-5.2662	260.0000
145.2202	-5.2500	260.0000
145.2000	-5.2330	260.0000
145.1500	-5.2019	260.0000
145.1465	-5.2000	260.0000
145.1000	-5.1607	260.0000
145.0807	-5.1500	260.0000
145.0500	-5.1232	260.0000
145.0118	-5.1000	260.0000
145.0000	-5.0898	260.0000
144.9500	-5.0551	260.0000
144.9406	-5.0500	260.0000
144.9000	-5.0196	260.0000
144.8640	-5.0000	260.0000
144.8500	-4.9901	260.0000
144.8000	-4.9601	260.0000
144.7790	-4.9500	260.0000
144.7500	-4.9319	260.0000
144.7000	-4.9071	260.0000
144.6829	-4.9000	260.0000
144.6500	-4.8811	260.0000
144.6000	-4.8587	260.0000
144.5755	-4.8500	260.0000
144.5500	-4.8362	260.0000
144.5000	-4.8140	260.0000
144.4559	-4.8000	260.0000
144.4500	-4.7969	260.0000
144.4000	-4.7744	260.0000
144.3500	-4.7583	260.0000
144.3159	-4.7500	260.0000
144.3000	-4.7438	260.0000
144.2500	-4.7283	260.0000
144.2000	-4.7170	260.0000
144.1500	-4.7086	260.0000
144.1000	-4.7022	260.0000
144.0786	-4.7000	260.0000
144.0500	-4.6956	260.0000
144.0000	-4.6892	260.0000
143.9500	-4.6840	260.0000
143.9000	-4.6800	260.0000
143.8500	-4.6776	260.0000
143.8000	-4.6777	260.0000
143.7500	-4.6810	260.0000
143.7000	-4.6890	260.0000
143.6635	-4.7000	260.0000
143.6500	-4.7017	260.0000
143.6000	-4.7102	260.0000
143.5500	-4.7201	260.0000
143.5053	-4.7500	260.0000
143.5000	-4.7508	260.0000
143.4994	-4.7500	260.0000
143.4500	-4.7083	260.0000
143.4000	-4.7117	260.0000
143.3500	-4.7145	260.0000
143.3000	-4.7165	260.0000
143.2857	-4.7000	260.0000
143.2500	-4.6598	260.0000
143.2000	-4.6604	260.0000
143.1500	-4.6606	260.0000
143.1000	-4.6601	260.0000
143.0500	-4.6587	260.0000
143.0000	-4.6558	260.0000
142.9500	-4.6510	260.0000
142.9417	-4.6500	260.0000
142.9280	-4.6000	260.0000
142.9120	-4.5500	260.0000
142.9000	-4.5177	260.0000
142.8902	-4.5000	260.0000
142.8569	-4.4500	260.0000
142.8500	-4.4418	260.0000
142.8000	-4.4032	260.0000
142.7938	-4.4000	260.0000
142.7500	-4.3810	260.0000
142.7000	-4.3659	260.0000
142.6500	-4.3517	260.0000
142.6458	-4.3500	260.0000
142.6000	-4.3327	260.0000
142.5500	-4.3006	260.0000
142.5495	-4.3000	260.0000
142.5131	-4.2500	260.0000
142.5000	-4.2223	260.0000
142.4933	-4.2000	260.0000
142.4860	-4.1500	260.0000
142.4854	-4.1000	260.0000
142.4904	-4.0500	260.0000
142.4998	-4.0000	260.0000
142.5000	-3.9991	260.0000
142.5143	-3.9500	260.0000
142.5312	-3.9000	260.0000
142.5497	-3.8500	260.0000
> 280 contour -Z280
152.9568	-5.7500	280.0000
152.9626	-5.7000	280.0000
152.9697	-5.6500	280.0000
152.9782	-5.6000	280.0000
152.9880	-5.5500	280.0000
152.9991	-5.5000	280.0000
153.0000	-5.4957	280.0000
153.0112	-5.4500	280.0000
153.0234	-5.4000	280.0000
153.0348	-5.3500	280.0000
153.0452	-5.3000	280.0000
153.0500	-5.2725	280.0000
153.0540	-5.2500	280.0000
153.0609	-5.2000	280.0000
153.0660	-5.1500	280.0000
153.0697	-5.1000	280.0000
153.0720	-5.0500	280.0000
153.0730	-5.0000	280.0000
153.0727	-4.9500	280.0000
153.0707	-4.9000	280.0000
153.0664	-4.8500	280.0000
153.0592	-4.8000	280.0000
153.0500	-4.7563	280.0000
153.0486	-4.7500	280.0000
153.0334	-4.7000	280.0000
153.0168	-4.6500	280.0000
153.0006	-4.6000	280.0000
153.0000	-4.5979	280.0000
152.9873	-4.5500	280.0000
152.9780	-4.5000	280.0000
152.9726	-4.4500	280.0000
152.9705	-4.4000	280.0000
152.9711	-4.3500	280.0000
152.9735	-4.3000	280.0000
152.9771	-4.2500	280.0000
152.9811	-4.2000	280.0000
152.9848	-4.1500	280.0000
152.9875	-4.1000	280.0000
152.9889	-4.0500	280.0000
152.9887	-4.0000	280.0000
152.9869	-3.9500	280.0000
152.9838	-3.9000	280.0000
152.9797	-3.8500	280.0000
152.9753	-3.8000	280.0000
152.9712	-3.7500	280.0000
152.9678	-3.7000	280.0000
152.9657	-3.6500	280.0000
152.9653	-3.6000	280.0000
152.9671	-3.5500	280.0000
152.9714	-3.5000	280.0000
152.9782	-3.4500	280.0000
152.9876	-3.4000	280.0000
152.9995	-3.3500	280.0000
153.0000	-3.3480	280.0000
153.0137	-3.3000	280.0000
153.0294	-3.2500	280.0000
153.0460	-3.2000	280.0000
153.0500	-3.1877	280.0000
153.0627	-3.1500	280.0000
153.0792	-3.1000	280.0000
> 280 contour -Z280
142.7500	-3.9328	280.0000
142.8000	-3.9221	280.0000
142.8500	-3.9369	280.0000
142.8654	-3.9500	280.0000
142.8757	-4.0000	280.0000
142.8500	-4.0477	280.0000
142.8488	-4.0500	280.0000
142.8000	-4.0916	280.0000
142.7895	-4.1000	280.0000
142.7500	-4.1192	280.0000
142.7000	-4.1344	280.0000
142.6500	-4.1244	280.0000
142.6351	-4.1000	280.0000
142.6391	-4.0500	280.0000
142.6500	-4.0247	280.0000
142.6678	-4.0000	280.0000
142.7000	-3.9642	280.0000
142.7218	-3.9500	280.0000
142.7500	-3.9328	280.0000
> 280 contour -Z280
147.3468	-4.2500	280.0000
147.3278	-4.3000	280.0000
147.3181	-4.3500	280.0000
147.3137	-4.4000	280.0000
147.3101	-4.4500	280.0000
147.3038	-4.5000	280.0000
147.3000	-4.5149	280.0000
147.2935	-4.5500	280.0000
147.2789	-4.6000	280.0000
147.2595	-4.6500	280.0000
147.2500	-4.6692	280.0000
147.2392	-4.7000	280.0000
147.2193	-4.7500	280.0000
147.2000	-4.7957	280.0000
147.1986	-4.8000	280.0000
147.1819	-4.8500	280.0000
147.1653	-4.9000	280.0000
147.1500	-4.9453	280.0000
147.1487	-4.9500	280.0000
147.1347	-5.0000	280.0000
147.1204	-5.0500	280.0000
147.1052	-5.1000	280.0000
147.1000	-5.1175	280.0000
147.0911	-5.1500	280.0000
147.0777	-5.2000	280.0000
147.0643	-5.2500	280.0000
147.0517	-5.3000	280.0000
147.0500	-5.3086	280.0000
147.0426	-5.3500	280.0000
147.0365	-5.4000	280.0000
147.0340	-5.4500	280.0000
147.0365	-5.5000	280.0000
147.0456	-5.5500	280.0000
147.0500	-5.5632	280.0000
147.0697	-5.6000	280.0000
147.1000	-5.6337	280.0000
147.1276	-5.6500	280.0000
147.1500	-5.6600	280.0000
147.2000	-5.6729	280.0000
147.2500	-5.6831	280.0000
147.3000	-5.6973	280.0000
147.3058	-5.7000	280.0000
147.3500	-5.7207	280.0000
147.3879	-5.7500	280.0000
147.4000	-5.7598	280.0000
147.4365	-5.8000	280.0000
147.4500	-5.8156	280.0000
147.4757	-5.8500	280.0000
147.5000	-5.8832	280.0000
147.5119	-5.9000	280.0000
147.5468	-5.9500	280.0000
147.5500	-5.9547	280.0000
147.5820	-6.0000	280.0000
147.6000	-6.0270	280.0000
147.6162	-6.0500	280.0000
147.6485	-6.1000	280.0000
147.6500	-6.1026	280.0000
147.6780	-6.1500	280.0000
147.7000	-6.1923	280.0000
147.7040	-6.2000	280.0000
147.7264	-6.2500	280.0000
147.7453	-6.3000	280.0000
147.7500	-6.3157	280.0000
147.7599	-6.3500	280.0000
147.7693	-6.4000	280.0000
147.7722	-6.4500	280.0000
147.7667	-6.5000	280.0000
147.7500	-6.5468	280.0000
147.7484	-6.5500	280.0000
147.7000	-6.5904	280.0000
147.6509	-6.6000	280.0000
147.6500	-6.6001	280.0000
147.6493	-6.6000	280.0000
147.6000	-6.5932	280.0000
147.5500	-6.5799	280.0000
147.5000	-6.5654	280.0000
147.4500	-6.5521	280.0000
147.4431	-6.5500	280.0000
147.4000	-6.5328	280.0000
147.3500	-6.5137	280.0000
147.3126	-6.5000	280.0000
147.3000	-6.4941	280.0000
147.2500	-6.4663	280.0000
147.2201	-6.4500	280.0000
147.2000	-6.4373	280.0000
147.1500	-6.4037	280.0000
147.1451	-6.4000	280.0000
147.1000	-6.3633	280.0000
147.0841	-6.3500	280.0000
147.0500	-6.3200	280.0000
147.0280	-6.3000	280.0000
147.0000	-6.2726	280.0000
146.9771	-6.2500	280.0000
146.9500	-6.2202	280.0000
146.9306	-6.2000	280.0000
146.9000	-6.1638	280.0000
146.8865	-6.1500	280.0000
146.8500	-6.1078	280.0000
146.8413	-6.1000	280.0000
146.8000	-6.0588	280.0000
146.7873	-6.0500	280.0000
146.7500	-6.0220	280.0000
146.7026	-6.0000	280.0000
146.7000	-5.9987	280.0000
146.6500	-5.9766	280.0000
146.6000	-5.9598	280.0000
146.5689	-5.9500	280.0000
146.5500	-5.9432	280.0000
146.5000	-5.9229	280.0000
146.4500	-5.9037	280.0000
146.4415	-5.9000	280.0000
146.4000	-5.8783	280.0000
146.3500	-5.8538	280.0000
146.3425	-5.8500	280.0000
146.3000	-5.8238	280.0000
146.2542	-5.8000	280.0000
146.2500	-5.7973	280.0000
146.2000	-5.7670	280.0000
146.1637	-5.7500	280.0000
146.1500	-5.7419	280.0000
146.1000	-5.7163	280.0000
146.0582	-5.7000	280.0000
146.0500	-5.6958	280.0000
146.0000	-5.6713	280.0000
145.9500	-5.6513	280.0000
145.9469	-5.6500	280.0000
145.9000	-5.6231	280.0000
145.8518	-5.6000	280.0000
145.8500	-5.5989	280.0000
145.8000	-5.5646	280.0000
145.7743	-5.5500	280.0000
145.7500	-5.5315	280.0000
145.7000	-5.5001	280.0000
145.6998	-5.5000	280.0000
145.6500	-5.4609	280.0000
145.6315	-5.4500	280.0000
145.6000	-5.4258	280.0000
145.5521	-5.4000	280.0000
145.5500	-5.3986	280.0000
145.5000	-5.3659	280.0000
145.4642	-5.3500	280.0000
145.4500	-5.3418	280.0000
145.4000	-5.3129	280.0000
145.3712	-5.3000	280.0000
145.3500	-5.2867	280.0000
145.3000	-5.2565	280.0000
145.2876	-5.2500	280.0000
145.2500	-5.2198	280.0000
145.2192	-5.2000	280.0000
145.2000	-5.1818	280.0000
145.1614	-5.1500	280.0000
145.1500	-5.1375	280.0000
145.1111	-5.1000	280.0000
145.1000	-5.0874	280.0000
145.0619	-5.0500	280.0000
145.0500	-5.0373	280.0000
145.0083	-5.0000	280.0000
145.0000	-4.9921	280.0000
144.9500	-4.9522	280.0000
144.9467	-4.9500	280.0000
144.9000	-4.9142	280.0000
144.8763	-4.9000	280.0000
144.8500	-4.8811	280.0000
144.8000	-4.8519	280.0000
144.7963	-4.8500	280.0000
144.7500	-4.8185	280.0000
144.7162	-4.8000	280.0000
144.7000	-4.7878	280.0000
144.6500	-4.7549	280.0000
144.6417	-4.7500	280.0000
144.6000	-4.7161	280.0000
144.5769	-4.7000	280.0000
144.5500	-4.6756	280.0000
144.5168	-4.6500	280.0000
144.5000	-4.6348	280.0000
144.4521	-4.6000	280.0000
144.4500	-4.5984	280.0000
144.4000	-4.5673	280.0000
144.3590	-4.5500	280.0000
144.3500	-4.5463	280.0000
144.3000	-4.5312	280.0000
144.2500	-4.5219	280.0000
144.2000	-4.5166	280.0000
144.1500	-4.5137	280.0000
144.1000	-4.5123	280.0000
144.0500	-4.5114	280.0000
144.0000	-4.5104	280.0000
143.9500	-4.5091	280.0000
143.9000	-4.5073	280.0000
143.8500	-4.5055	280.0000
143.8000	-4.5044	280.0000
143.7500	-4.5052	280.0000
143.7000	-4.5101	280.0000
143.6500	-4.5241	280.0000
143.6124	-4.5500	280.0000
143.6000	-4.5589	280.0000
143.5710	-4.6000	280.0000
143.5500	-4.6321	280.0000
143.5438	-4.6500	280.0000
143.5222	-4.7000	280.0000
143.5000	-4.7114	280.0000
143.4500	-4.7044	280.0000
143.4000	-4.7080	280.0000
143.3500	-4.7111	280.0000
143.3000	-4.7132	280.0000
143.2885	-4.7000	280.0000
143.2500	-4.6565	280.0000
143.2000	-4.6571	280.0000
143.1500	-4.6572	280.0000
143.1000	-4.6567	280.0000
143.0500	-4.6551	280.0000
143.0000	-4.6517	280.0000
142.9836	-4.6500	280.0000
143.0000	-4.6190	280.0000
143.0254	-4.6000	280.0000
143.0500	-4.5643	280.0000
143.0675	-4.5500	280.0000
143.1000	-4.5072	280.0000
143.1084	-4.5000	280.0000
143.1468	-4.4500	280.0000
143.1500	-4.4441	280.0000
143.1823	-4.4000	280.0000
143.2000	-4.3646	280.0000
143.2096	-4.3500	280.0000
143.2281	-4.3000	280.0000
143.2349	-4.2500	280.0000
143.2322	-4.2000	280.0000
143.2226	-4.1500	280.0000
143.2102	-4.1000	280.0000
143.2000	-4.0514	280.0000
143.1997	-4.0500	280.0000
143.1936	-4.0000	280.0000
143.1970	-3.9500	280.0000
143.2000	-3.9388	280.0000
143.2069	-3.9000	280.0000
143.2199	-3.8500	280.0000
143.2347	-3.8000	280.0000
> 280 contour -Z280
161.8097	-11.3000	280.0000
161.8137	-11.2500	280.0000
161.8253	-11.2000	280.0000
161.8420	-11.1500	280.0000
161.8500	-11.1313	280.0000
161.8660	-11.1000	280.0000
161.8993	-11.0500	280.0000
161.9000	-11.0491	280.0000
161.9500	-11.0042	280.0000
161.9563	-11.0000	280.0000
162.0000	-10.9766	280.0000
162.0500	-10.9564	280.0000
162.0674	-10.9500	280.0000
162.1000	-10.9388	280.0000
162.1500	-10.9204	280.0000
162.1967	-10.9000	280.0000
162.2000	-10.8984	280.0000
162.2500	-10.8669	280.0000
162.2698	-10.8500	280.0000
162.3000	-10.8184	280.0000
162.3130	-10.8000	280.0000
162.3413	-10.7500	280.0000
162.3500	-10.7316	280.0000
162.3617	-10.7000	280.0000
162.3786	-10.6500	280.0000
162.3961	-10.6000	280.0000
162.4000	-10.5904	280.0000
162.4146	-10.5500	280.0000
162.4397	-10.5000	280.0000
162.4500	-10.4858	280.0000
162.4779	-10.4500	280.0000
162.5000	-10.4315	280.0000
162.5455	-10.4000	280.0000
162.5500	-10.3977	280.0000
162.6000	-10.3744	280.0000
162.6500	-10.3542	280.0000
> 280 contour -Z280
162.6657	-11.1500	280.0000
162.6869	-11.1000	280.0000
162.7000	-11.0781	280.0000
162.7151	-11.0500	280.0000
162.7500	-11.0029	280.0000
162.7519	-11.0000	280.0000
162.7916	-10.9500	280.0000
162.8000	-10.9411	280.0000
162.8342	-10.9000	280.0000
162.8500	-10.8830	280.0000
162.8776	-10.8500	280.0000
162.9000	-10.8242	280.0000
162.9199	-10.8000	280.0000
162.9500	-10.7625	280.0000
162.9602	-10.7500	280.0000
162.9983	-10.7000	280.0000
163.0000	-10.6974	280.0000
163.0353	-10.6500	280.0000
163.0500	-10.6287	280.0000
163.0740	-10.6000	280.0000
163.1000	-10.5674	280.0000
163.1174	-10.5500	280.0000
> 300 contour -Z300
153.2796	-5.9000	300.0000
153.3000	-5.8699	300.0000
153.3161	-5.8500	300.0000
153.3500	-5.8028	300.0000
153.3524	-5.8000	300.0000
153.3882	-5.7500	300.0000
153.4000	-5.7308	300.0000
153.4204	-5.7000	300.0000
153.4475	-5.6500	300.0000
153.4500	-5.6445	300.0000
153.4707	-5.6000	300.0000
153.4889	-5.5500	300.0000
153.5000	-5.5104	300.0000
153.5029	-5.5000	300.0000
153.5136	-5.4500	300.0000
153.5208	-5.4000	300.0000
153.5248	-5.3500	300.0000
153.5254	-5.3000	300.0000
153.5224	-5.2500	300.0000
153.5154	-5.2000	300.0000
153.5040	-5.1500	300.0000
153.5000	-5.1379	300.0000
153.4884	-5.1000	300.0000
153.4687	-5.0500	300.0000
153.4500	-5.0101	300.0000
153.4457	-5.0000	300.0000
153.4221	-4.9500	300.0000
153.4000	-4.9035	300.0000
153.3985	-4.9000	300.0000
153.3782	-4.8500	300.0000
153.3612	-4.8000	300.0000
153.3500	-4.7564	300.0000
153.3484	-4.7500	300.0000
153.3409	-4.7000	300.0000
153.3377	-4.6500	300.0000
153.3384	-4.6000	300.0000
153.3422	-4.5500	300.0000
153.3480	-4.5000	300.0000
153.3500	-4.4847	300.0000
153.3548	-4.4500	300.0000
153.3620	-4.4000	300.0000
153.3691	-4.3500	300.0000
153.3762	-4.3000	300.0000
153.3835	-4.2500	300.0000
153.3909	-4.2000	300.0000
153.3982	-4.1500	300.0000
153.4000	-4.1368	300.0000
153.4051	-4.1000	300.0000
153.4112	-4.0500	300.0000
153.4160	-4.0000	300.0000
153.4192	-3.9500	300.0000
153.4205	-3.9000	300.0000
153.4199	-3.8500	300.0000
153.4177	-3.8000	300.0000
153.4145	-3.7500	300.0000
153.4113	-3.7000	300.0000
153.4092	-3.6500	300.0000
153.4093	-3.6000	300.0000
153.4129	-3.5500	300.0000
153.4210	-3.5000	300.0000
153.4343	-3.4500	300.0000
153.4500	-3.4086	300.0000
153.4533	-3.4000	300.0000
153.4779	-3.3500	300.0000
153.5000	-3.3122	300.0000
153.5072	-3.3000	300.0000
153.5399	-3.2500	300.0000
153.5500	-3.2351	300.0000
153.5744	-3.2000	300.0000
> 300 contour -Z300
143.5829	-3.8500	300.0000
143.6000	-3.8973	300.0000
143.6009	-3.9000	300.0000
143.6306	-3.9500	300.0000
143.6500	-3.9757	300.0000
143.6657	-4.0000	300.0000
143.7000	-4.0447	300.0000
143.7037	-4.0500	300.0000
143.7457	-4.1000	300.0000
143.7500	-4.1044	300.0000
143.7981	-4.1500	300.0000
143.8000	-4.1516	300.0000
143.8500	-4.1849	300.0000
143.8820	-4.2000	300.0000
143.9000	-4.2074	300.0000
143.9500	-4.2203	300.0000
144.0000	-4.2258	300.0000
144.0500	-4.2252	300.0000
144.1000	-4.2193	300.0000
144.1500	-4.2088	300.0000
144.1803	-4.2000	300.0000
144.2000	-4.1942	300.0000
144.2500	-4.1760	300.0000
144.3000	-4.1544	300.0000
144.3092	-4.1500	300.0000
144.3500	-4.1301	300.0000
144.4000	-4.1029	300.0000
144.4052	-4.1000	300.0000
144.4500	-4.0739	300.0000
> 300 contour -Z300
143.2000	-4.5991	300.0000
143.2500	-4.5968	300.0000
143.2704	-4.6000	300.0000
143.3000	-4.6025	300.0000
143.3500	-4.6150	300.0000
143.4000	-4.6479	300.0000
143.4019	-4.6500	300.0000
143.4500	-4.6895	300.0000
143.4559	-4.7000	300.0000
143.4500	-4.7004	300.0000
143.4000	-4.7043	300.0000
143.3500	-4.7076	300.0000
143.3000	-4.7099	300.0000
143.2914	-4.7000	300.0000
143.2500	-4.6533	300.0000
143.2000	-4.6538	300.0000
143.1500	-4.6539	300.0000
143.1000	-4.6532	300.0000
143.0500	-4.6514	300.0000
143.0304	-4.6500	300.0000
143.0500	-4.6332	300.0000
143.1000	-4.6143	300.0000
143.1500	-4.6047	300.0000
143.1968	-4.6000	300.0000
143.2000	-4.5991	300.0000
> 300 contour -Z300
146.7423	-4.6000	300.0000
146.7500	-4.6013	300.0000
146.8000	-4.6185	300.0000
146.8500	-4.6459	300.0000
146.8551	-4.6500	300.0000
146.9000	-4.6882	300.0000
146.9094	-4.7000	300.0000
146.9403	-4.7500	300.0000
146.9500	-4.7753	300.0000
146.9569	-4.8000	300.0000
146.9630	-4.8500	300.0000
146.9618	-4.9000	300.0000
146.9548	-4.9500	300.0000
146.9500	-4.9699	300.0000
146.9422	-5.0000	300.0000
146.9253	-5.0500	300.0000
146.9056	-5.1000	300.0000
146.9000	-5.1130	300.0000
146.8824	-5.1500	300.0000
146.8582	-5.2000	300.0000
146.8500	-5.2175	300.0000
146.8326	-5.2500	300.0000
146.8076	-5.3000	300.0000
146.8000	-5.3166	300.0000
146.7821	-5.3500	300.0000
146.7581	-5.4000	300.0000
146.7500	-5.4187	300.0000
146.7335	-5.4500	300.0000
146.7093	-5.5000	300.0000
146.7000	-5.5198	300.0000
146.6822	-5.5500	300.0000
146.6515	-5.6000	300.0000
146.6500	-5.6023	300.0000
146.6055	-5.6500	300.0000
146.6000	-5.6549	300.0000
146.5500	-5.6818	300.0000
146.5000	-5.6912	300.0000
146.4500	-5.6847	300.0000
146.4000	-5.6655	300.0000
146.3720	-5.6500	300.0000
146.3500	-5.6354	300.0000
146.3033	-5.6000	300.0000
146.3000	-5.5971	300.0000
146.2500	-5.5531	300.0000
146.2459	-5.5500	300.0000
146.2000	-5.5094	300.0000
146.1868	-5.5000	300.0000
146.1500	-5.4689	300.0000
146.1225	-5.4500	300.0000
146.1000	-5.4292	300.0000
146.0667	-5.4000	300.0000
146.0500	-5.3739	300.0000
146.0370	-5.3500	300.0000
146.0305	-5.3000	300.0000
146.0389	-5.2500	300.0000
146.0500	-5.2190	300.0000
146.0567	-5.2000	300.0000
146.0812	-5.1500	300.0000
146.1000	-5.1176	300.0000
146.1099	-5.1000	300.0000
146.1424	-5.0500	300.0000
146.1500	-5.0396	300.0000
146.1779	-5.0000	300.0000
146.2000	-4.9716	300.0000
146.2160	-4.9500	300.0000
146.2500	-4.9082	300.0000
146.2564	-4.9000	300.0000
146.2981	-4.8500	300.0000
> 300 contour -Z300
154.8500	-7.1638	300.0000
154.8808	-7.1500	300.0000
154.9000	-7.1405	300.0000
154.9500	-7.1171	300.0000
154.9907	-7.1000	300.0000
155.0000	-7.0954	300.0000
155.0500	-7.0753	300.0000
155.1000	-7.0604	300.0000
155.1500	-7.0524	300.0000
155.2000	-7.0567	300.0000
155.2500	-7.0917	300.0000
155.2549	-7.1000	300.0000
155.2726	-7.1500	300.0000
155.2804	-7.2000	300.0000
155.2838	-7.2500	300.0000
155.2857	-7.3000	300.0000
155.2874	-7.3500	300.0000
155.2900	-7.4000	300.0000
> 300 contour -Z300
156.9020	-8.6500	300.0000
156.9231	-8.6000	300.0000
156.9373	-8.5500	300.0000
156.9454	-8.5000	300.0000
156.9482	-8.4500	300.0000
156.9473	-8.4000	300.0000
156.9442	-8.3500	300.0000
156.9407	-8.3000	300.0000
156.9384	-8.2500	300.0000
156.9388	-8.2000	300.0000
156.9430	-8.1500	300.0000
156.9500	-8.1110	300.0000
156.9523	-8.1000	300.0000
156.9682	-8.0500	300.0000
156.9910	-8.0000	300.0000
157.0000	-7.9847	300.0000
157.0256	-7.9500	300.0000
157.0500	-7.9231	300.0000
157.0793	-7.9000	300.0000
157.1000	-7.8860	300.0000
157.1500	-7.8644	300.0000
157.2000	-7.8528	300.0000
157.2363	-7.8500	300.0000
157.2500	-7.8490	300.0000
157.3000	-7.8497	300.0000
157.3374	-7.8500	300.0000
157.3500	-7.8502	300.0000
157.3511	-7.8500	300.0000
157.4000	-7.8419	300.0000
157.4500	-7.8072	300.0000
157.4551	-7.8000	300.0000
157.4872	-7.7500	300.0000
157.5000	-7.7270	300.0000
> 300 contour -Z300
157.6000	-8.9705	300.0000
157.6500	-8.9553	300.0000
157.6651	-8.9500	300.0000
157.7000	-8.9383	300.0000
157.7500	-8.9228	300.0000
157.8000	-8.9111	300.0000
157.8500	-8.9049	300.0000
157.9000	-8.9062	300.0000
157.9500	-8.9174	300.0000
158.0000	-8.9435	300.0000
158.0082	-8.9500	300.0000
158.0500	-8.9982	300.0000
158.0513	-9.0000	300.0000
158.0836	-9.0500	300.0000
158.1000	-9.0720	300.0000
158.1296	-9.1000	300.0000
158.1500	-9.1119	300.0000
158.2000	-9.1217	300.0000
158.2500	-9.1174	300.0000
158.3000	-9.1061	300.0000
158.3216	-9.1000	300.0000
158.3500	-9.0892	300.0000
158.4000	-9.0719	300.0000
158.4500	-9.0599	300.0000
158.5000	-9.0547	300.0000
158.5500	-9.0580	300.0000
158.6000	-9.0721	300.0000
158.6495	-9.1000	300.0000
158.6500	-9.1003	300.0000
158.7000	-9.1412	300.0000
158.7085	-9.1500	300.0000
158.7490	-9.2000	300.0000
158.7500	-9.2016	300.0000
158.7839	-9.2500	300.0000
158.8000	-9.2781	300.0000
158.8252	-9.3000	300.0000
158.8500	-9.3182	300.0000
158.9000	-9.3154	300.0000
158.9397	-9.3000	300.0000
158.9500	-9.2965	300.0000
159.0000	-9.2697	300.0000
159.0326	-9.2500	300.0000
159.0500	-9.2389	300.0000
159.1000	-9.2033	300.0000
159.1043	-9.2000	300.0000
159.1500	-9.1603	300.0000
159.1615	-9.1500	300.0000
159.2000	-9.1096	300.0000
159.2090	-9.1000	300.0000
159.2499	-9.0500	300.0000
159.2500	-9.0498	300.0000
159.2878	-9.0000	300.0000
159.3000	-8.9827	300.0000
159.3253	-8.9500	300.0000
159.3500	-8.9163	300.0000
159.3640	-8.9000	300.0000
159.4000	-8.8547	300.0000
159.4044	-8.8500	300.0000
159.4449	-8.8000	300.0000
159.4500	-8.7923	300.0000
159.4780	-8.7500	300.0000
> 300 contour -Z300
159.4827	-10.0000	300.0000
159.5000	-9.9817	300.0000
159.5276	-9.9500	300.0000
159.5500	-9.9261	300.0000
159.5739	-9.9000	300.0000
159.6000	-9.8739	300.0000
159.6251	-9.8500	300.0000
159.6500	-9.8284	300.0000
159.6881	-9.8000	300.0000
159.7000	-9.7917	300.0000
159.7500	-9.7641	300.0000
159.7860	-9.7500	300.0000
159.8000	-9.7445	300.0000
159.8500	-9.7305	300.0000
159.9000	-9.7207	300.0000
159.9500	-9.7130	300.0000
160.0000	-9.7051	300.0000
160.0257	-9.7000	300.0000
160.0500	-9.6946	300.0000
160.1000	-9.6789	300.0000
160.1500	-9.6535	300.0000
160.1548	-9.6500	300.0000
160.2000	-9.6123	300.0000
160.2103	-9.6000	300.0000
160.2461	-9.5500	300.0000
160.2500	-9.5440	300.0000
160.2726	-9.5000	300.0000
160.2951	-9.4500	300.0000
160.3000	-9.4392	300.0000
160.3152	-9.4000	300.0000
> 300 contour -Z300
160.4000	-10.5782	300.0000
160.4299	-10.5500	300.0000
160.4500	-10.5211	300.0000
160.4637	-10.5000	300.0000
160.4761	-10.4500	300.0000
160.4573	-10.4000	300.0000
160.4500	-10.3939	300.0000
160.4000	-10.3692	300.0000
160.3500	-10.3543	300.0000
160.3360	-10.3500	300.0000
160.3000	-10.3369	300.0000
160.2610	-10.3000	300.0000
160.2543	-10.2500	300.0000
160.2682	-10.2000	300.0000
160.2916	-10.1500	300.0000
160.3000	-10.1362	300.0000
160.3258	-10.1000	300.0000
160.3500	-10.0699	300.0000
160.3688	-10.0500	300.0000
160.4000	-10.0187	300.0000
160.4210	-10.0000	300.0000
160.4500	-9.9747	300.0000
160.4795	-9.9500	300.0000
160.5000	-9.9332	300.0000
160.5393	-9.9000	300.0000
160.5500	-9.8913	300.0000
160.5969	-9.8500	300.0000
160.6000	-9.8474	300.0000
160.6500	-9.8010	300.0000
160.6509	-9.8000	300.0000
160.7000	-9.7516	300.0000
160.7013	-9.7500	300.0000
160.7486	-9.7000	300.0000
160.7500	-9.6987	300.0000
160.7934	-9.6500	300.0000
160.8000	-9.6432	300.0000
160.8367	-9.6000	300.0000
160.8500	-9.5855	300.0000
> 300 contour -Z300
161.3676	-11.2000	300.0000
161.3795	-11.1500	300.0000
161.3877	-11.1000	300.0000
161.3919	-11.0500	300.0000
161.3920	-11.0000	300.0000
161.3884	-10.9500	300.0000
161.3822	-10.9000	300.0000
161.3750	-10.8500	300.0000
161.3689	-10.8000	300.0000
161.3657	-10.7500	300.0000
161.3661	-10.7000	300.0000
161.3698	-10.6500	300.0000
161.3753	-10.6000	300.0000
161.3801	-10.5500	300.0000
161.3814	-10.5000	300.0000
161.3763	-10.4500	300.0000
161.3622	-10.4000	300.0000
161.3500	-10.3745	300.0000
161.3375	-10.3500	300.0000
161.3032	-10.3000	300.0000
161.3000	-10.2958	300.0000
161.2620	-10.2500	300.0000
161.2500	-10.2344	300.0000
161.2199	-10.2000	300.0000
161.2000	-10.1675	300.0000
161.1873	-10.1500	300.0000
161.1751	-10.1000	300.0000
161.1906	-10.0500	300.0000
161.2000	-10.0391	300.0000
161.2253	-10.0000	300.0000
161.2500	-9.9750	300.0000
161.2683	-9.9500	300.0000
161.3000	-9.9153	300.0000
161.3107	-9.9000	300.0000
> 300 contour -Z300
162.9422	-10.9500	300.0000
162.9500	-10.9402	300.0000
162.9834	-10.9000	300.0000
163.0000	-10.8810	300.0000
163.0297	-10.8500	300.0000
163.0500	-10.8291	300.0000
163.0832	-10.8000	300.0000
163.1000	-10.7848	300.0000
163.1479	-10.7500	300.0000
163.1500	-10.7483	300.0000
163.2000	-10.7182	300.0000
> 320 contour -Z320
154.6500	-5.1584	320.0000
154.6000	-5.1862	320.0000
154.5750	-5.2000	320.0000
154.5500	-5.2162	320.0000
154.5000	-5.2456	320.0000
154.4912	-5.2500	320.0000
154.4500	-5.2728	320.0000
154.4000	-5.2922	320.0000
154.3652	-5.3000	320.0000
154.3500	-5.3036	320.0000
154.3000	-5.3072	320.0000
154.2500	-5.3037	320.0000
154.2313	-5.3000	320.0000
154.2000	-5.2941	320.0000
154.1500	-5.2781	320.0000
154.1000	-5.2544	320.0000
154.0932	-5.2500	320.0000
154.0500	-5.2205	320.0000
154.0272	-5.2000	320.0000
154.0000	-5.1726	320.0000
153.9815	-5.1500	320.0000
153.9500	-5.1051	320.0000
153.9468	-5.1000	320.0000
153.9203	-5.0500	320.0000
153.9000	-5.0047	320.0000
153.8979	-5.0000	320.0000
153.8802	-4.9500	320.0000
153.8656	-4.9000	320.0000
153.8545	-4.8500	320.0000
153.8500	-4.8144	320.0000
153.8480	-4.8000	320.0000
153.8469	-4.7500	320.0000
153.8494	-4.7000	320.0000
153.8500	-4.6916	320.0000
153.8538	-4.6500	320.0000
153.8566	-4.6000	320.0000
153.8560	-4.5500	320.0000
153.8532	-4.5000	320.0000
153.8506	-4.4500	320.0000
153.8505	-4.4000	320.0000
153.8547	-4.3500	320.0000
153.8645	-4.3000	320.0000
153.8798	-4.2500	320.0000
153.9000	-4.2002	320.0000
153.9001	-4.2000	320.0000
153.9326	-4.1500	320.0000
153.9500	-4.1237	320.0000
> 320 contour -Z320
143.1500	-4.6435	320.0000
143.2000	-4.6426	320.0000
143.2500	-4.6491	320.0000
143.2532	-4.6500	320.0000
143.2500	-4.6501	320.0000
143.2000	-4.6506	320.0000
143.1500	-4.6506	320.0000
143.1135	-4.6500	320.0000
143.1500	-4.6435	320.0000
> 320 contour -Z320
143.3000	-4.6556	320.0000
143.3500	-4.6667	320.0000
143.4000	-4.6932	320.0000
143.4074	-4.7000	320.0000
143.4000	-4.7006	320.0000
143.3500	-4.7041	320.0000
143.3000	-4.7066	320.0000
143.2943	-4.7000	320.0000
143.3000	-4.6556	320.0000
> 320 contour -Z320
160.1000	-9.2061	320.0000
160.0500	-9.2437	320.0000
160.0340	-9.2500	320.0000
160.0000	-9.2626	320.0000
159.9500	-9.2622	320.0000
159.9231	-9.2500	320.0000
159.9000	-9.2352	320.0000
159.8751	-9.2000	320.0000
159.8567	-9.1500	320.0000
159.8500	-9.1004	320.0000
159.8500	-9.1000	320.0000
159.8500	-9.0923	320.0000
159.8502	-9.0500	320.0000
> 340 contour -Z340
143.3000	-4.6778	340.0000
143.3500	-4.6946	340.0000
143.3594	-4.7000	340.0000
143.3500	-4.7007	340.0000
143.3000	-4.7033	340.0000
143.2971	-4.7000	340.0000
143.3000	-4.6778	340.0000
