> 20 contour -Z20
119.3000	0.7886	20.0000
119.3500	0.7710	20.0000
119.4000	0.7576	20.0000
119.4493	0.7500	20.0000
119.4500	0.7499	20.0000
119.4770	0.7500	20.0000
119.5000	0.7501	20.0000
119.5500	0.7634	20.0000
119.5993	0.8000	20.0000
119.6000	0.8009	20.0000
119.6235	0.8500	20.0000
119.6329	0.9000	20.0000
119.6334	0.9500	20.0000
119.6279	1.0000	20.0000
119.6183	1.0500	20.0000
119.6062	1.1000	20.0000
119.6000	1.1222	20.0000
119.5922	1.1500	20.0000
119.5780	1.2000	20.0000
119.5653	1.2500	20.0000
119.5549	1.3000	20.0000
119.5500	1.3322	20.0000
119.5474	1.3500	20.0000
119.5430	1.4000	20.0000
119.5415	1.4500	20.0000
119.5424	1.5000	20.0000
119.5451	1.5500	20.0000
119.5490	1.6000	20.0000
119.5500	1.6098	20.0000
119.5538	1.6500	20.0000
119.5589	1.7000	20.0000
119.5639	1.7500	20.0000
119.5686	1.8000	20.0000
119.5725	1.8500	20.0000
> 40 contour -Z40
119.7204	2.0000	40.0000
119.7308	1.9500	40.0000
119.7408	1.9000	40.0000
119.7500	1.8547	40.0000
119.7511	1.8500	40.0000
119.7627	1.8000	40.0000
119.7747	1.7500	40.0000
119.7877	1.7000	40.0000
119.8000	1.6558	40.0000
119.8017	1.6500	40.0000
119.8172	1.6000	40.0000
119.8337	1.5500	40.0000
119.8500	1.5040	40.0000
119.8514	1.5000	40.0000
119.8696	1.4500	40.0000
119.8887	1.4000	40.0000
119.9000	1.3710	40.0000
119.9079	1.3500	40.0000
119.9269	1.3000	40.0000
119.9462	1.2500	40.0000
119.9500	1.2401	40.0000
119.9646	1.2000	40.0000
119.9828	1.1500	40.0000
120.0000	1.1032	40.0000
120.0011	1.1000	40.0000
120.0184	1.0500	40.0000
120.0359	1.0000	40.0000
120.0500	0.9606	40.0000
120.0537	0.9500	40.0000
120.0712	0.9000	40.0000
120.0896	0.8500	40.0000
120.1000	0.8230	40.0000
120.1088	0.8000	40.0000
120.1289	0.7500	40.0000
120.1500	0.7024	40.0000
120.1511	0.7000	40.0000
120.1748	0.6500	40.0000
120.2000	0.6036	40.0000
120.2020	0.6000	40.0000
120.2327	0.5500	40.0000
120.2500	0.5253	40.0000
120.2690	0.5000	40.0000
120.3000	0.4635	40.0000
120.3128	0.4500	40.0000
120.3500	0.4144	40.0000
120.3670	0.4000	40.0000
120.4000	0.3740	40.0000
120.4343	0.3500	40.0000
120.4500	0.3393	40.0000
120.5000	0.3076	40.0000
120.5124	0.3000	40.0000
120.5500	0.2763	40.0000
120.5913	0.2500	40.0000
120.6000	0.2442	40.0000
120.6500	0.2094	40.0000
120.6627	0.2000	40.0000
120.7000	0.1713	40.0000
120.7263	0.1500	40.0000
120.7500	0.1300	40.0000
120.7842	0.1000	40.0000
120.8000	0.0858	40.0000
120.8388	0.0500	40.0000
120.8500	0.0395	40.0000
120.8915	0.0000	40.0000
120.9000	-0.0081	40.0000
120.9435	-0.0500	40.0000
120.9500	-0.0562	40.0000
120.9957	-0.1000	40.0000
121.0000	-0.1041	40.0000
121.0485	-0.1500	40.0000
121.0500	-0.1514	40.0000
121.1000	-0.1978	40.0000
121.1023	-0.2000	40.0000
121.1500	-0.2434	40.0000
121.1572	-0.2500	40.0000
121.2000	-0.2880	40.0000
121.2132	-0.3000	40.0000
121.2500	-0.3319	40.0000
121.2705	-0.3500	40.0000
121.3000	-0.3750	40.0000
121.3288	-0.4000	40.0000
> 60 contour -Z60
119.9037	2.1000	60.0000
119.9290	2.0500	60.0000
119.9500	2.0022	60.0000
119.9511	2.0000	60.0000
119.9729	1.9500	60.0000
119.9924	1.9000	60.0000
120.0000	1.8794	60.0000
120.0111	1.8500	60.0000
120.0287	1.8000	60.0000
120.0452	1.7500	60.0000
120.0500	1.7351	60.0000
120.0612	1.7000	60.0000
120.0767	1.6500	60.0000
120.0919	1.6000	60.0000
120.1000	1.5736	60.0000
120.1070	1.5500	60.0000
120.1221	1.5000	60.0000
120.1374	1.4500	60.0000
120.1500	1.4096	60.0000
120.1530	1.4000	60.0000
120.1690	1.3500	60.0000
120.1856	1.3000	60.0000
120.2000	1.2580	60.0000
120.2028	1.2500	60.0000
120.2210	1.2000	60.0000
120.2399	1.1500	60.0000
120.2500	1.1239	60.0000
120.2599	1.1000	60.0000
120.2813	1.0500	60.0000
120.3000	1.0073	60.0000
120.3035	1.0000	60.0000
120.3283	0.9500	60.0000
120.3500	0.9076	60.0000
120.3544	0.9000	60.0000
120.3844	0.8500	60.0000
120.4000	0.8250	60.0000
120.4183	0.8000	60.0000
120.4500	0.7587	60.0000
120.4580	0.7500	60.0000
120.5000	0.7068	60.0000
120.5080	0.7000	60.0000
120.5500	0.6662	60.0000
120.5737	0.6500	60.0000
120.6000	0.6330	60.0000
120.6500	0.6037	60.0000
120.6568	0.6000	60.0000
120.7000	0.5766	60.0000
120.7463	0.5500	60.0000
120.7500	0.5479	60.0000
120.8000	0.5172	60.0000
120.8245	0.5000	60.0000
120.8500	0.4819	60.0000
120.8897	0.4500	60.0000
120.9000	0.4416	60.0000
120.9462	0.4000	60.0000
120.9500	0.3966	60.0000
120.9975	0.3500	60.0000
121.0000	0.3476	60.0000
121.0457	0.3000	60.0000
121.0500	0.2955	60.0000
121.0920	0.2500	60.0000
121.1000	0.2413	60.0000
121.1370	0.2000	60.0000
121.1500	0.1856	60.0000
121.1811	0.1500	60.0000
121.2000	0.1287	60.0000
121.2245	0.1000	60.0000
121.2500	0.0707	60.0000
121.2673	0.0500	60.0000
121.3000	0.0117	60.0000
121.3095	0.0000	60.0000
121.3500	-0.0483	60.0000
121.3514	-0.0500	60.0000
121.3928	-0.1000	60.0000
121.4000	-0.1083	60.0000
121.4340	-0.1500	60.0000
121.4500	-0.1689	60.0000
121.4749	-0.2000	60.0000
121.5000	-0.2299	60.0000
121.5158	-0.2500	60.0000
121.5500	-0.2912	60.0000
121.5568	-0.3000	60.0000
121.5977	-0.3500	60.0000
121.6000	-0.3526	60.0000
121.6384	-0.4000	60.0000
> 80 contour -Z80
120.7944	2.2500	80.0000
120.8000	2.2261	80.0000
120.8062	2.2000	80.0000
120.8180	2.1500	80.0000
120.8318	2.1000	80.0000
120.8500	2.0514	80.0000
120.8506	2.0500	80.0000
120.8795	2.0000	80.0000
120.9000	1.9784	80.0000
120.9383	1.9500	80.0000
120.9500	1.9436	80.0000
121.0000	1.9203	80.0000
121.0500	1.9010	80.0000
121.0524	1.9000	80.0000
121.1000	1.8817	80.0000
121.1500	1.8616	80.0000
121.1761	1.8500	80.0000
121.2000	1.8383	80.0000
121.2500	1.8103	80.0000
121.2660	1.8000	80.0000
121.3000	1.7740	80.0000
121.3272	1.7500	80.0000
121.3500	1.7249	80.0000
121.3703	1.7000	80.0000
121.4000	1.6533	80.0000
121.4019	1.6500	80.0000
121.4259	1.6000	80.0000
121.4445	1.5500	80.0000
121.4500	1.5321	80.0000
121.4595	1.5000	80.0000
121.4719	1.4500	80.0000
121.4823	1.4000	80.0000
121.4913	1.3500	80.0000
121.4995	1.3000	80.0000
121.5000	1.2964	80.0000
121.5070	1.2500	80.0000
121.5140	1.2000	80.0000
121.5206	1.1500	80.0000
121.5268	1.1000	80.0000
121.5327	1.0500	80.0000
121.5382	1.0000	80.0000
121.5431	0.9500	80.0000
121.5472	0.9000	80.0000
121.5500	0.8594	80.0000
121.5507	0.8500	80.0000
121.5534	0.8000	80.0000
121.5557	0.7500	80.0000
121.5582	0.7000	80.0000
121.5611	0.6500	80.0000
121.5650	0.6000	80.0000
121.5702	0.5500	80.0000
121.5767	0.5000	80.0000
121.5846	0.4500	80.0000
121.5937	0.4000	80.0000
121.6000	0.3698	80.0000
121.6038	0.3500	80.0000
121.6148	0.3000	80.0000
121.6268	0.2500	80.0000
121.6397	0.2000	80.0000
121.6500	0.1636	80.0000
121.6536	0.1500	80.0000
121.6683	0.1000	80.0000
121.6841	0.0500	80.0000
121.7000	0.0028	80.0000
121.7009	0.0000	80.0000
121.7189	-0.0500	80.0000
121.7380	-0.1000	80.0000
121.7500	-0.1287	80.0000
121.7585	-0.1500	80.0000
121.7801	-0.2000	80.0000
121.8000	-0.2438	80.0000
121.8027	-0.2500	80.0000
121.8266	-0.3000	80.0000
121.8500	-0.3479	80.0000
121.8510	-0.3500	80.0000
121.8763	-0.4000	80.0000
> 80 contour -Z80
120.6000	1.8517	80.0000
120.6101	1.8500	80.0000
120.6500	1.8415	80.0000
120.7000	1.8110	80.0000
120.7096	1.8000	80.0000
120.7349	1.7500	80.0000
120.7462	1.7000	80.0000
120.7500	1.6504	80.0000
120.7500	1.6500	80.0000
120.7500	1.6490	80.0000
120.7488	1.6000	80.0000
120.7434	1.5500	80.0000
120.7337	1.5000	80.0000
120.7194	1.4500	80.0000
120.7000	1.4012	80.0000
120.6993	1.4000	80.0000
120.6626	1.3500	80.0000
120.6500	1.3368	80.0000
120.6000	1.3143	80.0000
120.5500	1.3214	80.0000
120.5084	1.3500	80.0000
120.5000	1.3562	80.0000
120.4681	1.4000	80.0000
120.4500	1.4287	80.0000
120.4408	1.4500	80.0000
120.4236	1.5000	80.0000
120.4113	1.5500	80.0000
120.4045	1.6000	80.0000
120.4040	1.6500	80.0000
120.4109	1.7000	80.0000
120.4270	1.7500	80.0000
120.4500	1.7914	80.0000
120.4582	1.8000	80.0000
120.5000	1.8321	80.0000
120.5500	1.8492	80.0000
120.5661	1.8500	80.0000
120.6000	1.8517	80.0000
> 80 contour -Z80
123.6000	0.4748	80.0000
123.5865	0.5000	80.0000
123.5636	0.5500	80.0000
123.5500	0.5852	80.0000
123.5442	0.6000	80.0000
123.5287	0.6500	80.0000
123.5169	0.7000	80.0000
123.5089	0.7500	80.0000
123.5050	0.8000	80.0000
123.5052	0.8500	80.0000
123.5095	0.9000	80.0000
123.5178	0.9500	80.0000
123.5296	1.0000	80.0000
123.5441	1.0500	80.0000
123.5500	1.0691	80.0000
123.5614	1.1000	80.0000
123.5804	1.1500	80.0000
123.5990	1.2000	80.0000
123.6000	1.2029	80.0000
123.6196	1.2500	80.0000
123.6386	1.3000	80.0000
123.6500	1.3345	80.0000
123.6570	1.3500	80.0000
123.6765	1.4000	80.0000
123.6944	1.4500	80.0000
123.7000	1.4672	80.0000
123.7192	1.5000	80.0000
123.7500	1.5472	80.0000
123.7583	1.5500	80.0000
123.8000	1.5618	80.0000
123.8351	1.5500	80.0000
123.8500	1.5461	80.0000
123.9000	1.5243	80.0000
123.9500	1.5064	80.0000
123.9932	1.5000	80.0000
124.0000	1.4991	80.0000
124.0046	1.5000	80.0000
124.0500	1.5097	80.0000
124.0974	1.5500	80.0000
124.1000	1.5530	80.0000
124.1190	1.6000	80.0000
124.1306	1.6500	80.0000
124.1356	1.7000	80.0000
124.1356	1.7500	80.0000
124.1319	1.8000	80.0000
> 100 contour -Z100
122.4749	2.3500	100.0000
122.4712	2.3000	100.0000
122.4674	2.2500	100.0000
122.4640	2.2000	100.0000
122.4610	2.1500	100.0000
122.4586	2.1000	100.0000
122.4569	2.0500	100.0000
122.4560	2.0000	100.0000
122.4560	1.9500	100.0000
122.4567	1.9000	100.0000
122.4583	1.8500	100.0000
122.4608	1.8000	100.0000
122.4640	1.7500	100.0000
122.4679	1.7000	100.0000
122.4725	1.6500	100.0000
122.4777	1.6000	100.0000
122.4835	1.5500	100.0000
122.4899	1.5000	100.0000
122.4970	1.4500	100.0000
122.5000	1.4298	100.0000
122.5051	1.4000	100.0000
122.5146	1.3500	100.0000
122.5254	1.3000	100.0000
122.5378	1.2500	100.0000
122.5500	1.2085	100.0000
122.5530	1.2000	100.0000
122.5737	1.1500	100.0000
122.5984	1.1000	100.0000
122.6000	1.0972	100.0000
122.6359	1.0500	100.0000
122.6500	1.0335	100.0000
122.6951	1.0000	100.0000
122.7000	0.9965	100.0000
122.7500	0.9832	100.0000
122.8000	0.9974	100.0000
122.8026	1.0000	100.0000
122.8458	1.0500	100.0000
122.8500	1.0555	100.0000
122.8691	1.1000	100.0000
122.8891	1.1500	100.0000
122.9000	1.1776	100.0000
122.9063	1.2000	100.0000
122.9211	1.2500	100.0000
122.9369	1.3000	100.0000
122.9500	1.3378	100.0000
122.9534	1.3500	100.0000
122.9686	1.4000	100.0000
122.9855	1.4500	100.0000
123.0000	1.4889	100.0000
123.0035	1.5000	100.0000
123.0205	1.5500	100.0000
123.0391	1.6000	100.0000
123.0500	1.6270	100.0000
123.0579	1.6500	100.0000
123.0763	1.7000	100.0000
123.0960	1.7500	100.0000
123.1000	1.7596	100.0000
123.1147	1.8000	100.0000
123.1340	1.8500	100.0000
123.1500	1.8885	100.0000
123.1542	1.9000	100.0000
123.1740	1.9500	100.0000
123.1955	2.0000	100.0000
> 100 contour -Z100
122.1963	-0.1500	100.0000
122.2000	-0.1285	100.0000
122.2072	-0.1000	100.0000
122.2248	-0.0500	100.0000
122.2495	0.0000	100.0000
122.2500	0.0009	100.0000
122.3000	0.0492	100.0000
122.3018	0.0500	100.0000
122.3500	0.0693	100.0000
122.4000	0.0751	100.0000
122.4500	0.0743	100.0000
122.5000	0.0724	100.0000
122.5500	0.0730	100.0000
122.6000	0.0786	100.0000
122.6500	0.0906	100.0000
122.6749	0.1000	100.0000
122.7000	0.1105	100.0000
122.7500	0.1386	100.0000
122.7672	0.1500	100.0000
122.8000	0.1744	100.0000
122.8325	0.2000	100.0000
122.8500	0.2153	100.0000
122.8931	0.2500	100.0000
122.9000	0.2560	100.0000
122.9500	0.2897	100.0000
122.9764	0.3000	100.0000
123.0000	0.3091	100.0000
123.0500	0.3125	100.0000
123.1000	0.3016	100.0000
123.1033	0.3000	100.0000
123.1500	0.2808	100.0000
123.2000	0.2523	100.0000
123.2031	0.2500	100.0000
123.2500	0.2197	100.0000
123.2763	0.2000	100.0000
123.3000	0.1844	100.0000
123.3472	0.1500	100.0000
