> Contour Depth = -20
16.6143 40.2000 -20 1
16.6142 40.1500 -20 1
16.6137 40.1000 -20 1
16.6134 40.0500 -20 1
16.6142 40.0000 -20 1
16.6167 39.9500 -20 1
16.6218 39.9000 -20 1
16.6300 39.8500 -20 1
16.6417 39.8000 -20 1
16.6500 39.7729 -20 1
16.6601 39.7500 -20 1
16.6864 39.7000 -20 1
16.7000 39.6773 -20 1
16.7235 39.6500 -20 1
16.7500 39.6209 -20 1
16.7761 39.6000 -20 1
16.8000 39.5806 -20 1
16.8457 39.5500 -20 1
16.8500 39.5469 -20 1
16.9000 39.5120 -20 1
16.9153 39.5000 -20 1
16.9500 39.4695 -20 1
16.9685 39.4500 -20 1
17.0000 39.4110 -20 1
17.0075 39.4000 -20 1
17.0349 39.3500 -20 1
17.0500 39.3130 -20 1
17.0547 39.3000 -20 1
17.0665 39.2500 -20 1
17.0718 39.2000 -20 1
17.0703 39.1500 -20 1
17.0613 39.1000 -20 1
17.0500 39.0667 -20 1
17.0430 39.0500 -20 1
17.0130 39.0000 -20 1
17.0000 38.9828 -20 1
16.9690 38.9500 -20 1
16.9500 38.9318 -20 1
16.9113 38.9000 -20 1
16.9000 38.8907 -20 1
16.8500 38.8514 -20 1
16.8483 38.8500 -20 1
16.8000 38.8083 -20 1
16.7913 38.8000 -20 1
16.7500 38.7593 -20 1
16.7413 38.7500 -20 1
16.7000 38.7071 -20 1
16.6933 38.7000 -20 1
16.6500 38.6575 -20 1
16.6419 38.6500 -20 1
16.6000 38.6153 -20 1
16.5786 38.6000 -20 1
16.5500 38.5819 -20 1
16.5000 38.5568 -20 1
16.4822 38.5500 -20 1
16.4500 38.5388 -20 1
16.4000 38.5262 -20 1
16.3500 38.5168 -20 1
16.3000 38.5077 -20 1
16.2691 38.5000 -20 1
16.2500 38.4950 -20 1
16.2000 38.4734 -20 1
16.1650 38.4500 -20 1
16.1500 38.4382 -20 1
16.1150 38.4000 -20 1
16.1000 38.3804 -20 1
16.0804 38.3500 -20 1
16.0500 38.3022 -20 1
16.0487 38.3000 -20 1
16.0143 38.2500 -20 1
16.0000 38.2343 -20 1
15.9653 38.2000 -20 1
15.9500 38.1886 -20 1
15.9000 38.1547 -20 1
15.8929 38.1500 -20 1
15.8500 38.1258 -20 1
15.8001 38.1000 -20 1
15.8000 38.0999 -20 1
15.7500 38.0743 -20 1
15.7000 38.0510 -20 1
15.6979 38.0500 -20 1
15.6500 38.0270 -20 1
15.6000 38.0054 -20 1
15.5871 38.0000 -20 1
15.5500 37.9831 -20 1
15.5000 37.9621 -20 1
15.4697 37.9500 -20 1
15.4500 37.9410 -20 1
15.4000 37.9187 -20 1
15.3554 37.9000 -20 1
15.3500 37.8973 -20 1
15.3000 37.8725 -20 1
15.2500 37.8502 -20 1
15.2496 37.8500 -20 1
15.2000 37.8239 -20 1
15.1500 37.8012 -20 1
15.1471 37.8000 -20 1
15.1000 37.7753 -20 1
15.0500 37.7530 -20 1
15.0428 37.7500 -20 1
15.0000 37.7280 -20 1
14.9500 37.7061 -20 1
14.9345 37.7000 -20 1
14.9000 37.6830 -20 1
14.8500 37.6618 -20 1
14.8183 37.6500 -20 1
14.8000 37.6413 -20 1
14.7500 37.6198 -20 1
14.7000 37.6003 -20 1
14.6991 37.6000 -20 1
14.6500 37.5763 -20 1
14.6000 37.5541 -20 1
14.5902 37.5500 -20 1
14.5500 37.5304 -20 1
14.5000 37.5098 -20 1
14.4704 37.5000 -20 1
14.4500 37.4933 -20 1
14.4000 37.4815 -20 1
14.3500 37.4750 -20 1
14.3000 37.4733 -20 1
14.2500 37.4760 -20 1
14.2000 37.4827 -20 1
14.1500 37.4921 -20 1
14.1092 37.5000 -20 1
14.1000 37.5016 -20 1
14.0500 37.5064 -20 1
14.0000 37.5025 -20 1
13.9923 37.5000 -20 1
13.9500 37.4864 -20 1
13.9000 37.4603 -20 1
13.8845 37.4500 -20 1
13.8500 37.4265 -20 1
13.8135 37.4000 -20 1
13.8000 37.3898 -20 1
13.7500 37.3527 -20 1
13.7463 37.3500 -20 1
13.7000 37.3156 -20 1
13.6773 37.3000 -20 1
13.6500 37.2802 -20 1
13.6045 37.2500 -20 1
> Contour Depth = -40
12.7000 39.6011 -40 2
12.7029 39.6000 -40 2
12.7500 39.5787 -40 2
12.8000 39.5552 -40 2
12.8109 39.5500 -40 2
12.8500 39.5300 -40 2
12.9000 39.5038 -40 2
12.9077 39.5000 -40 2
12.9500 39.4781 -40 2
13.0000 39.4523 -40 2
13.0050 39.4500 -40 2
13.0500 39.4295 -40 2
13.1000 39.4082 -40 2
13.1241 39.4000 -40 2
13.1500 39.3915 -40 2
13.2000 39.3839 -40 2
13.2500 39.3953 -40 2
13.2552 39.4000 -40 2
13.2606 39.4500 -40 2
13.2500 39.4786 -40 2
13.2429 39.5000 -40 2
13.2173 39.5500 -40 2
13.2000 39.5791 -40 2
13.1883 39.6000 -40 2
13.1571 39.6500 -40 2
13.1500 39.6604 -40 2
13.1223 39.7000 -40 2
13.1000 39.7290 -40 2
13.0825 39.7500 -40 2
13.0500 39.7849 -40 2
13.0341 39.8000 -40 2
13.0000 39.8292 -40 2
12.9724 39.8500 -40 2
12.9500 39.8657 -40 2
12.9000 39.8979 -40 2
12.8970 39.9000 -40 2
12.8500 39.9313 -40 2
12.8246 39.9500 -40 2
12.8000 39.9680 -40 2
12.7626 40.0000 -40 2
12.7500 40.0110 -40 2
12.7131 40.0500 -40 2
12.7000 40.0644 -40 2
12.6733 40.1000 -40 2
12.6500 40.1325 -40 2
12.6395 40.1500 -40 2
12.6125 40.2000 -40 2
12.6000 40.2263 -40 2
12.5905 40.2500 -40 2
12.5741 40.3000 -40 2
12.5607 40.3500 -40 2
12.5511 40.4000 -40 2
12.5500 40.4111 -40 2
12.5465 40.4500 -40 2
12.5453 40.5000 -40 2
12.5467 40.5500 -40 2
12.5500 40.5969 -40 2
12.5503 40.6000 -40 2
12.5556 40.6500 -40 2
12.5603 40.7000 -40 2
12.5634 40.7500 -40 2
12.5641 40.8000 -40 2
> Contour Depth = -40
14.6000 40.3049 -40 3
14.6498 40.3000 -40 3
14.6500 40.3000 -40 3
14.7000 40.2671 -40 3
14.7170 40.2500 -40 3
14.7479 40.2000 -40 3
14.7500 40.1872 -40 3
14.7545 40.1500 -40 3
14.7500 40.1304 -40 3
14.7331 40.1000 -40 3
14.7000 40.0759 -40 3
14.6500 40.0700 -40 3
14.6000 40.0884 -40 3
14.5875 40.1000 -40 3
14.5511 40.1500 -40 3
14.5500 40.1530 -40 3
14.5378 40.2000 -40 3
14.5393 40.2500 -40 3
14.5500 40.2715 -40 3
14.5839 40.3000 -40 3
14.6000 40.3049 -40 3
> Contour Depth = -40
16.4290 40.3000 -40 4
16.4335 40.2500 -40 4
16.4365 40.2000 -40 4
16.4383 40.1500 -40 4
16.4394 40.1000 -40 4
16.4400 40.0500 -40 4
16.4404 40.0000 -40 4
16.4411 39.9500 -40 4
16.4423 39.9000 -40 4
16.4442 39.8500 -40 4
16.4468 39.8000 -40 4
16.4500 39.7550 -40 4
16.4504 39.7500 -40 4
16.4547 39.7000 -40 4
16.4595 39.6500 -40 4
16.4644 39.6000 -40 4
16.4688 39.5500 -40 4
16.4716 39.5000 -40 4
16.4721 39.4500 -40 4
16.4689 39.4000 -40 4
16.4612 39.3500 -40 4
16.4500 39.3067 -40 4
16.4482 39.3000 -40 4
16.4305 39.2500 -40 4
16.4075 39.2000 -40 4
16.4000 39.1860 -40 4
16.3798 39.1500 -40 4
16.3500 39.1033 -40 4
16.3477 39.1000 -40 4
16.3114 39.0500 -40 4
16.3000 39.0353 -40 4
16.2711 39.0000 -40 4
16.2500 38.9757 -40 4
16.2276 38.9500 -40 4
16.2000 38.9201 -40 4
16.1824 38.9000 -40 4
16.1500 38.8653 -40 4
16.1370 38.8500 -40 4
16.1000 38.8091 -40 4
16.0926 38.8000 -40 4
16.0500 38.7501 -40 4
16.0500 38.7500 -40 4
16.0102 38.7000 -40 4
16.0000 38.6875 -40 4
15.9720 38.6500 -40 4
15.9500 38.6206 -40 4
15.9354 38.6000 -40 4
15.9001 38.5500 -40 4
15.9000 38.5498 -40 4
15.8658 38.5000 -40 4
15.8500 38.4771 -40 4
15.8309 38.4500 -40 4
15.8000 38.4078 -40 4
15.7940 38.4000 -40 4
15.7528 38.3500 -40 4
15.7500 38.3469 -40 4
15.7042 38.3000 -40 4
15.7000 38.2962 -40 4
15.6500 38.2539 -40 4
15.6450 38.2500 -40 4
15.6000 38.2184 -40 4
15.5720 38.2000 -40 4
15.5500 38.1870 -40 4
15.5000 38.1590 -40 4
15.4832 38.1500 -40 4
15.4500 38.1336 -40 4
15.4000 38.1097 -40 4
15.3795 38.1000 -40 4
15.3500 38.0868 -40 4
15.3000 38.0649 -40 4
15.2661 38.0500 -40 4
15.2500 38.0432 -40 4
15.2000 38.0224 -40 4
15.1500 38.0021 -40 4
15.1447 38.0000 -40 4
15.1000 37.9829 -40 4
15.0500 37.9647 -40 4
15.0077 37.9500 -40 4
15.0000 37.9473 -40 4
14.9500 37.9311 -40 4
14.9000 37.9158 -40 4
14.8500 37.9014 -40 4
14.8447 37.9000 -40 4
14.8000 37.8882 -40 4
14.7500 37.8764 -40 4
14.7000 37.8659 -40 4
14.6500 37.8568 -40 4
14.6078 37.8500 -40 4
14.6000 37.8487 -40 4
14.5500 37.8413 -40 4
14.5000 37.8344 -40 4
14.4500 37.8276 -40 4
14.4000 37.8204 -40 4
14.3500 37.8124 -40 4
14.3000 37.8036 -40 4
14.2813 37.8000 -40 4
14.2500 37.7936 -40 4
14.2000 37.7831 -40 4
14.1500 37.7724 -40 4
14.1000 37.7606 -40 4
14.0644 37.7500 -40 4
14.0500 37.7457 -40 4
14.0000 37.7265 -40 4
13.9500 37.7019 -40 4
13.9468 37.7000 -40 4
13.9000 37.6721 -40 4
13.8672 37.6500 -40 4
13.8500 37.6383 -40 4
13.8000 37.6027 -40 4
13.7961 37.6000 -40 4
13.7500 37.5678 -40 4
13.7232 37.5500 -40 4
13.7000 37.5345 -40 4
13.6500 37.5035 -40 4
13.6437 37.5000 -40 4
13.6000 37.4754 -40 4
13.5516 37.4500 -40 4
13.5500 37.4492 -40 4
13.5000 37.4256 -40 4
13.4500 37.4037 -40 4
13.4405 37.4000 -40 4
13.4000 37.3842 -40 4
13.3500 37.3668 -40 4
> Contour Depth = -60
14.2981 41.1500 -60 5
14.3000 41.1480 -60 5
14.3420 41.1000 -60 5
14.3500 41.0919 -60 5
14.3887 41.0500 -60 5
14.4000 41.0392 -60 5
14.4383 41.0000 -60 5
14.4500 40.9895 -60 5
14.4911 40.9500 -60 5
14.5000 40.9425 -60 5
14.5473 40.9000 -60 5
14.5500 40.8978 -60 5
14.6000 40.8560 -60 5
14.6068 40.8500 -60 5
14.6500 40.8162 -60 5
14.6695 40.8000 -60 5
14.7000 40.7774 -60 5
14.7344 40.7500 -60 5
14.7500 40.7388 -60 5
14.7996 40.7000 -60 5
14.8000 40.6997 -60 5
14.8500 40.6608 -60 5
14.8626 40.6500 -60 5
14.9000 40.6193 -60 5
14.9213 40.6000 -60 5
14.9500 40.5740 -60 5
14.9742 40.5500 -60 5
15.0000 40.5235 -60 5
15.0213 40.5000 -60 5
15.0500 40.4665 -60 5
15.0637 40.4500 -60 5
15.1000 40.4034 -60 5
15.1027 40.4000 -60 5
15.1410 40.3500 -60 5
15.1500 40.3379 -60 5
15.1793 40.3000 -60 5
15.2000 40.2728 -60 5
15.2179 40.2500 -60 5
15.2500 40.2076 -60 5
15.2558 40.2000 -60 5
15.2914 40.1500 -60 5
15.3000 40.1365 -60 5
15.3223 40.1000 -60 5
15.3466 40.0500 -60 5
15.3500 40.0408 -60 5
15.3644 40.0000 -60 5
15.3757 39.9500 -60 5
15.3813 39.9000 -60 5
15.3823 39.8500 -60 5
15.3795 39.8000 -60 5
15.3739 39.7500 -60 5
15.3658 39.7000 -60 5
15.3557 39.6500 -60 5
15.3500 39.6256 -60 5
15.3439 39.6000 -60 5
15.3304 39.5500 -60 5
15.3148 39.5000 -60 5
15.3000 39.4587 -60 5
15.2967 39.4500 -60 5
15.2759 39.4000 -60 5
15.2524 39.3500 -60 5
15.2500 39.3453 -60 5
15.2254 39.3000 -60 5
15.2000 39.2564 -60 5
15.1959 39.2500 -60 5
15.1630 39.2000 -60 5
15.1500 39.1811 -60 5
15.1261 39.1500 -60 5
15.1000 39.1180 -60 5
15.0828 39.1000 -60 5
15.0500 39.0681 -60 5
15.0266 39.0500 -60 5
15.0000 39.0308 -60 5
14.9500 39.0043 -60 5
14.9389 39.0000 -60 5
14.9000 38.9854 -60 5
14.8500 38.9722 -60 5
14.8000 38.9628 -60 5
14.7500 38.9555 -60 5
14.7061 38.9500 -60 5
14.7000 38.9492 -60 5
14.6500 38.9425 -60 5
14.6000 38.9354 -60 5
14.5500 38.9279 -60 5
14.5000 38.9200 -60 5
14.4500 38.9120 -60 5
14.4000 38.9043 -60 5
14.3696 38.9000 -60 5
14.3500 38.8971 -60 5
14.3000 38.8908 -60 5
14.2500 38.8862 -60 5
14.2000 38.8835 -60 5
14.1500 38.8832 -60 5
14.1000 38.8853 -60 5
14.0500 38.8898 -60 5
14.0000 38.8964 -60 5
13.9772 38.9000 -60 5
13.9500 38.9047 -60 5
13.9000 38.9134 -60 5
13.8500 38.9212 -60 5
13.8000 38.9267 -60 5
13.7500 38.9292 -60 5
13.7000 38.9287 -60 5
13.6500 38.9258 -60 5
13.6000 38.9213 -60 5
13.5500 38.9160 -60 5
13.5000 38.9108 -60 5
13.4500 38.9064 -60 5
13.4000 38.9033 -60 5
13.3500 38.9019 -60 5
13.3000 38.9026 -60 5
13.2500 38.9055 -60 5
13.2000 38.9107 -60 5
13.1500 38.9182 -60 5
13.1000 38.9279 -60 5
13.0500 38.9396 -60 5
13.0111 38.9500 -60 5
13.0000 38.9529 -60 5
> Contour Depth = -60
16.2196 40.3500 -60 6
16.2324 40.3000 -60 6
16.2436 40.2500 -60 6
16.2500 40.2158 -60 6
16.2524 40.2000 -60 6
16.2585 40.1500 -60 6
16.2632 40.1000 -60 6
16.2665 40.0500 -60 6
16.2685 40.0000 -60 6
16.2695 39.9500 -60 6
16.2696 39.9000 -60 6
16.2688 39.8500 -60 6
16.2671 39.8000 -60 6
16.2646 39.7500 -60 6
16.2610 39.7000 -60 6
16.2562 39.6500 -60 6
16.2500 39.6027 -60 6
16.2496 39.6000 -60 6
16.2391 39.5500 -60 6
16.2257 39.5000 -60 6
16.2086 39.4500 -60 6
16.2000 39.4293 -60 6
16.1854 39.4000 -60 6
16.1566 39.3500 -60 6
16.1500 39.3398 -60 6
16.1212 39.3000 -60 6
16.1000 39.2721 -60 6
16.0823 39.2500 -60 6
16.0500 39.2090 -60 6
16.0429 39.2000 -60 6
16.0056 39.1500 -60 6
16.0000 39.1420 -60 6
15.9714 39.1000 -60 6
15.9500 39.0652 -60 6
15.9407 39.0500 -60 6
15.9116 39.0000 -60 6
15.9000 38.9793 -60 6
15.8832 38.9500 -60 6
15.8552 38.9000 -60 6
15.8500 38.8910 -60 6
15.8254 38.8500 -60 6
15.8000 38.8071 -60 6
15.7955 38.8000 -60 6
15.7629 38.7500 -60 6
15.7500 38.7304 -60 6
15.7284 38.7000 -60 6
15.7000 38.6600 -60 6
15.6922 38.6500 -60 6
15.6530 38.6000 -60 6
15.6500 38.5962 -60 6
15.6096 38.5500 -60 6
15.6000 38.5392 -60 6
15.5623 38.5000 -60 6
15.5500 38.4877 -60 6
15.5099 38.4500 -60 6
15.5000 38.4412 -60 6
15.4510 38.4000 -60 6
15.4500 38.3992 -60 6
15.4000 38.3631 -60 6
15.3815 38.3500 -60 6
15.3500 38.3303 -60 6
15.3013 38.3000 -60 6
15.3000 38.2993 -60 6
15.2500 38.2738 -60 6
15.2042 38.2500 -60 6
15.2000 38.2481 -60 6
15.1500 38.2273 -60 6
15.1000 38.2065 -60 6
15.0835 38.2000 -60 6
15.0500 38.1888 -60 6
15.0000 38.1730 -60 6
14.9500 38.1577 -60 6
14.9238 38.1500 -60 6
14.9000 38.1441 -60 6
14.8500 38.1323 -60 6
14.8000 38.1205 -60 6
14.7500 38.1089 -60 6
14.7106 38.1000 -60 6
14.7000 38.0980 -60 6
14.6500 38.0891 -60 6
14.6000 38.0807 -60 6
14.5500 38.0725 -60 6
14.5000 38.0644 -60 6
14.4500 38.0562 -60 6
14.4149 38.0500 -60 6
14.4000 38.0478 -60 6
14.3500 38.0397 -60 6
14.3000 38.0307 -60 6
14.2500 38.0205 -60 6
14.2000 38.0089 -60 6
14.1663 38.0000 -60 6
14.1500 37.9962 -60 6
14.1000 37.9831 -60 6
14.0500 37.9677 -60 6
14.0027 37.9500 -60 6
14.0000 37.9491 -60 6
13.9500 37.9297 -60 6
13.9000 37.9062 -60 6
13.8876 37.9000 -60 6
13.8500 37.8817 -60 6
13.8000 37.8551 -60 6
13.7900 37.8500 -60 6
13.7500 37.8300 -60 6
13.7000 37.8057 -60 6
13.6863 37.8000 -60 6
13.6500 37.7853 -60 6
13.6000 37.7682 -60 6
