> Contour Depth = -80
291.4102 19.6000 -80 1
291.4500 19.5778 -80 1
291.5000 19.5559 -80 1
291.5176 19.5500 -80 1
291.5500 19.5382 -80 1
291.6000 19.5254 -80 1
291.6500 19.5177 -80 1
291.7000 19.5146 -80 1
291.7500 19.5157 -80 1
291.8000 19.5209 -80 1
291.8500 19.5296 -80 1
291.9000 19.5419 -80 1
291.9267 19.5500 -80 1
291.9500 19.5570 -80 1
292.0000 19.5749 -80 1
292.0500 19.5961 -80 1
292.0584 19.6000 -80 1
292.1000 19.6202 -80 1
292.1500 19.6482 -80 1
292.1530 19.6500 -80 1
292.2000 19.6807 -80 1
292.2264 19.7000 -80 1
> Contour Depth = -80
289.7000 18.2662 -80 2
289.7500 18.2844 -80 2
289.7770 18.3000 -80 2
289.8000 18.3133 -80 2
289.8479 18.3500 -80 2
289.8500 18.3516 -80 2
289.9000 18.3961 -80 2
289.9040 18.4000 -80 2
289.9500 18.4434 -80 2
289.9569 18.4500 -80 2
290.0000 18.4901 -80 2
290.0111 18.5000 -80 2
290.0500 18.5335 -80 2
290.0714 18.5500 -80 2
290.1000 18.5715 -80 2
290.1456 18.6000 -80 2
290.1500 18.6027 -80 2
290.2000 18.6256 -80 2
290.2500 18.6398 -80 2
290.3000 18.6443 -80 2
290.3500 18.6387 -80 2
290.4000 18.6224 -80 2
290.4410 18.6000 -80 2
290.4500 18.5949 -80 2
290.5000 18.5554 -80 2
290.5054 18.5500 -80 2
290.5500 18.5030 -80 2
290.5524 18.5000 -80 2
290.5900 18.4500 -80 2
290.6000 18.4358 -80 2
290.6220 18.4000 -80 2
290.6500 18.3501 -80 2
290.6501 18.3500 -80 2
> Contour Depth = -100
289.1828 20.0500 -100 3
289.2000 20.0166 -100 3
289.2090 20.0000 -100 3
289.2324 19.9500 -100 3
289.2500 19.9065 -100 3
289.2529 19.9000 -100 3
289.2710 19.8500 -100 3
289.2862 19.8000 -100 3
289.2988 19.7500 -100 3
289.3000 19.7442 -100 3
289.3104 19.7000 -100 3
289.3209 19.6500 -100 3
289.3316 19.6000 -100 3
289.3442 19.5500 -100 3
289.3500 19.5321 -100 3
289.3635 19.5000 -100 3
289.3952 19.4500 -100 3
289.4000 19.4447 -100 3
289.4500 19.4093 -100 3
289.4769 19.4000 -100 3
289.5000 19.3940 -100 3
289.5500 19.3912 -100 3
289.6000 19.3970 -100 3
289.6110 19.4000 -100 3
289.6500 19.4108 -100 3
289.7000 19.4310 -100 3
289.7380 19.4500 -100 3
289.7500 19.4560 -100 3
289.8000 19.4857 -100 3
289.8220 19.5000 -100 3
289.8500 19.5179 -100 3
289.8984 19.5500 -100 3
289.9000 19.5510 -100 3
289.9500 19.5847 -100 3
289.9733 19.6000 -100 3
290.0000 19.6171 -100 3
290.0500 19.6480 -100 3
290.0534 19.6500 -100 3
290.1000 19.6782 -100 3
290.1375 19.7000 -100 3
290.1500 19.7076 -100 3
290.2000 19.7384 -100 3
290.2180 19.7500 -100 3
> Contour Depth = -100
294.9188 17.7000 -100 4
294.9356 17.7500 -100 4
294.9500 17.7952 -100 4
294.9515 17.8000 -100 4
294.9659 17.8500 -100 4
294.9795 17.9000 -100 4
294.9926 17.9500 -100 4
295.0000 17.9792 -100 4
295.0052 18.0000 -100 4
295.0174 18.0500 -100 4
295.0302 18.1000 -100 4
295.0439 18.1500 -100 4
295.0500 18.1703 -100 4
295.0590 18.2000 -100 4
295.0762 18.2500 -100 4
295.0967 18.3000 -100 4
295.1000 18.3068 -100 4
295.1212 18.3500 -100 4
295.1500 18.3979 -100 4
295.1513 18.4000 -100 4
295.1875 18.4500 -100 4
295.2000 18.4648 -100 4
295.2308 18.5000 -100 4
295.2500 18.5194 -100 4
295.2808 18.5500 -100 4
295.3000 18.5675 -100 4
295.3358 18.6000 -100 4
295.3500 18.6123 -100 4
295.3929 18.6500 -100 4
295.4000 18.6562 -100 4
295.4491 18.7000 -100 4
295.4500 18.7008 -100 4
295.5000 18.7481 -100 4
295.5020 18.7500 -100 4
295.5500 18.7995 -100 4
295.5505 18.8000 -100 4
295.5941 18.8500 -100 4
295.6000 18.8575 -100 4
295.6332 18.9000 -100 4
295.6500 18.9241 -100 4
295.6683 18.9500 -100 4
295.6999 19.0000 -100 4
295.7000 19.0002 -100 4
295.7287 19.0500 -100 4
295.7500 19.0909 -100 4
295.7550 19.1000 -100 4
295.7797 19.1500 -100 4
295.8000 19.1945 -100 4
295.8027 19.2000 -100 4
295.8250 19.2500 -100 4
295.8462 19.3000 -100 4
295.8500 19.3100 -100 4
295.8672 19.3500 -100 4
295.8877 19.4000 -100 4
295.9000 19.4322 -100 4
295.9080 19.4500 -100 4
295.9284 19.5000 -100 4
295.9480 19.5500 -100 4
295.9500 19.5564 -100 4
295.9681 19.6000 -100 4
295.9862 19.6500 -100 4
295.9994 19.7000 -100 4
> Contour Depth = -100
291.9128 18.1500 -100 5
291.9235 18.2000 -100 5
291.9383 18.2500 -100 5
291.9500 18.2803 -100 5
291.9578 18.3000 -100 5
291.9827 18.3500 -100 5
292.0000 18.3780 -100 5
292.0142 18.4000 -100 5
292.0500 18.4457 -100 5
292.0537 18.4500 -100 5
292.1000 18.4965 -100 5
292.1039 18.5000 -100 5
292.1500 18.5360 -100 5
292.1711 18.5500 -100 5
292.2000 18.5672 -100 5
292.2500 18.5915 -100 5
292.2724 18.6000 -100 5
292.3000 18.6096 -100 5
292.3500 18.6224 -100 5
292.4000 18.6307 -100 5
292.4500 18.6347 -100 5
292.5000 18.6348 -100 5
292.5500 18.6312 -100 5
292.6000 18.6240 -100 5
292.6500 18.6130 -100 5
292.6936 18.6000 -100 5
292.7000 18.5980 -100 5
292.7500 18.5780 -100 5
292.8000 18.5527 -100 5
292.8045 18.5500 -100 5
292.8500 18.5202 -100 5
292.8756 18.5000 -100 5
292.9000 18.4789 -100 5
292.9286 18.4500 -100 5
292.9500 18.4262 -100 5
292.9708 18.4000 -100 5
293.0000 18.3594 -100 5
293.0062 18.3500 -100 5
293.0367 18.3000 -100 5
293.0500 18.2766 -100 5
293.0643 18.2500 -100 5
293.0900 18.2000 -100 5
293.1000 18.1800 -100 5
293.1146 18.1500 -100 5
293.1385 18.1000 -100 5
293.1500 18.0759 -100 5
293.1623 18.0500 -100 5
293.1861 18.0000 -100 5
293.2000 17.9706 -100 5
293.2100 17.9500 -100 5
> Contour Depth = -120
296.0500 16.9360 -120 6
296.0606 16.9500 -120 6
296.0989 17.0000 -120 6
296.1000 17.0015 -120 6
296.1384 17.0500 -120 6
296.1500 17.0649 -120 6
296.1788 17.1000 -120 6
296.2000 17.1267 -120 6
296.2197 17.1500 -120 6
296.2500 17.1875 -120 6
296.2609 17.2000 -120 6
296.3000 17.2478 -120 6
296.3020 17.2500 -120 6
296.3435 17.3000 -120 6
296.3500 17.3085 -120 6
296.3854 17.3500 -120 6
296.4000 17.3688 -120 6
296.4279 17.4000 -120 6
296.4500 17.4274 -120 6
296.4719 17.4500 -120 6
296.5000 17.4825 -120 6
296.5190 17.5000 -120 6
296.5500 17.5319 -120 6
296.5737 17.5500 -120 6
296.6000 17.5725 -120 6
296.6484 17.6000 -120 6
296.6500 17.6010 -120 6
296.7000 17.6208 -120 6
296.7500 17.6304 -120 6
296.8000 17.6342 -120 6
296.8500 17.6354 -120 6
296.9000 17.6370 -120 6
296.9500 17.6415 -120 6
296.9966 17.6500 -120 6
297.0000 17.6507 -120 6
297.0500 17.6690 -120 6
297.1000 17.6958 -120 6
297.1056 17.7000 -120 6
297.1500 17.7395 -120 6
297.1592 17.7500 -120 6
297.1941 17.8000 -120 6
297.2000 17.8111 -120 6
297.2173 17.8500 -120 6
297.2342 17.9000 -120 6
297.2471 17.9500 -120 6
297.2500 17.9639 -120 6
297.2572 18.0000 -120 6
297.2673 18.0500 -120 6
297.2803 18.1000 -120 6
297.2988 18.1500 -120 6
297.3000 18.1524 -120 6
297.3282 18.2000 -120 6
297.3500 18.2262 -120 6
297.3793 18.2500 -120 6
297.4000 18.2633 -120 6
297.4500 18.2787 -120 6
297.5000 18.2783 -120 6
297.5500 18.2657 -120 6
297.5851 18.2500 -120 6
297.6000 18.2444 -120 6
297.6500 18.2183 -120 6
297.6799 18.2000 -120 6
297.7000 18.1897 -120 6
297.7500 18.1611 -120 6
297.7683 18.1500 -120 6
297.8000 18.1338 -120 6
297.8500 18.1085 -120 6
297.8671 18.1000 -120 6
297.9000 18.0860 -120 6
297.9500 18.0668 -120 6
298.0000 18.0509 -120 6
298.0036 18.0500 -120 6
298.0500 18.0394 -120 6
298.1000 18.0321 -120 6
298.1500 18.0295 -120 6
298.2000 18.0321 -120 6
298.2500 18.0404 -120 6
298.2831 18.0500 -120 6
298.3000 18.0552 -120 6
298.3500 18.0775 -120 6
298.3886 18.1000 -120 6
298.4000 18.1072 -120 6
298.4500 18.1455 -120 6
298.4551 18.1500 -120 6
298.5000 18.1929 -120 6
298.5068 18.2000 -120 6
298.5500 18.2486 -120 6
298.5511 18.2500 -120 6
298.5905 18.3000 -120 6
298.6000 18.3128 -120 6
298.6270 18.3500 -120 6
298.6500 18.3831 -120 6
298.6617 18.4000 -120 6
298.6950 18.4500 -120 6
298.7000 18.4579 -120 6
298.7274 18.5000 -120 6
298.7500 18.5355 -120 6
298.7595 18.5500 -120 6
298.7914 18.6000 -120 6
298.8000 18.6136 -120 6
298.8236 18.6500 -120 6
298.8500 18.6908 -120 6
298.8562 18.7000 -120 6
298.8895 18.7500 -120 6
298.9000 18.7658 -120 6
298.9237 18.8000 -120 6
298.9500 18.8376 -120 6
298.9591 18.8500 -120 6
> Contour Depth = -140
297.2500 15.9829 -140 7
297.2698 16.0000 -140 7
297.3000 16.0279 -140 7
297.3253 16.0500 -140 7
297.3500 16.0731 -140 7
297.3804 16.1000 -140 7
297.4000 16.1187 -140 7
297.4347 16.1500 -140 7
297.4500 16.1651 -140 7
297.4875 16.2000 -140 7
297.5000 16.2130 -140 7
297.5379 16.2500 -140 7
297.5500 16.2633 -140 7
297.5851 16.3000 -140 7
297.6000 16.3177 -140 7
297.6284 16.3500 -140 7
297.6500 16.3783 -140 7
297.6673 16.4000 -140 7
297.7000 16.4480 -140 7
297.7014 16.4500 -140 7
297.7318 16.5000 -140 7
297.7500 16.5346 -140 7
297.7583 16.5500 -140 7
297.7820 16.6000 -140 7
297.8000 16.6422 -140 7
297.8034 16.6500 -140 7
297.8239 16.7000 -140 7
297.8439 16.7500 -140 7
297.8500 16.7646 -140 7
297.8649 16.8000 -140 7
297.8872 16.8500 -140 7
297.9000 16.8762 -140 7
297.9117 16.9000 -140 7
297.9388 16.9500 -140 7
297.9500 16.9685 -140 7
297.9689 17.0000 -140 7
298.0000 17.0471 -140 7
298.0019 17.0500 -140 7
298.0377 17.1000 -140 7
298.0500 17.1157 -140 7
298.0760 17.1500 -140 7
298.1000 17.1794 -140 7
298.1161 17.2000 -140 7
298.1500 17.2403 -140 7
298.1576 17.2500 -140 7
298.2000 17.2998 -140 7
298.2002 17.3000 -140 7
298.2432 17.3500 -140 7
298.2500 17.3571 -140 7
298.2870 17.4000 -140 7
298.3000 17.4134 -140 7
298.3319 17.4500 -140 7
298.3500 17.4682 -140 7
298.3784 17.5000 -140 7
298.4000 17.5210 -140 7
298.4269 17.5500 -140 7
298.4500 17.5716 -140 7
298.4777 17.6000 -140 7
298.5000 17.6200 -140 7
298.5312 17.6500 -140 7
298.5500 17.6662 -140 7
298.5872 17.7000 -140 7
298.6000 17.7107 -140 7
298.6455 17.7500 -140 7
298.6500 17.7537 -140 7
298.7000 17.7951 -140 7
298.7060 17.8000 -140 7
298.7500 17.8354 -140 7
298.7685 17.8500 -140 7
298.8000 17.8750 -140 7
298.8323 17.9000 -140 7
298.8500 17.9141 -140 7
298.8966 17.9500 -140 7
298.9000 17.9527 -140 7
298.9500 17.9908 -140 7
298.9627 18.0000 -140 7
299.0000 18.0286 -140 7
299.0292 18.0500 -140 7
299.0500 18.0661 -140 7
299.0956 18.1000 -140 7
299.1000 18.1035 -140 7
299.1500 18.1405 -140 7
299.1634 18.1500 -140 7
299.2000 18.1773 -140 7
299.2316 18.2000 -140 7
299.2500 18.2138 -140 7
299.3000 18.2499 -140 7
299.3001 18.2500 -140 7
299.3500 18.2851 -140 7
299.3719 18.3000 -140 7
299.4000 18.3196 -140 7
299.4456 18.3500 -140 7
299.4500 18.3530 -140 7
299.5000 18.3846 -140 7
299.5256 18.4000 -140 7
> Contour Depth = -140
302.1000 14.6846 -140 8
302.0500 14.6829 -140 8
302.0000 14.6783 -140 8
301.9500 14.6710 -140 8
301.9000 14.6614 -140 8
301.8503 14.6500 -140 8
301.8500 14.6499 -140 8
301.8000 14.6370 -140 8
301.7500 14.6229 -140 8
301.7000 14.6078 -140 8
301.6750 14.6000 -140 8
301.6500 14.5923 -140 8
301.6000 14.5768 -140 8
301.5500 14.5615 -140 8
301.5109 14.5500 -140 8
301.5000 14.5468 -140 8
301.4500 14.5337 -140 8
301.4000 14.5222 -140 8
301.3500 14.5126 -140 8
301.3000 14.5058 -140 8
301.2500 14.5023 -140 8
301.2000 14.5030 -140 8
301.1500 14.5085 -140 8
301.1000 14.5197 -140 8
301.0500 14.5371 -140 8
301.0224 14.5500 -140 8
301.0000 14.5627 -140 8
300.9500 14.5981 -140 8
300.9477 14.6000 -140 8
300.9000 14.6492 -140 8
300.8993 14.6500 -140 8
300.8657 14.7000 -140 8
300.8500 14.7341 -140 8
300.8429 14.7500 -140 8
300.8302 14.8000 -140 8
300.8275 14.8500 -140 8
300.8354 14.9000 -140 8
300.8500 14.9367 -140 8
300.8553 14.9500 -140 8
300.8886 15.0000 -140 8
300.9000 15.0119 -140 8
300.9362 15.0500 -140 8
300.9500 15.0610 -140 8
300.9976 15.1000 -140 8
301.0000 15.1016 -140 8
301.0500 15.1362 -140 8
301.0689 15.1500 -140 8
301.1000 15.1691 -140 8
301.1469 15.2000 -140 8
301.1500 15.2018 -140 8
301.2000 15.2324 -140 8
301.2262 15.2500 -140 8
301.2500 15.2639 -140 8
301.3000 15.2960 -140 8
301.3057 15.3000 -140 8
301.3500 15.3275 -140 8
301.3825 15.3500 -140 8
> Contour Depth = -160
301.3000 15.6661 -160 9
301.2500 15.6581 -160 9
301.2000 15.6512 -160 9
301.1893 15.6500 -160 9
301.1500 15.6458 -160 9
301.1000 15.6418 -160 9
301.0500 15.6396 -160 9
301.0000 15.6392 -160 9
300.9500 15.6410 -160 9
300.9000 15.6451 -160 9
300.8619 15.6500 -160 9
300.8500 15.6517 -160 9
300.8000 15.6615 -160 9
300.7500 15.6742 -160 9
300.7000 15.6899 -160 9
300.6725 15.7000 -160 9
300.6500 15.7094 -160 9
300.6000 15.7334 -160 9
300.5697 15.7500 -160 9
300.5500 15.7626 -160 9
300.5000 15.7987 -160 9
300.4983 15.8000 -160 9
300.4500 15.8461 -160 9
300.4463 15.8500 -160 9
300.4075 15.9000 -160 9
300.4000 15.9122 -160 9
300.3782 15.9500 -160 9
300.3563 16.0000 -160 9
300.3500 16.0189 -160 9
300.3399 16.0500 -160 9
300.3282 16.1000 -160 9
300.3209 16.1500 -160 9
300.3181 16.2000 -160 9
300.3204 16.2500 -160 9
300.3292 16.3000 -160 9
300.3464 16.3500 -160 9
300.3500 16.3566 -160 9
300.3746 16.4000 -160 9
300.4000 16.4302 -160 9
300.4176 16.4500 -160 9
300.4500 16.4774 -160 9
300.4785 16.5000 -160 9
300.5000 16.5139 -160 9
300.5500 16.5448 -160 9
300.5588 16.5500 -160 9
300.6000 16.5715 -160 9
300.6500 16.5964 -160 9
300.6573 16.6000 -160 9
300.7000 16.6190 -160 9
300.7500 16.6404 -160 9
300.7733 16.6500 -160 9
300.8000 16.6604 -160 9
300.8500 16.6790 -160 9
300.9000 16.6963 -160 9
300.9116 16.7000 -160 9
300.9500 16.7119 -160 9
> Contour Depth = -160
297.9500 15.1360 -160 10
298.0000 15.1463 -160 10
298.0174 15.1500 -160 10
298.0500 15.1572 -160 10
298.1000 15.1686 -160 10
298.1500 15.1803 -160 10
298.2000 15.1922 -160 10
298.2323 15.2000 -160 10
298.2500 15.2045 -160 10
298.3000 15.2174 -160 10
298.3500 15.2305 -160 10
298.4000 15.2438 -160 10
298.4233 15.2500 -160 10
298.4500 15.2575 -160 10
298.5000 15.2716 -160 10
298.5500 15.2858 -160 10
298.6000 15.2999 -160 10
298.6004 15.3000 -160 10
298.6500 15.3145 -160 10
298.7000 15.3288 -160 10
298.7500 15.3428 -160 10
298.7770 15.3500 -160 10
298.8000 15.3565 -160 10
298.8500 15.3697 -160 10
298.9000 15.3819 -160 10
298.9500 15.3927 -160 10
298.9904 15.4000 -160 10
299.0000 15.4018 -160 10
299.0500 15.4091 -160 10
299.1000 15.4137 -160 10
299.1500 15.4152 -160 10
299.2000 15.4132 -160 10
299.2500 15.4070 -160 10
299.2824 15.4000 -160 10
299.3000 15.3961 -160 10
299.3500 15.3800 -160 10
299.4000 15.3576 -160 10
299.4133 15.3500 -160 10
299.4500 15.3278 -160 10
299.4865 15.3000 -160 10
299.5000 15.2888 -160 10
299.5392 15.2500 -160 10
299.5500 15.2384 -160 10
299.5808 15.2000 -160 10
299.6000 15.1738 -160 10
299.6156 15.1500 -160 10
299.6458 15.1000 -160 10
299.6500 15.0928 -160 10
299.6733 15.0500 -160 10
299.6988 15.0000 -160 10
299.7000 14.9977 -160 10
299.7237 14.9500 -160 10
299.7477 14.9000 -160 10
299.7500 14.8953 -160 10
299.7721 14.8500 -160 10
299.7964 14.8000 -160 10
299.8000 14.7929 -160 10
299.8218 14.7500 -160 10
299.8475 14.7000 -160 10
299.8500 14.6953 -160 10
299.8750 14.6500 -160 10
299.9000 14.6054 -160 10
299.9032 14.6000 -160 10
299.9337 14.5500 -160 10
299.9500 14.5237 -160 10
299.9656 14.5000 -160 10
299.9992 14.4500 -160 10
300.0000 14.4488 -160 10
300.0354 14.4000 -160 10
300.0500 14.3800 -160 10
300.0733 14.3500 -160 10
300.1000 14.3154 -160 10
300.1127 14.3000 -160 10
300.1500 14.2539 -160 10
300.1533 14.2500 -160 10
300.1952 14.2000 -160 10
300.2000 14.1941 -160 10
300.2381 14.1500 -160 10
300.2500 14.1357 -160 10
300.2818 14.1000 -160 10
300.3000 14.0788 -160 10
300.3268 14.0500 -160 10
300.3500 14.0245 -160 10
300.3744 14.0000 -160 10
300.4000 13.9739 -160 10
300.4263 13.9500 -160 10
300.4500 13.9284 -160 10
300.4860 13.9000 -160 10
300.5000 13.8891 -160 10
300.5500 13.8561 -160 10
300.5611 13.8500 -160 10
300.6000 13.8290 -160 10
300.6500 13.8077 -160 10
300.6730 13.8000 -160 10
300.7000 13.7911 -160 10
300.7500 13.7789 -160 10
300.8000 13.7706 -160 10
300.8500 13.7659 -160 10
300.9000 13.7643 -160 10
300.9500 13.7657 -160 10
301.0000 13.7699 -160 10
301.0500 13.7767 -160 10
301.1000 13.7862 -160 10
301.1500 13.7982 -160 10
301.1562 13.8000 -160 10
301.2000 13.8120 -160 10
301.2500 13.8280 -160 10
301.3000 13.8462 -160 10
301.3094 13.8500 -160 10
301.3500 13.8653 -160 10
301.4000 13.8859 -160 10
301.4322 13.9000 -160 10
301.4500 13.9074 -160 10
301.5000 13.9287 -160 10
301.5479 13.9500 -160 10
301.5500 13.9509 -160 10
301.6000 13.9715 -160 10
301.6500 13.9921 -160 10
301.6698 14.0000 -160 10
301.7000 14.0113 -160 10
301.7500 14.0289 -160 10
301.8000 14.0453 -160 10
301.8161 14.0500 -160 10
301.8500 14.0591 -160 10
301.9000 14.0704 -160 10
301.9500 14.0791 -160 10
302.0000 14.0847 -160 10
302.0500 14.0862 -160 10
302.1000 14.0830 -160 10
302.1500 14.0740 -160 10
302.2000 14.0582 -160 10
302.2176 14.0500 -160 10
302.2500 14.0321 -160 10
> Contour Depth = -180
298.0500 14.6769 -180 11
298.1000 14.6890 -180 11
298.1477 14.7000 -180 11
298.1500 14.7005 -180 11
298.2000 14.7103 -180 11
298.2500 14.7191 -180 11
298.3000 14.7265 -180 11
298.3500 14.7324 -180 11
298.4000 14.7368 -180 11
298.4500 14.7394 -180 11
298.5000 14.7404 -180 11
298.5500 14.7398 -180 11
298.6000 14.7376 -180 11
298.6500 14.7340 -180 11
298.7000 14.7289 -180 11
298.7500 14.7225 -180 11
298.8000 14.7148 -180 11
298.8500 14.7058 -180 11
298.8776 14.7000 -180 11
298.9000 14.6950 -180 11
298.9500 14.6823 -180 11
299.0000 14.6676 -180 11
299.0500 14.6508 -180 11
299.0520 14.6500 -180 11
299.1000 14.6302 -180 11
299.1500 14.6063 -180 11
299.1614 14.6000 -180 11
299.2000 14.5772 -180 11
299.2398 14.5500 -180 11
299.2500 14.5425 -180 11
299.3000 14.5004 -180 11
299.3004 14.5000 -180 11
299.3489 14.4500 -180 11
299.3500 14.4488 -180 11
299.3890 14.4000 -180 11
299.4000 14.3852 -180 11
299.4235 14.3500 -180 11
299.4500 14.3078 -180 11
299.4544 14.3000 -180 11
299.4809 14.2500 -180 11
299.5000 14.2114 -180 11
299.5052 14.2000 -180 11
299.5263 14.1500 -180 11
299.5459 14.1000 -180 11
299.5500 14.0884 -180 11
299.5627 14.0500 -180 11
299.5778 14.0000 -180 11
299.5916 13.9500 -180 11
299.6000 13.9167 -180 11
299.6040 13.9000 -180 11
299.6148 13.8500 -180 11
299.6254 13.8000 -180 11
299.6364 13.7500 -180 11
299.6487 13.7000 -180 11
299.6500 13.6952 -180 11
299.6618 13.6500 -180 11
299.6776 13.6000 -180 11
299.6969 13.5500 -180 11
299.7000 13.5433 -180 11
299.7185 13.5000 -180 11
299.7439 13.4500 -180 11
299.7500 13.4395 -180 11
299.7717 13.4000 -180 11
299.8000 13.3541 -180 11
299.8025 13.3500 -180 11
299.8350 13.3000 -180 11
299.8500 13.2783 -180 11
299.8695 13.2500 -180 11
299.9000 13.2074 -180 11
299.9055 13.2000 -180 11
299.9426 13.1500 -180 11
299.9500 13.1400 -180 11
299.9812 13.1000 -180 11
300.0000 13.0751 -180 11
300.0207 13.0500 -180 11
300.0500 13.0124 -180 11
300.0608 13.0000 -180 11
300.1000 12.9516 -180 11
300.1015 12.9500 -180 11
300.1433 12.9000 -180 11
300.1500 12.8909 -180 11
300.1851 12.8500 -180 11
300.2000 12.8298 -180 11
300.2259 12.8000 -180 11
300.2500 12.7671 -180 11
300.2648 12.7500 -180 11
300.2999 12.7000 -180 11
300.3000 12.6998 -180 11
300.3314 12.6500 -180 11
300.3500 12.6084 -180 11
300.3546 12.6000 -180 11
300.3691 12.5500 -180 11
300.3710 12.5000 -180 11
300.3586 12.4500 -180 11
300.3500 12.4338 -180 11
300.3324 12.4000 -180 11
300.3000 12.3592 -180 11
300.2929 12.3500 -180 11
300.2500 12.3049 -180 11
300.2456 12.3000 -180 11
300.2000 12.2533 -180 11
300.1971 12.2500 -180 11
300.1542 12.2000 -180 11
300.1500 12.1947 -180 11
300.1210 12.1500 -180 11
300.1000 12.1100 -180 11
300.0958 12.1000 -180 11
300.0811 12.0500 -180 11
300.0732 12.0000 -180 11
300.0721 11.9500 -180 11
300.0773 11.9000 -180 11
300.0885 11.8500 -180 11
300.1000 11.8175 -180 11
300.1075 11.8000 -180 11
300.1389 11.7500 -180 11
300.1500 11.7371 -180 11
300.1932 11.7000 -180 11
300.2000 11.6958 -180 11
300.2500 11.6742 -180 11
300.3000 11.6609 -180 11
300.3500 11.6536 -180 11
300.4000 11.6506 -180 11
300.4500 11.6503 -180 11
300.5000 11.6515 -180 11
300.5500 11.6535 -180 11
300.6000 11.6555 -180 11
300.6500 11.6569 -180 11
300.7000 11.6574 -180 11
300.7500 11.6566 -180 11
300.8000 11.6543 -180 11
300.8500 11.6502 -180 11
300.8518 11.6500 -180 11
300.9000 11.6454 -180 11
300.9500 11.6392 -180 11
301.0000 11.6316 -180 11
301.0500 11.6229 -180 11
301.1000 11.6131 -180 11
301.1500 11.6027 -180 11
301.1624 11.6000 -180 11
301.2000 11.5933 -180 11
301.2500 11.5843 -180 11
301.3000 11.5757 -180 11
301.3500 11.5677 -180 11
301.4000 11.5607 -180 11
301.4500 11.5547 -180 11
301.4993 11.5500 -180 11
301.5000 11.5499 -180 11
301.5500 11.5468 -180 11
301.6000 11.5448 -180 11
301.6500 11.5439 -180 11
301.7000 11.5440 -180 11
301.7500 11.5450 -180 11
301.8000 11.5468 -180 11
301.8500 11.5493 -180 11
301.8631 11.5500 -180 11
301.9000 11.5523 -180 11
301.9500 11.5556 -180 11
302.0000 11.5590 -180 11
302.0500 11.5620 -180 11
302.1000 11.5645 -180 11
302.1500 11.5660 -180 11
302.2000 11.5662 -180 11
302.2500 11.5646 -180 11
302.3000 11.5607 -180 11
302.3500 11.5538 -180 11
302.3683 11.5500 -180 11
302.4000 11.5436 -180 11
302.4500 11.5293 -180 11
302.5000 11.5097 -180 11
> Contour Depth = -180
298.5500 10.8100 -180 12
298.6000 10.8180 -180 12
298.6500 10.8204 -180 12
298.7000 10.8182 -180 12
298.7500 10.8117 -180 12
298.8000 10.8014 -180 12
298.8042 10.8000 -180 12
298.8500 10.7841 -180 12
298.9000 10.7611 -180 12
298.9172 10.7500 -180 12
298.9500 10.7217 -180 12
298.9666 10.7000 -180 12
298.9829 10.6500 -180 12
298.9779 10.6000 -180 12
298.9589 10.5500 -180 12
298.9500 10.5342 -180 12
298.9242 10.5000 -180 12
298.9000 10.4714 -180 12
298.8762 10.4500 -180 12
298.8500 10.4274 -180 12
298.8092 10.4000 -180 12
298.8000 10.3938 -180 12
298.7500 10.3699 -180 12
298.7000 10.3525 -180 12
298.6857 10.3500 -180 12
298.6500 10.3438 -180 12
298.6000 10.3435 -180 12
298.5617 10.3500 -180 12
298.5500 10.3527 -180 12
298.5000 10.3749 -180 12
298.4623 10.4000 -180 12
298.4500 10.4114 -180 12
298.4149 10.4500 -180 12
298.4000 10.4738 -180 12
298.3848 10.5000 -180 12
298.3667 10.5500 -180 12
298.3595 10.6000 -180 12
298.3642 10.6500 -180 12
298.3835 10.7000 -180 12
298.4000 10.7223 -180 12
298.4247 10.7500 -180 12
298.4500 10.7681 -180 12
298.5000 10.7949 -180 12
298.5133 10.8000 -180 12
298.5500 10.8100 -180 12
> Contour Depth = -200
297.9278 13.1500 -200 13
297.9500 13.1408 -200 13
298.0000 13.1196 -200 13
298.0459 13.1000 -200 13
298.0500 13.0982 -200 13
298.1000 13.0765 -200 13
298.1500 13.0549 -200 13
298.1616 13.0500 -200 13
298.2000 13.0333 -200 13
298.2500 13.0122 -200 13
298.2797 13.0000 -200 13
298.3000 12.9914 -200 13
298.3500 12.9713 -200 13
298.4000 12.9521 -200 13
298.4059 12.9500 -200 13
298.4500 12.9335 -200 13
298.5000 12.9161 -200 13
298.5494 12.9000 -200 13
298.5500 12.8998 -200 13
298.6000 12.8842 -200 13
298.6500 12.8698 -200 13
298.7000 12.8565 -200 13
298.7261 12.8500 -200 13
298.7500 12.8439 -200 13
298.8000 12.8319 -200 13
298.8500 12.8205 -200 13
298.9000 12.8092 -200 13
298.9405 12.8000 -200 13
298.9500 12.7977 -200 13
299.0000 12.7855 -200 13
299.0500 12.7718 -200 13
299.1000 12.7558 -200 13
299.1154 12.7500 -200 13
299.1500 12.7362 -200 13
299.2000 12.7112 -200 13
299.2178 12.7000 -200 13
299.2500 12.6780 -200 13
299.2816 12.6500 -200 13
299.3000 12.6317 -200 13
299.3251 12.6000 -200 13
299.3500 12.5631 -200 13
299.3571 12.5500 -200 13
299.3809 12.5000 -200 13
299.4000 12.4511 -200 13
299.4004 12.4500 -200 13
299.4154 12.4000 -200 13
299.4280 12.3500 -200 13
299.4389 12.3000 -200 13
299.4483 12.2500 -200 13
299.4500 12.2405 -200 13
299.4567 12.2000 -200 13
299.4647 12.1500 -200 13
299.4728 12.1000 -200 13
299.4815 12.0500 -200 13
299.4913 12.0000 -200 13
299.5000 11.9623 -200 13
299.5029 11.9500 -200 13
299.5169 11.9000 -200 13
299.5330 11.8500 -200 13
299.5500 11.8020 -200 13
299.5507 11.8000 -200 13
299.5709 11.7500 -200 13
299.5910 11.7000 -200 13
299.6000 11.6773 -200 13
299.6113 11.6500 -200 13
299.6306 11.6000 -200 13
299.6478 11.5500 -200 13
299.6500 11.5429 -200 13
299.6644 11.5000 -200 13
299.6792 11.4500 -200 13
299.6925 11.4000 -200 13
299.7000 11.3704 -200 13
299.7063 11.3500 -200 13
299.7230 11.3000 -200 13
299.7439 11.2500 -200 13
299.7500 11.2384 -200 13
299.7810 11.2000 -200 13
299.8000 11.1826 -200 13
299.8500 11.1558 -200 13
299.8687 11.1500 -200 13
299.9000 11.1417 -200 13
299.9500 11.1342 -200 13
300.0000 11.1301 -200 13
300.0500 11.1281 -200 13
300.1000 11.1274 -200 13
300.1500 11.1273 -200 13
300.2000 11.1275 -200 13
300.2500 11.1280 -200 13
300.3000 11.1284 -200 13
300.3500 11.1289 -200 13
300.4000 11.1292 -200 13
300.4500 11.1295 -200 13
300.5000 11.1298 -200 13
300.5500 11.1299 -200 13
300.6000 11.1300 -200 13
300.6500 11.1301 -200 13
300.7000 11.1301 -200 13
300.7500 11.1301 -200 13
300.8000 11.1300 -200 13
300.8500 11.1299 -200 13
300.9000 11.1299 -200 13
300.9500 11.1298 -200 13
301.0000 11.1297 -200 13
301.0500 11.1296 -200 13
301.1000 11.1295 -200 13
301.1500 11.1294 -200 13
301.2000 11.1293 -200 13
301.2500 11.1292 -200 13
301.3000 11.1289 -200 13
301.3500 11.1286 -200 13
301.4000 11.1280 -200 13
301.4500 11.1272 -200 13
301.5000 11.1262 -200 13
301.5500 11.1247 -200 13
301.6000 11.1228 -200 13
301.6500 11.1205 -200 13
301.7000 11.1175 -200 13
301.7500 11.1139 -200 13
301.8000 11.1097 -200 13
301.8500 11.1047 -200 13
301.8912 11.1000 -200 13
301.9000 11.0989 -200 13
301.9500 11.0920 -200 13
302.0000 11.0843 -200 13
302.0500 11.0756 -200 13
302.1000 11.0661 -200 13
302.1500 11.0557 -200 13
302.1751 11.0500 -200 13
302.2000 11.0441 -200 13
302.2500 11.0315 -200 13
302.3000 11.0180 -200 13
302.3500 11.0036 -200 13
302.3614 11.0000 -200 13
> Contour Depth = -200
296.7521 10.1000 -200 14
296.8000 10.1405 -200 14
296.8128 10.1500 -200 14
296.8500 10.1778 -200 14
296.8849 10.2000 -200 14
296.9000 10.2099 -200 14
296.9500 10.2370 -200 14
296.9804 10.2500 -200 14
297.0000 10.2590 -200 14
297.0500 10.2760 -200 14
297.1000 10.2877 -200 14
297.1500 10.2943 -200 14
297.2000 10.2963 -200 14
297.2500 10.2942 -200 14
297.3000 10.2883 -200 14
297.3500 10.2792 -200 14
297.4000 10.2672 -200 14
297.4500 10.2528 -200 14
297.4599 10.2500 -200 14
297.5000 10.2394 -200 14
297.5500 10.2275 -200 14
297.6000 10.2195 -200 14
297.6500 10.2230 -200 14
297.6873 10.2500 -200 14
297.6983 10.3000 -200 14
297.6906 10.3500 -200 14
297.6774 10.4000 -200 14
297.6628 10.4500 -200 14
297.6500 10.4949 -200 14
297.6484 10.5000 -200 14
297.6334 10.5500 -200 14
297.6211 10.6000 -200 14
297.6118 10.6500 -200 14
297.6056 10.7000 -200 14
297.6029 10.7500 -200 14
297.6040 10.8000 -200 14
297.6092 10.8500 -200 14
297.6190 10.9000 -200 14
297.6341 10.9500 -200 14
297.6500 10.9885 -200 14
297.6547 11.0000 -200 14
297.6809 11.0500 -200 14
297.7000 11.0789 -200 14
297.7146 11.1000 -200 14
297.7500 11.1418 -200 14
297.7576 11.1500 -200 14
297.8000 11.1886 -200 14
297.8143 11.2000 -200 14
297.8500 11.2246 -200 14
297.8951 11.2500 -200 14
297.9000 11.2525 -200 14
297.9500 11.2738 -200 14
298.0000 11.2898 -200 14
298.0431 11.3000 -200 14
298.0500 11.3015 -200 14
298.1000 11.3094 -200 14
298.1500 11.3139 -200 14
298.2000 11.3152 -200 14
298.2500 11.3133 -200 14
298.3000 11.3081 -200 14
298.3456 11.3000 -200 14
298.3500 11.2993 -200 14
298.4000 11.2867 -200 14
298.4500 11.2696 -200 14
298.4934 11.2500 -200 14
298.5000 11.2472 -200 14
298.5500 11.2198 -200 14
298.5784 11.2000 -200 14
298.6000 11.1864 -200 14
298.6467 11.1500 -200 14
298.6500 11.1477 -200 14
298.7000 11.1056 -200 14
298.7054 11.1000 -200 14
298.7500 11.0614 -200 14
298.7611 11.0500 -200 14
298.8000 11.0168 -200 14
298.8171 11.0000 -200 14
298.8500 10.9731 -200 14
298.8749 10.9500 -200 14
298.9000 10.9304 -200 14
298.9348 10.9000 -200 14
298.9500 10.8883 -200 14
298.9944 10.8500 -200 14
299.0000 10.8453 -200 14
299.0471 10.8000 -200 14
299.0500 10.7967 -200 14
299.0865 10.7500 -200 14
299.1000 10.7226 -200 14
299.1113 10.7000 -200 14
299.1211 10.6500 -200 14
299.1193 10.6000 -200 14
299.1082 10.5500 -200 14
299.1000 10.5274 -200 14
299.0899 10.5000 -200 14
299.0659 10.4500 -200 14
299.0500 10.4225 -200 14
299.0360 10.4000 -200 14
299.0017 10.3500 -200 14
299.0000 10.3477 -200 14
298.9629 10.3000 -200 14
298.9500 10.2837 -200 14
298.9202 10.2500 -200 14
298.9000 10.2264 -200 14
298.8744 10.2000 -200 14
298.8500 10.1731 -200 14
298.8261 10.1500 -200 14
298.8000 10.1223 -200 14
298.7760 10.1000 -200 14
> Contour Depth = -220
298.9500 11.9589 -220 15
299.0000 11.9667 -220 15
299.0500 11.9636 -220 15
299.0941 11.9500 -220 15
299.1000 11.9484 -220 15
299.1500 11.9204 -220 15
299.1725 11.9000 -220 15
299.2000 11.8771 -220 15
299.2222 11.8500 -220 15
299.2500 11.8186 -220 15
299.2624 11.8000 -220 15
299.2976 11.7500 -220 15
299.3000 11.7468 -220 15
299.3286 11.7000 -220 15
299.3500 11.6652 -220 15
299.3583 11.6500 -220 15
299.3851 11.6000 -220 15
299.4000 11.5706 -220 15
299.4097 11.5500 -220 15
299.4310 11.5000 -220 15
299.4493 11.4500 -220 15
299.4500 11.4478 -220 15
299.4642 11.4000 -220 15
299.4756 11.3500 -220 15
299.4836 11.3000 -220 15
299.4883 11.2500 -220 15
299.4902 11.2000 -220 15
299.4894 11.1500 -220 15
299.4864 11.1000 -220 15
299.4812 11.0500 -220 15
299.4740 11.0000 -220 15
299.4645 10.9500 -220 15
299.4521 10.9000 -220 15
299.4500 10.8914 -220 15
299.4387 10.8500 -220 15
299.4207 10.8000 -220 15
299.4000 10.7584 -220 15
299.3918 10.7500 -220 15
299.3500 10.7167 -220 15
299.3000 10.7226 -220 15
299.2500 10.7489 -220 15
299.2491 10.7500 -220 15
299.2000 10.7792 -220 15
299.1776 10.8000 -220 15
299.1500 10.8176 -220 15
299.1134 10.8500 -220 15
299.1000 10.8606 -220 15
299.0582 10.9000 -220 15
299.0500 10.9083 -220 15
299.0102 10.9500 -220 15
299.0000 10.9624 -220 15
298.9678 11.0000 -220 15
298.9500 11.0250 -220 15
298.9306 11.0500 -220 15
298.9000 11.0980 -220 15
298.8986 11.1000 -220 15
298.8697 11.1500 -220 15
298.8500 11.1916 -220 15
298.8454 11.2000 -220 15
298.8236 11.2500 -220 15
298.8057 11.3000 -220 15
298.8000 11.3203 -220 15
298.7898 11.3500 -220 15
298.7764 11.4000 -220 15
298.7658 11.4500 -220 15
298.7575 11.5000 -220 15
298.7516 11.5500 -220 15
298.7500 11.5739 -220 15
298.7478 11.6000 -220 15
298.7470 11.6500 -220 15
298.7500 11.6969 -220 15
298.7502 11.7000 -220 15
298.7581 11.7500 -220 15
298.7733 11.8000 -220 15
298.7994 11.8500 -220 15
298.8000 11.8508 -220 15
298.8420 11.9000 -220 15
298.8500 11.9070 -220 15
298.9000 11.9399 -220 15
298.9248 11.9500 -220 15
298.9500 11.9589 -220 15
> Contour Depth = -220
299.1283 10.1500 -220 16
299.1500 10.1826 -220 16
299.1638 10.2000 -220 16
299.1987 10.2500 -220 16
299.2000 10.2520 -220 16
299.2376 10.3000 -220 16
299.2500 10.3200 -220 16
299.2748 10.3500 -220 16
299.3000 10.3903 -220 16
299.3090 10.4000 -220 16
299.3448 10.4500 -220 16
299.3500 10.4601 -220 16
299.3892 10.5000 -220 16
299.4000 10.5141 -220 16
299.4500 10.5327 -220 16
299.5000 10.5291 -220 16
299.5500 10.5202 -220 16
299.6000 10.5138 -220 16
299.6500 10.5130 -220 16
299.7000 10.5194 -220 16
299.7500 10.5331 -220 16
299.7908 10.5500 -220 16
299.8000 10.5529 -220 16
299.8500 10.5737 -220 16
299.9000 10.5976 -220 16
299.9046 10.6000 -220 16
299.9500 10.6188 -220 16
300.0000 10.6400 -220 16
300.0239 10.6500 -220 16
300.0500 10.6588 -220 16
300.1000 10.6750 -220 16
300.1500 10.6896 -220 16
300.1905 10.7000 -220 16
300.2000 10.7021 -220 16
300.2500 10.7116 -220 16
300.3000 10.7195 -220 16
300.3500 10.7257 -220 16
300.4000 10.7303 -220 16
300.4500 10.7334 -220 16
300.5000 10.7349 -220 16
300.5500 10.7351 -220 16
300.6000 10.7339 -220 16
300.6500 10.7313 -220 16
300.7000 10.7275 -220 16
300.7500 10.7222 -220 16
300.8000 10.7156 -220 16
300.8500 10.7074 -220 16
300.8883 10.7000 -220 16
300.9000 10.6976 -220 16
300.9500 10.6861 -220 16
301.0000 10.6726 -220 16
301.0500 10.6571 -220 16
301.0709 10.6500 -220 16
301.1000 10.6395 -220 16
301.1500 10.6196 -220 16
301.1941 10.6000 -220 16
301.2000 10.5972 -220 16
301.2500 10.5725 -220 16
301.2921 10.5500 -220 16
301.3000 10.5455 -220 16
301.3500 10.5165 -220 16
301.3777 10.5000 -220 16
301.4000 10.4861 -220 16
301.4500 10.4548 -220 16
301.4581 10.4500 -220 16
301.5000 10.4243 -220 16
301.5412 10.4000 -220 16
301.5500 10.3948 -220 16
301.6000 10.3684 -220 16
301.6389 10.3500 -220 16
301.6500 10.3450 -220 16
301.7000 10.3264 -220 16
301.7500 10.3118 -220 16
301.8000 10.3020 -220 16
301.8199 10.3000 -220 16
301.8500 10.2974 -220 16
301.9000 10.2975 -220 16
301.9283 10.3000 -220 16
301.9500 10.3021 -220 16
> Contour Depth = -240
299.1000 11.4675 -240 17
299.1500 11.4674 -240 17
299.1811 11.4500 -240 17
299.2000 11.4387 -240 17
299.2330 11.4000 -240 17
299.2500 11.3777 -240 17
299.2644 11.3500 -240 17
299.2861 11.3000 -240 17
299.3000 11.2582 -240 17
299.3021 11.2500 -240 17
299.3104 11.2000 -240 17
299.3134 11.1500 -240 17
299.3104 11.1000 -240 17
299.3006 11.0500 -240 17
299.3000 11.0484 -240 17
299.2762 11.0000 -240 17
299.2500 10.9679 -240 17
299.2111 10.9500 -240 17
299.2000 10.9468 -240 17
299.1884 10.9500 -240 17
299.1500 10.9627 -240 17
299.1055 11.0000 -240 17
299.1000 11.0057 -240 17
299.0700 11.0500 -240 17
299.0500 11.0848 -240 17
299.0425 11.1000 -240 17
299.0244 11.1500 -240 17
299.0110 11.2000 -240 17
299.0035 11.2500 -240 17
299.0031 11.3000 -240 17
299.0115 11.3500 -240 17
299.0304 11.4000 -240 17
299.0500 11.4328 -240 17
299.0717 11.4500 -240 17
299.1000 11.4675 -240 17
> Contour Depth = -240
300.6312 10.1500 -240 18
300.6500 10.1698 -240 18
300.6915 10.2000 -240 18
300.7000 10.2049 -240 18
300.7500 10.2234 -240 18
300.8000 10.2314 -240 18
300.8500 10.2310 -240 18
300.9000 10.2235 -240 18
300.9500 10.2099 -240 18
300.9753 10.2000 -240 18
301.0000 10.1905 -240 18
301.0500 10.1661 -240 18
301.0777 10.1500 -240 18
