> Contour Depth = 140
125.2397 6.6000 140 1
125.2500 6.5830 140 1
125.2703 6.5500 140 1
125.3000 6.5090 140 1
125.3068 6.5000 140 1
125.3500 6.4506 140 1
125.3505 6.4500 140 1
125.4000 6.4032 140 1
> Contour Depth = 120
124.9761 6.8500 120 2
124.9891 6.8000 120 2
125.0000 6.7658 120 2
125.0049 6.7500 120 2
125.0233 6.7000 120 2
125.0448 6.6500 120 2
125.0500 6.6393 120 2
125.0690 6.6000 120 2
125.0967 6.5500 120 2
125.1000 6.5446 120 2
125.1278 6.5000 120 2
125.1500 6.4689 120 2
125.1638 6.4500 120 2
125.2000 6.4063 120 2
125.2055 6.4000 120 2
125.2500 6.3544 120 2
125.2545 6.3500 120 2
125.3000 6.3104 120 2
125.3129 6.3000 120 2
125.3500 6.2721 120 2
125.3817 6.2500 120 2
125.4000 6.2378 120 2
125.4500 6.2061 120 2
125.4599 6.2000 120 2
125.5000 6.1753 120 2
125.5418 6.1500 120 2
125.5500 6.1448 120 2
> Contour Depth = 100
124.7607 7.0500 100 3
124.7649 7.0000 100 3
124.7711 6.9500 100 3
124.7795 6.9000 100 3
124.7903 6.8500 100 3
124.8000 6.8137 100 3
124.8035 6.8000 100 3
124.8190 6.7500 100 3
124.8371 6.7000 100 3
124.8500 6.6686 100 3
124.8576 6.6500 100 3
124.8805 6.6000 100 3
124.9000 6.5618 100 3
124.9060 6.5500 100 3
124.9340 6.5000 100 3
124.9500 6.4743 100 3
124.9652 6.4500 100 3
125.0000 6.4004 100 3
125.0003 6.4000 100 3
125.0398 6.3500 100 3
125.0500 6.3384 100 3
125.0854 6.3000 100 3
125.1000 6.2858 100 3
125.1389 6.2500 100 3
125.1500 6.2406 100 3
125.2000 6.2011 100 3
125.2015 6.2000 100 3
125.2500 6.1657 100 3
125.2735 6.1500 100 3
125.3000 6.1328 100 3
125.3500 6.1013 100 3
125.3521 6.1000 100 3
125.4000 6.0693 100 3
125.4297 6.0500 100 3
125.4500 6.0359 100 3
125.4992 6.0000 100 3
125.5000 5.9993 100 3
125.5500 5.9557 100 3
125.5561 5.9500 100 3
125.6000 5.9017 100 3
125.6015 5.9000 100 3
125.6372 5.8500 100 3
125.6500 5.8286 100 3
125.6662 5.8000 100 3
125.6903 5.7500 100 3
125.7000 5.7273 100 3
125.7114 5.7000 100 3
125.7306 5.6500 100 3
125.7490 5.6000 100 3
> Contour Depth = 80
124.5157 7.3000 80 4
124.5182 7.2500 80 4
124.5220 7.2000 80 4
124.5271 7.1500 80 4
124.5332 7.1000 80 4
124.5404 7.0500 80 4
124.5487 7.0000 80 4
124.5500 6.9934 80 4
124.5581 6.9500 80 4
124.5688 6.9000 80 4
124.5812 6.8500 80 4
124.5954 6.8000 80 4
124.6000 6.7858 80 4
124.6112 6.7500 80 4
124.6287 6.7000 80 4
124.6481 6.6500 80 4
124.6500 6.6456 80 4
124.6691 6.6000 80 4
124.6919 6.5500 80 4
124.7000 6.5333 80 4
124.7164 6.5000 80 4
124.7429 6.4500 80 4
124.7500 6.4374 80 4
124.7717 6.4000 80 4
124.8000 6.3553 80 4
124.8035 6.3500 80 4
124.8391 6.3000 80 4
124.8500 6.2861 80 4
124.8798 6.2500 80 4
124.9000 6.2281 80 4
124.9274 6.2000 80 4
124.9500 6.1792 80 4
124.9837 6.1500 80 4
125.0000 6.1372 80 4
125.0500 6.1002 80 4
125.0503 6.1000 80 4
125.1000 6.0670 80 4
125.1267 6.0500 80 4
125.1500 6.0357 80 4
125.2000 6.0055 80 4
125.2089 6.0000 80 4
125.2500 5.9745 80 4
125.2881 5.9500 80 4
125.3000 5.9419 80 4
125.3500 5.9053 80 4
125.3567 5.9000 80 4
125.4000 5.8618 80 4
125.4121 5.8500 80 4
125.4500 5.8073 80 4
125.4559 5.8000 80 4
125.4906 5.7500 80 4
125.5000 5.7340 80 4
125.5187 5.7000 80 4
125.5424 5.6500 80 4
125.5500 5.6321 80 4
125.5631 5.6000 80 4
> Contour Depth = 60
125.3844 5.5500 60 5
125.3595 5.6000 60 5
125.3500 5.6165 60 5
125.3288 5.6500 60 5
125.3000 5.6889 60 5
125.2908 5.7000 60 5
125.2500 5.7427 60 5
125.2422 5.7500 60 5
125.2000 5.7849 60 5
125.1797 5.8000 60 5
125.1500 5.8203 60 5
125.1028 5.8500 60 5
125.1000 5.8517 60 5
125.0500 5.8804 60 5
125.0151 5.9000 60 5
125.0000 5.9085 60 5
124.9500 5.9369 60 5
124.9277 5.9500 60 5
124.9000 5.9670 60 5
124.8500 5.9999 60 5
124.8498 6.0000 60 5
124.8000 6.0374 60 5
124.7846 6.0500 60 5
124.7500 6.0811 60 5
124.7306 6.1000 60 5
124.7000 6.1331 60 5
124.6854 6.1500 60 5
124.6500 6.1959 60 5
124.6470 6.2000 60 5
124.6137 6.2500 60 5
124.6000 6.2725 60 5
124.5838 6.3000 60 5
124.5564 6.3500 60 5
124.5500 6.3623 60 5
124.5307 6.4000 60 5
124.5061 6.4500 60 5
124.5000 6.4630 60 5
124.4824 6.5000 60 5
124.4594 6.5500 60 5
124.4500 6.5713 60 5
124.4371 6.6000 60 5
124.4155 6.6500 60 5
124.4000 6.6878 60 5
124.3949 6.7000 60 5
124.3750 6.7500 60 5
124.3565 6.8000 60 5
124.3500 6.8188 60 5
124.3389 6.8500 60 5
124.3223 6.9000 60 5
124.3067 6.9500 60 5
124.3000 6.9728 60 5
124.2918 7.0000 60 5
124.2775 7.0500 60 5
124.2639 7.1000 60 5
124.2507 7.1500 60 5
124.2500 7.1530 60 5
124.2385 7.2000 60 5
124.2274 7.2500 60 5
124.2178 7.3000 60 5
124.2104 7.3500 60 5
124.2057 7.4000 60 5
124.2041 7.4500 60 5
124.2062 7.5000 60 5
124.2122 7.5500 60 5
124.2219 7.6000 60 5
124.2352 7.6500 60 5
124.2500 7.6954 60 5
124.2516 7.7000 60 5
124.2713 7.7500 60 5
> Contour Depth = 40
125.1697 5.5000 40 6
125.1500 5.5292 40 6
125.1344 5.5500 40 6
125.1000 5.5885 40 6
125.0885 5.6000 40 6
125.0500 5.6335 40 6
125.0289 5.6500 40 6
125.0000 5.6703 40 6
124.9543 5.7000 40 6
124.9500 5.7026 40 6
124.9000 5.7314 40 6
124.8673 5.7500 40 6
124.8500 5.7595 40 6
124.8000 5.7876 40 6
124.7788 5.8000 40 6
124.7500 5.8170 40 6
124.7000 5.8488 40 6
124.6983 5.8500 40 6
124.6500 5.8844 40 6
124.6300 5.9000 40 6
124.6000 5.9251 40 6
124.5728 5.9500 40 6
124.5500 5.9729 40 6
124.5248 6.0000 40 6
124.5000 6.0297 40 6
124.4839 6.0500 40 6
124.4500 6.0975 40 6
124.4483 6.1000 40 6
124.4163 6.1500 40 6
124.4000 6.1779 40 6
124.3871 6.2000 40 6
124.3595 6.2500 40 6
124.3500 6.2680 40 6
124.3327 6.3000 40 6
124.3066 6.3500 40 6
124.3000 6.3628 40 6
124.2802 6.4000 40 6
124.2540 6.4500 40 6
124.2500 6.4578 40 6
124.2274 6.5000 40 6
124.2015 6.5500 40 6
124.2000 6.5529 40 6
124.1755 6.6000 40 6
124.1510 6.6500 40 6
124.1500 6.6521 40 6
124.1271 6.7000 40 6
124.1051 6.7500 40 6
124.1000 6.7622 40 6
124.0842 6.8000 40 6
124.0649 6.8500 40 6
124.0500 6.8914 40 6
124.0469 6.9000 40 6
124.0300 6.9500 40 6
124.0143 7.0000 40 6
124.0000 7.0491 40 6
123.9997 7.0500 40 6
123.9863 7.1000 40 6
123.9744 7.1500 40 6
123.9642 7.2000 40 6
123.9559 7.2500 40 6
123.9500 7.2979 40 6
123.9498 7.3000 40 6
123.9460 7.3500 40 6
123.9449 7.4000 40 6
123.9464 7.4500 40 6
123.9500 7.4935 40 6
123.9505 7.5000 40 6
123.9573 7.5500 40 6
123.9666 7.6000 40 6
123.9782 7.6500 40 6
123.9919 7.7000 40 6
124.0000 7.7266 40 6
124.0073 7.7500 40 6
> Contour Depth = 20
123.6715 7.3000 20 7
123.6709 7.2500 20 7
123.6725 7.2000 20 7
123.6763 7.1500 20 7
123.6821 7.1000 20 7
123.6900 7.0500 20 7
123.6997 7.0000 20 7
123.7000 6.9985 20 7
123.7101 6.9500 20 7
123.7218 6.9000 20 7
123.7347 6.8500 20 7
123.7489 6.8000 20 7
123.7500 6.7963 20 7
123.7633 6.7500 20 7
123.7792 6.7000 20 7
123.7971 6.6500 20 7
123.8000 6.6427 20 7
123.8163 6.6000 20 7
123.8386 6.5500 20 7
123.8500 6.5276 20 7
123.8638 6.5000 20 7
123.8925 6.4500 20 7
123.9000 6.4383 20 7
123.9237 6.4000 20 7
123.9500 6.3622 20 7
123.9580 6.3500 20 7
123.9933 6.3000 20 7
124.0000 6.2910 20 7
124.0281 6.2500 20 7
124.0500 6.2195 20 7
124.0627 6.2000 20 7
124.0967 6.1500 20 7
124.1000 6.1452 20 7
124.1286 6.1000 20 7
124.1500 6.0680 20 7
124.1612 6.0500 20 7
124.1943 6.0000 20 7
124.2000 5.9918 20 7
124.2282 5.9500 20 7
124.2500 5.9206 20 7
124.2653 5.9000 20 7
124.3000 5.8575 20 7
124.3063 5.8500 20 7
124.3500 5.8027 20 7
124.3526 5.8000 20 7
124.4000 5.7552 20 7
124.4059 5.7500 20 7
124.4500 5.7135 20 7
124.4680 5.7000 20 7
124.5000 5.6766 20 7
124.5402 5.6500 20 7
124.5500 5.6435 20 7
124.6000 5.6122 20 7
124.6207 5.6000 20 7
124.6500 5.5819 20 7
124.7000 5.5523 20 7
124.7038 5.5500 20 7
124.7500 5.5196 20 7
124.7789 5.5000 20 7
124.8000 5.4837 20 7
124.8406 5.4500 20 7
