> Contour Depth = -20
21.7500 39.9993 -20 1
21.7970 39.9500 -20 1
21.8000 39.9469 -20 1
21.8426 39.9000 -20 1
21.8500 39.8919 -20 1
21.8855 39.8500 -20 1
21.9000 39.8326 -20 1
21.9252 39.8000 -20 1
21.9500 39.7670 -20 1
21.9619 39.7500 -20 1
21.9954 39.7000 -20 1
22.0000 39.6928 -20 1
22.0255 39.6500 -20 1
22.0500 39.6064 -20 1
22.0534 39.6000 -20 1
22.0782 39.5500 -20 1
22.1000 39.5031 -20 1
22.1014 39.5000 -20 1
22.1219 39.4500 -20 1
22.1410 39.4000 -20 1
22.1500 39.3748 -20 1
22.1585 39.3500 -20 1
22.1743 39.3000 -20 1
22.1891 39.2500 -20 1
22.2000 39.2098 -20 1
22.2026 39.2000 -20 1
22.2147 39.1500 -20 1
22.2257 39.1000 -20 1
22.2355 39.0500 -20 1
22.2442 39.0000 -20 1
22.2500 38.9598 -20 1
22.2515 38.9500 -20 1
22.2573 38.9000 -20 1
22.2618 38.8500 -20 1
22.2649 38.8000 -20 1
22.2666 38.7500 -20 1
22.2672 38.7000 -20 1
22.2669 38.6500 -20 1
22.2661 38.6000 -20 1
22.2656 38.5500 -20 1
22.2658 38.5000 -20 1
22.2677 38.4500 -20 1
22.2720 38.4000 -20 1
22.2795 38.3500 -20 1
22.2909 38.3000 -20 1
22.3000 38.2716 -20 1
22.3082 38.2500 -20 1
22.3332 38.2000 -20 1
22.3500 38.1736 -20 1
22.3674 38.1500 -20 1
22.4000 38.1134 -20 1
22.4131 38.1000 -20 1
22.4500 38.0667 -20 1
22.4684 38.0500 -20 1
22.5000 38.0237 -20 1
22.5255 38.0000 -20 1
22.5500 37.9785 -20 1
22.5774 37.9500 -20 1
22.6000 37.9272 -20 1
22.6223 37.9000 -20 1
22.6500 37.8667 -20 1
22.6616 37.8500 -20 1
22.6968 37.8000 -20 1
22.7000 37.7956 -20 1
22.7281 37.7500 -20 1
22.7500 37.7149 -20 1
22.7582 37.7000 -20 1
22.7863 37.6500 -20 1
22.8000 37.6260 -20 1
22.8135 37.6000 -20 1
22.8399 37.5500 -20 1
22.8500 37.5309 -20 1
22.8653 37.5000 -20 1
22.8902 37.4500 -20 1
22.9000 37.4301 -20 1
22.9142 37.4000 -20 1
22.9375 37.3500 -20 1
22.9500 37.3230 -20 1
22.9604 37.3000 -20 1
22.9825 37.2500 -20 1
23.0000 37.2103 -20 1
23.0045 37.2000 -20 1
23.0262 37.1500 -20 1
23.0485 37.1000 -20 1
23.0500 37.0966 -20 1
23.0715 37.0500 -20 1
23.0960 37.0000 -20 1
23.1000 36.9921 -20 1
23.1229 36.9500 -20 1
23.1500 36.9042 -20 1
23.1527 36.9000 -20 1
23.1873 36.8500 -20 1
23.2000 36.8332 -20 1
23.2275 36.8000 -20 1
23.2500 36.7749 -20 1
23.2746 36.7500 -20 1
23.3000 36.7259 -20 1
23.3296 36.7000 -20 1
23.3500 36.6830 -20 1
23.3922 36.6500 -20 1
23.4000 36.6441 -20 1
23.4500 36.6079 -20 1
23.4613 36.6000 -20 1
23.5000 36.5733 -20 1
23.5344 36.5500 -20 1
23.5500 36.5395 -20 1
23.6000 36.5066 -20 1
23.6103 36.5000 -20 1
23.6500 36.4748 -20 1
23.6899 36.4500 -20 1
23.7000 36.4436 -20 1
23.7500 36.4139 -20 1
23.7742 36.4000 -20 1
23.8000 36.3848 -20 1
23.8500 36.3561 -20 1
23.8610 36.3500 -20 1
23.9000 36.3272 -20 1
23.9457 36.3000 -20 1
23.9500 36.2972 -20 1
24.0000 36.2657 -20 1
24.0252 36.2500 -20 1
24.0500 36.2325 -20 1
24.0988 36.2000 -20 1
24.1000 36.1991 -20 1
24.1500 36.1692 -20 1
24.1930 36.1500 -20 1
24.2000 36.1469 -20 1
24.2500 36.1366 -20 1
24.3000 36.1391 -20 1
24.3359 36.1500 -20 1
24.3500 36.1549 -20 1
24.4000 36.1848 -20 1
24.4191 36.2000 -20 1
24.4500 36.2270 -20 1
24.4728 36.2500 -20 1
24.5000 36.2785 -20 1
24.5199 36.3000 -20 1
24.5500 36.3310 -20 1
24.5700 36.3500 -20 1
24.6000 36.3747 -20 1
24.6381 36.4000 -20 1
24.6500 36.4063 -20 1
24.7000 36.4251 -20 1
24.7500 36.4349 -20 1
24.8000 36.4366 -20 1
24.8500 36.4312 -20 1
24.9000 36.4195 -20 1
24.9500 36.4025 -20 1
24.9558 36.4000 -20 1
25.0000 36.3762 -20 1
25.0415 36.3500 -20 1
25.0500 36.3430 -20 1
25.0963 36.3000 -20 1
25.1000 36.2953 -20 1
25.1329 36.2500 -20 1
25.1500 36.2167 -20 1
25.1583 36.2000 -20 1
25.1767 36.1500 -20 1
25.1926 36.1000 -20 1
25.2000 36.0786 -20 1
25.2100 36.0500 -20 1
25.2328 36.0000 -20 1
25.2500 35.9723 -20 1
25.2648 35.9500 -20 1
25.3000 35.9110 -20 1
25.3108 35.9000 -20 1
25.3500 35.8691 -20 1
25.3771 35.8500 -20 1
25.4000 35.8367 -20 1
25.4500 35.8104 -20 1
25.4710 35.8000 -20 1
25.5000 35.7876 -20 1
25.5500 35.7660 -20 1
25.5847 35.7500 -20 1
25.6000 35.7436 -20 1
25.6500 35.7197 -20 1
25.6855 35.7000 -20 1
25.7000 35.6924 -20 1
25.7500 35.6623 -20 1
25.7683 35.6500 -20 1
25.8000 35.6298 -20 1
25.8448 35.6000 -20 1
25.8500 35.5967 -20 1
25.9000 35.5658 -20 1
25.9288 35.5500 -20 1
25.9500 35.5391 -20 1
26.0000 35.5181 -20 1
26.0500 35.5034 -20 1
26.0683 35.5000 -20 1
26.1000 35.4946 -20 1
26.1500 35.4913 -20 1
26.2000 35.4923 -20 1
26.2500 35.4969 -20 1
26.2698 35.5000 -20 1
26.3000 35.5046 -20 1
26.3500 35.5146 -20 1
26.4000 35.5266 -20 1
26.4500 35.5401 -20 1
26.4834 35.5500 -20 1
26.5000 35.5549 -20 1
26.5500 35.5711 -20 1
26.6000 35.5880 -20 1
26.6338 35.6000 -20 1
26.6500 35.6058 -20 1
26.7000 35.6244 -20 1
26.7500 35.6435 -20 1
26.7666 35.6500 -20 1
26.8000 35.6633 -20 1
26.8500 35.6838 -20 1
26.8885 35.7000 -20 1
26.9000 35.7049 -20 1
26.9500 35.7270 -20 1
27.0000 35.7498 -20 1
27.0004 35.7500 -20 1
27.0500 35.7738 -20 1
27.1000 35.7987 -20 1
27.1026 35.8000 -20 1
27.1500 35.8248 -20 1
27.1963 35.8500 -20 1
27.2000 35.8520 -20 1
27.2500 35.8805 -20 1
27.2830 35.9000 -20 1
27.3000 35.9101 -20 1
27.3500 35.9408 -20 1
27.3644 35.9500 -20 1
27.4000 35.9726 -20 1
27.4417 36.0000 -20 1
27.4500 36.0054 -20 1
27.5000 36.0390 -20 1
27.5161 36.0500 -20 1
27.5500 36.0731 -20 1
27.5890 36.1000 -20 1
27.6000 36.1075 -20 1
27.6500 36.1419 -20 1
27.6617 36.1500 -20 1
27.7000 36.1760 -20 1
27.7356 36.2000 -20 1
27.7500 36.2096 -20 1
27.8000 36.2423 -20 1
27.8121 36.2500 -20 1
27.8500 36.2739 -20 1
27.8925 36.3000 -20 1
27.9000 36.3045 -20 1
27.9500 36.3339 -20 1
27.9783 36.3500 -20 1
28.0000 36.3622 -20 1
28.0500 36.3896 -20 1
28.0696 36.4000 -20 1
28.1000 36.4161 -20 1
28.1500 36.4420 -20 1
28.1657 36.4500 -20 1
28.2000 36.4675 -20 1
28.2500 36.4927 -20 1
28.2645 36.5000 -20 1
28.3000 36.5179 -20 1
28.3500 36.5431 -20 1
28.3636 36.5500 -20 1
28.4000 36.5683 -20 1
28.4500 36.5935 -20 1
28.4630 36.6000 -20 1
28.5000 36.6183 -20 1
28.5500 36.6427 -20 1
28.5656 36.6500 -20 1
28.6000 36.6660 -20 1
28.6500 36.6881 -20 1
28.6787 36.7000 -20 1
28.7000 36.7086 -20 1
28.7500 36.7271 -20 1
28.8000 36.7437 -20 1
28.8213 36.7500 -20 1
28.8500 36.7581 -20 1
28.9000 36.7703 -20 1
28.9500 36.7806 -20 1
29.0000 36.7893 -20 1
29.0500 36.7964 -20 1
29.0806 36.8000 -20 1
29.1000 36.8021 -20 1
29.1500 36.8065 -20 1
29.2000 36.8098 -20 1
29.2500 36.8123 -20 1
29.3000 36.8141 -20 1
29.3500 36.8153 -20 1
29.4000 36.8160 -20 1
29.4500 36.8163 -20 1
29.5000 36.8161 -20 1
29.5500 36.8156 -20 1
29.6000 36.8147 -20 1
29.6500 36.8133 -20 1
29.7000 36.8116 -20 1
29.7500 36.8092 -20 1
29.8000 36.8062 -20 1
29.8500 36.8025 -20 1
29.8777 36.8000 -20 1
29.9000 36.7977 -20 1
29.9500 36.7916 -20 1
30.0000 36.7843 -20 1
30.0500 36.7758 -20 1
30.1000 36.7661 -20 1
30.1500 36.7552 -20 1
30.1712 36.7500 -20 1
30.2000 36.7421 -20 1
30.2500 36.7270 -20 1
30.3000 36.7108 -20 1
30.3306 36.7000 -20 1
30.3500 36.6924 -20 1
30.4000 36.6711 -20 1
30.4473 36.6500 -20 1
30.4500 36.6486 -20 1
30.5000 36.6215 -20 1
30.5382 36.6000 -20 1
30.5500 36.5924 -20 1
30.6000 36.5586 -20 1
30.6124 36.5500 -20 1
30.6500 36.5196 -20 1
30.6740 36.5000 -20 1
30.7000 36.4750 -20 1
30.7260 36.4500 -20 1
30.7500 36.4226 -20 1
30.7701 36.4000 -20 1
30.8000 36.3600 -20 1
30.8077 36.3500 -20 1
30.8391 36.3000 -20 1
30.8500 36.2788 -20 1
30.8653 36.2500 -20 1
30.8866 36.2000 -20 1
30.9000 36.1609 -20 1
30.9038 36.1500 -20 1
30.9176 36.1000 -20 1
30.9299 36.0500 -20 1
30.9424 36.0000 -20 1
30.9500 35.9743 -20 1
30.9573 35.9500 -20 1
30.9769 35.9000 -20 1
31.0000 35.8573 -20 1
31.0040 35.8500 -20 1
31.0398 35.8000 -20 1
31.0500 35.7889 -20 1
31.0860 35.7500 -20 1
31.1000 35.7376 -20 1
31.1426 35.7000 -20 1
31.1500 35.6944 -20 1
31.2000 35.6566 -20 1
31.2086 35.6500 -20 1
31.2500 35.6220 -20 1
31.2820 35.6000 -20 1
31.3000 35.5888 -20 1
31.3500 35.5570 -20 1
31.3607 35.5500 -20 1
31.4000 35.5263 -20 1
31.4425 35.5000 -20 1
31.4500 35.4956 -20 1
31.5000 35.4657 -20 1
31.5257 35.4500 -20 1
31.5500 35.4358 -20 1
31.6000 35.4059 -20 1
31.6096 35.4000 -20 1
31.6500 35.3762 -20 1
31.6935 35.3500 -20 1
31.7000 35.3462 -20 1
31.7500 35.3164 -20 1
31.7772 35.3000 -20 1
31.8000 35.2866 -20 1
31.8500 35.2570 -20 1
31.8618 35.2500 -20 1
31.9000 35.2279 -20 1
31.9485 35.2000 -20 1
31.9500 35.1992 -20 1
32.0000 35.1714 -20 1
32.0397 35.1500 -20 1
32.0500 35.1446 -20 1
32.1000 35.1190 -20 1
32.1387 35.1000 -20 1
32.1500 35.0946 -20 1
32.2000 35.0716 -20 1
32.2500 35.0501 -20 1
32.2501 35.0500 -20 1
32.3000 35.0300 -20 1
32.3500 35.0114 -20 1
32.3832 35.0000 -20 1
32.4000 34.9943 -20 1
32.4500 34.9786 -20 1
32.5000 34.9644 -20 1
32.5500 34.9516 -20 1
32.5571 34.9500 -20 1
32.6000 34.9403 -20 1
32.6500 34.9306 -20 1
32.7000 34.9224 -20 1
32.7500 34.9158 -20 1
32.8000 34.9108 -20 1
32.8500 34.9074 -20 1
32.9000 34.9056 -20 1
32.9500 34.9055 -20 1
33.0000 34.9071 -20 1
33.0500 34.9103 -20 1
33.1000 34.9152 -20 1
33.1500 34.9217 -20 1
33.2000 34.9299 -20 1
33.2500 34.9397 -20 1
33.2949 34.9500 -20 1
33.3000 34.9512 -20 1
33.3500 34.9645 -20 1
33.4000 34.9793 -20 1
33.4500 34.9956 -20 1
33.4629 35.0000 -20 1
33.5000 35.0135 -20 1
33.5500 35.0329 -20 1
33.5921 35.0500 -20 1
33.6000 35.0534 -20 1
33.6500 35.0756 -20 1
33.7000 35.0987 -20 1
33.7028 35.1000 -20 1
33.7500 35.1233 -20 1
33.8000 35.1485 -20 1
33.8029 35.1500 -20 1
33.8500 35.1750 -20 1
33.8972 35.2000 -20 1
33.9000 35.2016 -20 1
33.9500 35.2287 -20 1
33.9902 35.2500 -20 1
34.0000 35.2553 -20 1
34.0500 35.2815 -20 1
34.0867 35.3000 -20 1
34.1000 35.3068 -20 1
34.1500 35.3311 -20 1
34.1903 35.3500 -20 1
34.2000 35.3545 -20 1
34.2500 35.3773 -20 1
34.3000 35.3998 -20 1
34.3003 35.4000 -20 1
34.3500 35.4224 -20 1
34.4000 35.4456 -20 1
34.4091 35.4500 -20 1
34.4500 35.4698 -20 1
34.5000 35.4956 -20 1
34.5080 35.5000 -20 1
34.5500 35.5234 -20 1
34.5939 35.5500 -20 1
34.6000 35.5538 -20 1
34.6500 35.5872 -20 1
34.6676 35.6000 -20 1
34.7000 35.6243 -20 1
34.7314 35.6500 -20 1
34.7500 35.6657 -20 1
34.7874 35.7000 -20 1
34.8000 35.7120 -20 1
34.8370 35.7500 -20 1
34.8500 35.7641 -20 1
34.8813 35.8000 -20 1
34.9000 35.8229 -20 1
34.9212 35.8500 -20 1
34.9500 35.8898 -20 1
34.9572 35.9000 -20 1
> Contour Depth = -20
31.6389 39.6500 -20 2
31.6500 39.6464 -20 2
31.7000 39.6316 -20 2
31.7500 39.6173 -20 2
31.8000 39.6032 -20 2
31.8116 39.6000 -20 2
31.8500 39.5889 -20 2
31.9000 39.5743 -20 2
31.9500 39.5593 -20 2
31.9803 39.5500 -20 2
32.0000 39.5436 -20 2
32.0500 39.5272 -20 2
32.1000 39.5104 -20 2
32.1315 39.5000 -20 2
32.1500 39.4935 -20 2
32.2000 39.4771 -20 2
32.2500 39.4629 -20 2
32.3000 39.4531 -20 2
32.3500 39.4505 -20 2
32.4000 39.4590 -20 2
32.4500 39.4834 -20 2
32.4687 39.5000 -20 2
32.5000 39.5279 -20 2
32.5165 39.5500 -20 2
> Contour Depth = -20
24.0500 33.9511 -20 3
24.1000 33.9623 -20 3
24.1500 33.9636 -20 3
24.2000 33.9567 -20 3
24.2238 33.9500 -20 3
24.2500 33.9411 -20 3
24.3000 33.9179 -20 3
24.3334 33.9000 -20 3
24.3500 33.8893 -20 3
24.4000 33.8554 -20 3
24.4079 33.8500 -20 3
24.4500 33.8150 -20 3
24.4697 33.8000 -20 3
24.5000 33.7698 -20 3
24.5225 33.7500 -20 3
24.5500 33.7128 -20 3
24.5609 33.7000 -20 3
24.5723 33.6500 -20 3
24.5500 33.6183 -20 3
24.5267 33.6000 -20 3
24.5000 33.5917 -20 3
24.4500 33.5850 -20 3
24.4000 33.5859 -20 3
24.3500 33.5928 -20 3
24.3207 33.6000 -20 3
24.3000 33.6060 -20 3
24.2500 33.6260 -20 3
24.2000 33.6496 -20 3
24.1993 33.6500 -20 3
24.1500 33.6832 -20 3
24.1269 33.7000 -20 3
24.1000 33.7242 -20 3
24.0722 33.7500 -20 3
24.0500 33.7776 -20 3
24.0314 33.8000 -20 3
24.0050 33.8500 -20 3
24.0004 33.9000 -20 3
24.0472 33.9500 -20 3
24.0500 33.9511 -20 3
> Contour Depth = -40
30.5000 39.3218 -40 4
30.5450 39.3000 -40 4
30.5500 39.2975 -40 4
30.6000 39.2692 -40 4
30.6298 39.2500 -40 4
30.6500 39.2366 -40 4
30.6995 39.2000 -40 4
30.7000 39.1997 -40 4
30.7500 39.1578 -40 4
30.7586 39.1500 -40 4
30.8000 39.1111 -40 4
30.8111 39.1000 -40 4
30.8500 39.0596 -40 4
30.8589 39.0500 -40 4
30.9000 39.0039 -40 4
30.9033 39.0000 -40 4
30.9459 38.9500 -40 4
30.9500 38.9451 -40 4
30.9879 38.9000 -40 4
31.0000 38.8858 -40 4
31.0310 38.8500 -40 4
31.0500 38.8288 -40 4
31.0772 38.8000 -40 4
31.1000 38.7772 -40 4
31.1296 38.7500 -40 4
31.1500 38.7328 -40 4
31.1940 38.7000 -40 4
31.2000 38.6960 -40 4
31.2500 38.6674 -40 4
31.2873 38.6500 -40 4
31.3000 38.6447 -40 4
31.3500 38.6279 -40 4
31.4000 38.6147 -40 4
31.4500 38.6043 -40 4
31.4750 38.6000 -40 4
31.5000 38.5961 -40 4
31.5500 38.5893 -40 4
31.6000 38.5828 -40 4
31.6500 38.5762 -40 4
31.7000 38.5691 -40 4
31.7500 38.5610 -40 4
31.8000 38.5516 -40 4
31.8075 38.5500 -40 4
31.8500 38.5410 -40 4
31.9000 38.5286 -40 4
31.9500 38.5139 -40 4
31.9901 38.5000 -40 4
32.0000 38.4967 -40 4
32.0500 38.4770 -40 4
32.1000 38.4540 -40 4
32.1076 38.4500 -40 4
32.1500 38.4281 -40 4
32.1972 38.4000 -40 4
32.2000 38.3984 -40 4
32.2500 38.3655 -40 4
32.2712 38.3500 -40 4
32.3000 38.3292 -40 4
32.3371 38.3000 -40 4
32.3500 38.2899 -40 4
32.3982 38.2500 -40 4
32.4000 38.2485 -40 4
32.4500 38.2064 -40 4
32.4577 38.2000 -40 4
32.5000 38.1651 -40 4
32.5197 38.1500 -40 4
32.5500 38.1268 -40 4
32.5904 38.1000 -40 4
32.6000 38.0936 -40 4
32.6500 38.0692 -40 4
32.7000 38.0559 -40 4
32.7500 38.0581 -40 4
32.8000 38.0804 -40 4
32.8223 38.1000 -40 4
32.8500 38.1294 -40 4
32.8640 38.1500 -40 4
32.8927 38.2000 -40 4
32.9000 38.2148 -40 4
32.9152 38.2500 -40 4
32.9340 38.3000 -40 4
32.9500 38.3478 -40 4
32.9507 38.3500 -40 4
32.9656 38.4000 -40 4
32.9795 38.4500 -40 4
32.9926 38.5000 -40 4
33.0000 38.5299 -40 4
33.0052 38.5500 -40 4
33.0177 38.6000 -40 4
33.0300 38.6500 -40 4
33.0421 38.7000 -40 4
> Contour Depth = -40
22.8210 39.1000 -40 5
22.8424 39.0500 -40 5
22.8500 39.0330 -40 5
22.8644 39.0000 -40 5
22.8865 38.9500 -40 5
22.9000 38.9202 -40 5
22.9089 38.9000 -40 5
22.9311 38.8500 -40 5
22.9500 38.8074 -40 5
22.9532 38.8000 -40 5
22.9746 38.7500 -40 5
22.9958 38.7000 -40 5
23.0000 38.6900 -40 5
23.0161 38.6500 -40 5
23.0359 38.6000 -40 5
23.0500 38.5633 -40 5
23.0550 38.5500 -40 5
23.0731 38.5000 -40 5
23.0907 38.4500 -40 5
23.1000 38.4227 -40 5
23.1076 38.4000 -40 5
23.1238 38.3500 -40 5
23.1395 38.3000 -40 5
23.1500 38.2654 -40 5
23.1547 38.2500 -40 5
23.1695 38.2000 -40 5
23.1841 38.1500 -40 5
23.1986 38.1000 -40 5
23.2000 38.0951 -40 5
23.2133 38.0500 -40 5
23.2284 38.0000 -40 5
23.2441 37.9500 -40 5
23.2500 37.9317 -40 5
23.2609 37.9000 -40 5
23.2791 37.8500 -40 5
23.2988 37.8000 -40 5
23.3000 37.7972 -40 5
23.3214 37.7500 -40 5
23.3464 37.7000 -40 5
23.3500 37.6933 -40 5
23.3757 37.6500 -40 5
23.4000 37.6126 -40 5
23.4093 37.6000 -40 5
23.4492 37.5500 -40 5
23.4500 37.5491 -40 5
23.4990 37.5000 -40 5
23.5000 37.4991 -40 5
23.5500 37.4597 -40 5
23.5649 37.4500 -40 5
23.6000 37.4285 -40 5
23.6500 37.4037 -40 5
23.6589 37.4000 -40 5
23.7000 37.3838 -40 5
23.7500 37.3673 -40 5
23.8000 37.3531 -40 5
23.8119 37.3500 -40 5
23.8500 37.3402 -40 5
23.9000 37.3278 -40 5
23.9500 37.3154 -40 5
24.0000 37.3024 -40 5
24.0085 37.3000 -40 5
24.0500 37.2886 -40 5
24.1000 37.2741 -40 5
24.1500 37.2589 -40 5
24.1785 37.2500 -40 5
24.2000 37.2434 -40 5
24.2500 37.2277 -40 5
24.3000 37.2121 -40 5
24.3394 37.2000 -40 5
24.3500 37.1968 -40 5
24.4000 37.1820 -40 5
24.4500 37.1675 -40 5
24.5000 37.1532 -40 5
24.5112 37.1500 -40 5
24.5500 37.1392 -40 5
24.6000 37.1253 -40 5
24.6500 37.1112 -40 5
24.6885 37.1000 -40 5
24.7000 37.0968 -40 5
24.7500 37.0823 -40 5
24.8000 37.0674 -40 5
24.8500 37.0520 -40 5
24.8564 37.0500 -40 5
24.9000 37.0368 -40 5
24.9500 37.0215 -40 5
25.0000 37.0063 -40 5
25.0213 37.0000 -40 5
25.0500 36.9917 -40 5
25.1000 36.9779 -40 5
25.1500 36.9650 -40 5
25.2000 36.9529 -40 5
25.2139 36.9500 -40 5
25.2500 36.9426 -40 5
25.3000 36.9338 -40 5
25.3500 36.9266 -40 5
25.4000 36.9212 -40 5
25.4500 36.9175 -40 5
25.5000 36.9158 -40 5
25.5500 36.9162 -40 5
25.6000 36.9186 -40 5
25.6500 36.9231 -40 5
25.7000 36.9296 -40 5
25.7500 36.9379 -40 5
25.8000 36.9481 -40 5
25.8086 36.9500 -40 5
25.8500 36.9609 -40 5
25.9000 36.9753 -40 5
25.9500 36.9907 -40 5
25.9797 37.0000 -40 5
26.0000 37.0075 -40 5
26.0500 37.0257 -40 5
26.1000 37.0433 -40 5
26.1207 37.0500 -40 5
26.1500 37.0612 -40 5
26.2000 37.0779 -40 5
26.2500 37.0917 -40 5
26.2917 37.1000 -40 5
26.3000 37.1020 -40 5
26.3500 37.1080 -40 5
26.4000 37.1072 -40 5
26.4397 37.1000 -40 5
26.4500 37.0982 -40 5
26.5000 37.0801 -40 5
26.5488 37.0500 -40 5
26.5500 37.0492 -40 5
26.6000 37.0047 -40 5
26.6041 37.0000 -40 5
26.6450 36.9500 -40 5
26.6500 36.9435 -40 5
26.6785 36.9000 -40 5
26.7000 36.8651 -40 5
26.7085 36.8500 -40 5
26.7366 36.8000 -40 5
26.7500 36.7761 -40 5
26.7648 36.7500 -40 5
26.7949 36.7000 -40 5
26.8000 36.6922 -40 5
26.8308 36.6500 -40 5
26.8500 36.6273 -40 5
26.8782 36.6000 -40 5
26.9000 36.5825 -40 5
26.9500 36.5532 -40 5
26.9582 36.5500 -40 5
27.0000 36.5363 -40 5
27.0500 36.5278 -40 5
27.1000 36.5256 -40 5
27.1500 36.5284 -40 5
27.2000 36.5354 -40 5
27.2500 36.5458 -40 5
27.2653 36.5500 -40 5
27.3000 36.5595 -40 5
27.3500 36.5758 -40 5
27.4000 36.5941 -40 5
27.4142 36.6000 -40 5
27.4500 36.6147 -40 5
27.5000 36.6369 -40 5
27.5277 36.6500 -40 5
27.5500 36.6604 -40 5
27.6000 36.6852 -40 5
27.6287 36.7000 -40 5
27.6500 36.7108 -40 5
27.7000 36.7372 -40 5
27.7236 36.7500 -40 5
27.7500 36.7641 -40 5
27.8000 36.7914 -40 5
27.8155 36.8000 -40 5
27.8500 36.8190 -40 5
27.9000 36.8466 -40 5
27.9060 36.8500 -40 5
27.9500 36.8746 -40 5
27.9956 36.9000 -40 5
28.0000 36.9024 -40 5
28.0500 36.9305 -40 5
28.0850 36.9500 -40 5
28.1000 36.9584 -40 5
28.1500 36.9863 -40 5
28.1746 37.0000 -40 5
28.2000 37.0141 -40 5
28.2500 37.0417 -40 5
28.2654 37.0500 -40 5
28.3000 37.0688 -40 5
28.3500 37.0952 -40 5
28.3594 37.1000 -40 5
28.4000 37.1207 -40 5
28.4500 37.1448 -40 5
28.4616 37.1500 -40 5
28.5000 37.1673 -40 5
28.5500 37.1878 -40 5
28.5835 37.2000 -40 5
28.6000 37.2061 -40 5
28.6500 37.2221 -40 5
28.7000 37.2356 -40 5
28.7500 37.2466 -40 5
28.7699 37.2500 -40 5
28.8000 37.2554 -40 5
28.8500 37.2622 -40 5
28.9000 37.2671 -40 5
28.9500 37.2703 -40 5
29.0000 37.2722 -40 5
29.0500 37.2728 -40 5
29.1000 37.2726 -40 5
29.1500 37.2716 -40 5
29.2000 37.2700 -40 5
29.2500 37.2679 -40 5
29.3000 37.2654 -40 5
29.3500 37.2625 -40 5
29.4000 37.2593 -40 5
29.4500 37.2556 -40 5
29.5000 37.2516 -40 5
29.5177 37.2500 -40 5
29.5500 37.2473 -40 5
29.6000 37.2425 -40 5
29.6500 37.2372 -40 5
29.7000 37.2311 -40 5
29.7500 37.2243 -40 5
29.8000 37.2164 -40 5
29.8500 37.2075 -40 5
29.8873 37.2000 -40 5
29.9000 37.1976 -40 5
29.9500 37.1868 -40 5
30.0000 37.1748 -40 5
30.0500 37.1614 -40 5
30.0884 37.1500 -40 5
30.1000 37.1467 -40 5
30.1500 37.1313 -40 5
30.2000 37.1147 -40 5
30.2411 37.1000 -40 5
30.2500 37.0970 -40 5
30.3000 37.0788 -40 5
30.3500 37.0598 -40 5
30.3750 37.0500 -40 5
30.4000 37.0404 -40 5
30.4500 37.0208 -40 5
30.5000 37.0008 -40 5
30.5019 37.0000 -40 5
30.5500 36.9809 -40 5
30.6000 36.9609 -40 5
30.6275 36.9500 -40 5
30.6500 36.9410 -40 5
30.7000 36.9211 -40 5
30.7500 36.9012 -40 5
30.7532 36.9000 -40 5
30.8000 36.8813 -40 5
30.8500 36.8612 -40 5
30.8781 36.8500 -40 5
30.9000 36.8408 -40 5
30.9500 36.8200 -40 5
30.9973 36.8000 -40 5
31.0000 36.7988 -40 5
31.0500 36.7765 -40 5
31.1000 36.7537 -40 5
31.1082 36.7500 -40 5
31.1500 36.7296 -40 5
31.2000 36.7047 -40 5
31.2095 36.7000 -40 5
31.2500 36.6784 -40 5
31.3000 36.6512 -40 5
31.3023 36.6500 -40 5
31.3500 36.6224 -40 5
31.3884 36.6000 -40 5
31.4000 36.5927 -40 5
31.4500 36.5615 -40 5
31.4685 36.5500 -40 5
31.5000 36.5289 -40 5
31.5429 36.5000 -40 5
31.5500 36.4948 -40 5
31.6000 36.4588 -40 5
31.6122 36.4500 -40 5
31.6500 36.4205 -40 5
31.6764 36.4000 -40 5
31.7000 36.3800 -40 5
31.7356 36.3500 -40 5
31.7500 36.3369 -40 5
31.7906 36.3000 -40 5
31.8000 36.2907 -40 5
31.8417 36.2500 -40 5
31.8500 36.2414 -40 5
31.8899 36.2000 -40 5
31.9000 36.1889 -40 5
31.9357 36.1500 -40 5
31.9500 36.1338 -40 5
31.9801 36.1000 -40 5
32.0000 36.0769 -40 5
32.0237 36.0500 -40 5
32.0500 36.0197 -40 5
32.0676 36.0000 -40 5
32.1000 35.9637 -40 5
32.1128 35.9500 -40 5
32.1500 35.9108 -40 5
32.1609 35.9000 -40 5
32.2000 35.8625 -40 5
32.2143 35.8500 -40 5
32.2500 35.8201 -40 5
32.2772 35.8000 -40 5
32.3000 35.7839 -40 5
32.3500 35.7544 -40 5
32.3597 35.7500 -40 5
32.4000 35.7327 -40 5
32.4500 35.7181 -40 5
32.5000 35.7110 -40 5
32.5500 35.7123 -40 5
32.6000 35.7228 -40 5
32.6500 35.7433 -40 5
32.6622 35.7500 -40 5
32.7000 35.7794 -40 5
32.7227 35.8000 -40 5
32.7500 35.8415 -40 5
32.7560 35.8500 -40 5
32.7746 35.9000 -40 5
32.7811 35.9500 -40 5
32.7819 36.0000 -40 5
32.7813 36.0500 -40 5
32.7821 36.1000 -40 5
32.7864 36.1500 -40 5
32.7956 36.2000 -40 5
32.8000 36.2142 -40 5
32.8154 36.2500 -40 5
32.8460 36.3000 -40 5
32.8500 36.3048 -40 5
32.9000 36.3359 -40 5
32.9500 36.3321 -40 5
32.9835 36.3000 -40 5
33.0000 36.2709 -40 5
33.0067 36.2500 -40 5
33.0136 36.2000 -40 5
33.0139 36.1500 -40 5
33.0097 36.1000 -40 5
33.0033 36.0500 -40 5
33.0000 36.0234 -40 5
32.9956 36.0000 -40 5
32.9903 35.9500 -40 5
32.9938 35.9000 -40 5
33.0000 35.8832 -40 5
33.0107 35.8500 -40 5
33.0500 35.8008 -40 5
33.0507 35.8000 -40 5
33.1000 35.7687 -40 5
33.1500 35.7500 -40 5
33.1502 35.7500 -40 5
33.2000 35.7439 -40 5
33.2500 35.7458 -40 5
33.2728 35.7500 -40 5
33.3000 35.7551 -40 5
33.3500 35.7709 -40 5
33.4000 35.7912 -40 5
33.4176 35.8000 -40 5
33.4500 35.8164 -40 5
33.5000 35.8446 -40 5
33.5087 35.8500 -40 5
33.5500 35.8760 -40 5
33.5870 35.9000 -40 5
33.6000 35.9086 -40 5
33.6500 35.9424 -40 5
33.6612 35.9500 -40 5
33.7000 35.9768 -40 5
33.7343 36.0000 -40 5
33.7500 36.0108 -40 5
33.8000 36.0444 -40 5
33.8086 36.0500 -40 5
33.8500 36.0776 -40 5
33.8849 36.1000 -40 5
33.9000 36.1098 -40 5
33.9500 36.1414 -40 5
33.9640 36.1500 -40 5
34.0000 36.1726 -40 5
34.0450 36.2000 -40 5
34.0500 36.2031 -40 5
34.1000 36.2339 -40 5
34.1261 36.2500 -40 5
34.1500 36.2649 -40 5
34.2000 36.2965 -40 5
34.2054 36.3000 -40 5
34.2500 36.3294 -40 5
34.2802 36.3500 -40 5
34.3000 36.3636 -40 5
34.3500 36.3998 -40 5
34.3502 36.4000 -40 5
34.4000 36.4385 -40 5
34.4139 36.4500 -40 5
> Contour Depth = -40
25.5650 38.5000 -40 6
25.6000 38.4964 -40 6
25.6500 38.4890 -40 6
25.7000 38.4791 -40 6
25.7500 38.4667 -40 6
25.8000 38.4522 -40 6
25.8071 38.4500 -40 6
25.8500 38.4342 -40 6
25.9000 38.4149 -40 6
25.9380 38.4000 -40 6
25.9500 38.3946 -40 6
26.0000 38.3729 -40 6
26.0500 38.3524 -40 6
26.0564 38.3500 -40 6
26.1000 38.3316 -40 6
26.1500 38.3129 -40 6
26.1895 38.3000 -40 6
26.2000 38.2962 -40 6
26.2500 38.2808 -40 6
26.3000 38.2681 -40 6
26.3500 38.2579 -40 6
26.4000 38.2501 -40 6
26.4009 38.2500 -40 6
26.4500 38.2438 -40 6
26.5000 38.2396 -40 6
26.5500 38.2373 -40 6
26.6000 38.2366 -40 6
26.6500 38.2372 -40 6
26.7000 38.2388 -40 6
26.7500 38.2412 -40 6
> Contour Depth = -60
23.5685 38.8500 -60 7
23.5689 38.8000 -60 7
23.5727 38.7500 -60 7
23.5795 38.7000 -60 7
23.5890 38.6500 -60 7
23.6000 38.6043 -60 7
23.6012 38.6000 -60 7
23.6179 38.5500 -60 7
23.6369 38.5000 -60 7
23.6500 38.4693 -60 7
23.6596 38.4500 -60 7
23.6870 38.4000 -60 7
23.7000 38.3783 -60 7
23.7201 38.3500 -60 7
23.7500 38.3108 -60 7
23.7600 38.3000 -60 7
23.8000 38.2598 -60 7
23.8123 38.2500 -60 7
23.8500 38.2217 -60 7
23.8881 38.2000 -60 7
23.9000 38.1935 -60 7
23.9500 38.1754 -60 7
24.0000 38.1656 -60 7
24.0500 38.1655 -60 7
24.1000 38.1775 -60 7
24.1390 38.2000 -60 7
24.1500 38.2092 -60 7
24.1790 38.2500 -60 7
> Contour Depth = -60
30.2500 38.2178 -60 8
30.3000 38.2320 -60 8
30.3500 38.2396 -60 8
30.4000 38.2412 -60 8
30.4500 38.2375 -60 8
30.5000 38.2291 -60 8
30.5500 38.2167 -60 8
30.6000 38.2011 -60 8
30.6027 38.2000 -60 8
30.6500 38.1817 -60 8
30.7000 38.1604 -60 8
30.7227 38.1500 -60 8
30.7500 38.1374 -60 8
30.8000 38.1135 -60 8
30.8284 38.1000 -60 8
30.8500 38.0896 -60 8
30.9000 38.0660 -60 8
30.9361 38.0500 -60 8
30.9500 38.0437 -60 8
31.0000 38.0221 -60 8
31.0500 38.0028 -60 8
31.0579 38.0000 -60 8
31.1000 37.9839 -60 8
31.1500 37.9667 -60 8
31.2000 37.9511 -60 8
31.2037 37.9500 -60 8
31.2500 37.9348 -60 8
31.3000 37.9193 -60 8
31.3500 37.9043 -60 8
31.3646 37.9000 -60 8
31.4000 37.8879 -60 8
31.4500 37.8710 -60 8
31.5000 37.8543 -60 8
31.5127 37.8500 -60 8
31.5500 37.8354 -60 8
31.6000 37.8163 -60 8
31.6438 37.8000 -60 8
31.6500 37.7973 -60 8
31.7000 37.7761 -60 8
31.7500 37.7561 -60 8
31.7659 37.7500 -60 8
31.8000 37.7346 -60 8
31.8500 37.7131 -60 8
31.8812 37.7000 -60 8
31.9000 37.6907 -60 8
31.9500 37.6663 -60 8
31.9829 37.6500 -60 8
32.0000 37.6400 -60 8
32.0500 37.6098 -60 8
32.0653 37.6000 -60 8
32.1000 37.5736 -60 8
32.1292 37.5500 -60 8
32.1500 37.5295 -60 8
32.1777 37.5000 -60 8
32.2000 37.4696 -60 8
32.2132 37.4500 -60 8
32.2358 37.4000 -60 8
32.2457 37.3500 -60 8
32.2381 37.3000 -60 8
32.2059 37.2500 -60 8
32.2000 37.2450 -60 8
32.1500 37.2178 -60 8
32.1000 37.2044 -60 8
32.0500 37.2004 -60 8
32.0000 37.2024 -60 8
31.9500 37.2082 -60 8
31.9000 37.2160 -60 8
31.8500 37.2246 -60 8
31.8000 37.2332 -60 8
31.7500 37.2410 -60 8
31.7000 37.2478 -60 8
31.6813 37.2500 -60 8
31.6500 37.2540 -60 8
31.6000 37.2590 -60 8
31.5500 37.2626 -60 8
31.5000 37.2650 -60 8
31.4500 37.2664 -60 8
31.4000 37.2672 -60 8
31.3500 37.2677 -60 8
31.3000 37.2682 -60 8
31.2500 37.2689 -60 8
31.2000 37.2702 -60 8
31.1500 37.2722 -60 8
31.1000 37.2752 -60 8
31.0500 37.2794 -60 8
31.0000 37.2848 -60 8
30.9500 37.2916 -60 8
30.9000 37.2998 -60 8
30.8990 37.3000 -60 8
30.8500 37.3110 -60 8
30.8000 37.3237 -60 8
30.7500 37.3379 -60 8
30.7115 37.3500 -60 8
30.7000 37.3541 -60 8
30.6500 37.3735 -60 8
30.6000 37.3941 -60 8
30.5865 37.4000 -60 8
30.5500 37.4180 -60 8
30.5000 37.4435 -60 8
30.4877 37.4500 -60 8
30.4500 37.4727 -60 8
30.4046 37.5000 -60 8
30.4000 37.5032 -60 8
30.3500 37.5382 -60 8
30.3331 37.5500 -60 8
30.3000 37.5766 -60 8
30.2704 37.6000 -60 8
30.2500 37.6189 -60 8
30.2157 37.6500 -60 8
30.2000 37.6670 -60 8
30.1686 37.7000 -60 8
30.1500 37.7240 -60 8
30.1291 37.7500 -60 8
30.1000 37.7958 -60 8
30.0973 37.8000 -60 8
30.0735 37.8500 -60 8
30.0579 37.9000 -60 8
30.0511 37.9500 -60 8
30.0539 38.0000 -60 8
30.0674 38.0500 -60 8
30.0932 38.1000 -60 8
30.1000 38.1090 -60 8
30.1362 38.1500 -60 8
30.1500 38.1617 -60 8
30.2000 38.1958 -60 8
30.2081 38.2000 -60 8
30.2500 38.2178 -60 8
