> Contour Depth = 20
75.3102 33.7500 20 1
75.3456 33.7000 20 1
75.3500 33.6940 20 1
75.3802 33.6500 20 1
75.4000 33.6225 20 1
75.4162 33.6000 20 1
75.4500 33.5556 20 1
75.4545 33.5500 20 1
75.4970 33.5000 20 1
75.5000 33.4966 20 1
75.5462 33.4500 20 1
75.5500 33.4463 20 1
75.6000 33.4045 20 1
75.6063 33.4000 20 1
75.6500 33.3701 20 1
75.6852 33.3500 20 1
75.7000 33.3417 20 1
75.7500 33.3178 20 1
75.7921 33.3000 20 1
75.8000 33.2967 20 1
75.8500 33.2772 20 1
75.9000 33.2582 20 1
75.9211 33.2500 20 1
75.9500 33.2388 20 1
76.0000 33.2183 20 1
76.0412 33.2000 20 1
76.0500 33.1961 20 1
76.1000 33.1719 20 1
76.1419 33.1500 20 1
76.1500 33.1457 20 1
76.2000 33.1174 20 1
76.2286 33.1000 20 1
76.2500 33.0866 20 1
76.3000 33.0526 20 1
76.3035 33.0500 20 1
76.3500 33.0135 20 1
76.3654 33.0000 20 1
76.4000 32.9673 20 1
76.4163 32.9500 20 1
76.4500 32.9113 20 1
76.4589 32.9000 20 1
76.4959 32.8500 20 1
76.5000 32.8443 20 1
76.5302 32.8000 20 1
76.5500 32.7713 20 1
76.5646 32.7500 20 1
76.6000 32.7009 20 1
76.6007 32.7000 20 1
76.6398 32.6500 20 1
76.6500 32.6377 20 1
76.6828 32.6000 20 1
76.7000 32.5810 20 1
76.7287 32.5500 20 1
76.7500 32.5273 20 1
76.7747 32.5000 20 1
76.8000 32.4710 20 1
76.8167 32.4500 20 1
76.8500 32.4041 20 1
76.8526 32.4000 20 1
76.8805 32.3500 20 1
76.9000 32.3097 20 1
76.9041 32.3000 20 1
76.9229 32.2500 20 1
76.9402 32.2000 20 1
76.9500 32.1705 20 1
76.9565 32.1500 20 1
76.9726 32.1000 20 1
76.9905 32.0500 20 1
77.0000 32.0261 20 1
77.0108 32.0000 20 1
77.0352 31.9500 20 1
77.0500 31.9243 20 1
77.0655 31.9000 20 1
77.1000 31.8543 20 1
77.1037 31.8500 20 1
77.1500 31.8013 20 1
77.1513 31.8000 20 1
77.2000 31.7567 20 1
77.2081 31.7500 20 1
77.2500 31.7160 20 1
77.2702 31.7000 20 1
77.3000 31.6763 20 1
77.3327 31.6500 20 1
77.3500 31.6360 20 1
77.3934 31.6000 20 1
77.4000 31.5945 20 1
77.4500 31.5522 20 1
77.4525 31.5500 20 1
77.5000 31.5100 20 1
77.5121 31.5000 20 1
77.5500 31.4690 20 1
77.5738 31.4500 20 1
77.6000 31.4293 20 1
77.6381 31.4000 20 1
77.6500 31.3909 20 1
77.7000 31.3533 20 1
77.7044 31.3500 20 1
77.7500 31.3156 20 1
77.7706 31.3000 20 1
77.8000 31.2775 20 1
77.8358 31.2500 20 1
77.8500 31.2390 20 1
77.9000 31.2012 20 1
77.9016 31.2000 20 1
77.9500 31.1654 20 1
77.9729 31.1500 20 1
78.0000 31.1323 20 1
78.0500 31.1029 20 1
78.0555 31.1000 20 1
78.1000 31.0775 20 1
78.1500 31.0556 20 1
78.1648 31.0500 20 1
78.2000 31.0366 20 1
78.2500 31.0192 20 1
78.3000 31.0016 20 1
78.3042 31.0000 20 1
78.3500 30.9825 20 1
78.4000 30.9604 20 1
78.4200 30.9500 20 1
78.4500 30.9340 20 1
78.5000 30.9028 20 1
78.5040 30.9000 20 1
78.5500 30.8675 20 1
78.5730 30.8500 20 1
78.6000 30.8300 20 1
78.6397 30.8000 20 1
78.6500 30.7925 20 1
78.7000 30.7567 20 1
78.7097 30.7500 20 1
78.7500 30.7228 20 1
78.7852 30.7000 20 1
78.8000 30.6905 20 1
78.8500 30.6591 20 1
78.8645 30.6500 20 1
78.9000 30.6274 20 1
78.9420 30.6000 20 1
78.9500 30.5947 20 1
79.0000 30.5599 20 1
79.0135 30.5500 20 1
79.0500 30.5229 20 1
79.0798 30.5000 20 1
79.1000 30.4844 20 1
79.1444 30.4500 20 1
79.1500 30.4457 20 1
79.2000 30.4082 20 1
79.2116 30.4000 20 1
79.2500 30.3736 20 1
79.2877 30.3500 20 1
79.3000 30.3426 20 1
79.3500 30.3160 20 1
79.3852 30.3000 20 1
79.4000 30.2935 20 1
79.4500 30.2749 20 1
79.5000 30.2590 20 1
79.5322 30.2500 20 1
79.5500 30.2451 20 1
79.6000 30.2321 20 1
79.6500 30.2193 20 1
79.7000 30.2059 20 1
79.7198 30.2000 20 1
79.7500 30.1909 20 1
79.8000 30.1738 20 1
79.8500 30.1542 20 1
79.8596 30.1500 20 1
79.9000 30.1322 20 1
79.9500 30.1085 20 1
79.9673 30.1000 20 1
80.0000 30.0840 20 1
80.0500 30.0594 20 1
80.0696 30.0500 20 1
80.1000 30.0358 20 1
80.1500 30.0138 20 1
80.1844 30.0000 20 1
80.2000 29.9939 20 1
80.2500 29.9764 20 1
80.3000 29.9608 20 1
80.3375 29.9500 20 1
80.3500 29.9465 20 1
80.4000 29.9333 20 1
80.4500 29.9205 20 1
80.5000 29.9077 20 1
80.5290 29.9000 20 1
80.5500 29.8944 20 1
80.6000 29.8804 20 1
80.6500 29.8654 20 1
80.6978 29.8500 20 1
80.7000 29.8493 20 1
80.7500 29.8323 20 1
80.8000 29.8147 20 1
80.8413 29.8000 20 1
80.8500 29.7968 20 1
80.9000 29.7786 20 1
80.9500 29.7607 20 1
80.9808 29.7500 20 1
81.0000 29.7431 20 1
81.0500 29.7260 20 1
81.1000 29.7098 20 1
81.1321 29.7000 20 1
81.1500 29.6944 20 1
81.2000 29.6798 20 1
81.2500 29.6665 20 1
81.3000 29.6543 20 1
81.3195 29.6500 20 1
81.3500 29.6432 20 1
81.4000 29.6334 20 1
81.4500 29.6248 20 1
81.5000 29.6171 20 1
81.5500 29.6099 20 1
81.6000 29.6026 20 1
81.6162 29.6000 20 1
81.6500 29.5941 20 1
81.7000 29.5839 20 1
81.7500 29.5713 20 1
81.8000 29.5560 20 1
81.8165 29.5500 20 1
81.8500 29.5364 20 1
81.9000 29.5131 20 1
81.9255 29.5000 20 1
81.9500 29.4865 20 1
82.0000 29.4573 20 1
82.0120 29.4500 20 1
82.0500 29.4263 20 1
82.0915 29.4000 20 1
82.1000 29.3947 20 1
82.1500 29.3621 20 1
82.1677 29.3500 20 1
82.2000 29.3286 20 1
82.2408 29.3000 20 1
82.2500 29.2938 20 1
82.3000 29.2572 20 1
82.3092 29.2500 20 1
82.3500 29.2190 20 1
82.3742 29.2000 20 1
82.4000 29.1801 20 1
82.4381 29.1500 20 1
82.4500 29.1407 20 1
82.5000 29.1010 20 1
82.5012 29.1000 20 1
82.5500 29.0604 20 1
82.5627 29.0500 20 1
82.6000 29.0191 20 1
82.6227 29.0000 20 1
82.6500 28.9770 20 1
82.6813 28.9500 20 1
82.7000 28.9341 20 1
82.7395 28.9000 20 1
82.7500 28.8912 20 1
82.7992 28.8500 20 1
82.8000 28.8494 20 1
82.8500 28.8099 20 1
82.8632 28.8000 20 1
82.9000 28.7735 20 1
82.9352 28.7500 20 1
82.9500 28.7404 20 1
83.0000 28.7108 20 1
83.0202 28.7000 20 1
83.0500 28.6843 20 1
83.1000 28.6606 20 1
83.1247 28.6500 20 1
83.1500 28.6390 20 1
83.2000 28.6187 20 1
83.2477 28.6000 20 1
83.2500 28.5991 20 1
83.3000 28.5793 20 1
83.3500 28.5593 20 1
83.3728 28.5500 20 1
83.4000 28.5387 20 1
83.4500 28.5179 20 1
83.4926 28.5000 20 1
83.5000 28.4970 20 1
83.5500 28.4772 20 1
83.6000 28.4583 20 1
83.6234 28.4500 20 1
83.6500 28.4411 20 1
83.7000 28.4256 20 1
83.7500 28.4111 20 1
83.7905 28.4000 20 1
83.8000 28.3976 20 1
83.8500 28.3852 20 1
83.9000 28.3729 20 1
83.9500 28.3604 20 1
83.9891 28.3500 20 1
84.0000 28.3472 20 1
84.0500 28.3335 20 1
84.1000 28.3186 20 1
84.1500 28.3021 20 1
84.1561 28.3000 20 1
84.2000 28.2850 20 1
84.2500 28.2669 20 1
84.2954 28.2500 20 1
84.3000 28.2483 20 1
84.3500 28.2307 20 1
84.4000 28.2141 20 1
84.4475 28.2000 20 1
84.4500 28.1993 20 1
84.5000 28.1866 20 1
84.5500 28.1759 20 1
84.6000 28.1668 20 1
84.6500 28.1593 20 1
84.7000 28.1530 20 1
84.7284 28.1500 20 1
84.7500 28.1477 20 1
84.8000 28.1431 20 1
84.8500 28.1389 20 1
84.9000 28.1350 20 1
84.9500 28.1310 20 1
85.0000 28.1268 20 1
85.0500 28.1222 20 1
85.1000 28.1170 20 1
85.1500 28.1110 20 1
85.2000 28.1042 20 1
85.2263 28.1000 20 1
85.2500 28.0962 20 1
85.3000 28.0869 20 1
85.3500 28.0762 20 1
85.4000 28.0638 20 1
85.4477 28.0500 20 1
85.4500 28.0493 20 1
85.5000 28.0327 20 1
85.5500 28.0136 20 1
85.5811 28.0000 20 1
85.6000 27.9919 20 1
85.6500 27.9684 20 1
85.6862 27.9500 20 1
85.7000 27.9433 20 1
85.7500 27.9180 20 1
85.7850 27.9000 20 1
85.8000 27.8928 20 1
85.8500 27.8685 20 1
85.8882 27.8500 20 1
85.9000 27.8446 20 1
85.9500 27.8217 20 1
85.9973 27.8000 20 1
86.0000 27.7988 20 1
86.0500 27.7761 20 1
86.1000 27.7526 20 1
86.1055 27.7500 20 1
86.1500 27.7286 20 1
86.2000 27.7036 20 1
86.2072 27.7000 20 1
86.2500 27.6781 20 1
86.3000 27.6524 20 1
86.3050 27.6500 20 1
86.3500 27.6277 20 1
86.4000 27.6050 20 1
86.4130 27.6000 20 1
86.4500 27.5855 20 1
86.5000 27.5697 20 1
86.5500 27.5572 20 1
86.5884 27.5500 20 1
86.6000 27.5479 20 1
86.6500 27.5411 20 1
86.7000 27.5363 20 1
86.7500 27.5326 20 1
86.8000 27.5295 20 1
86.8500 27.5265 20 1
86.9000 27.5234 20 1
86.9500 27.5199 20 1
87.0000 27.5161 20 1
87.0500 27.5121 20 1
87.1000 27.5076 20 1
87.1500 27.5026 20 1
87.1728 27.5000 20 1
87.2000 27.4970 20 1
87.2500 27.4909 20 1
87.3000 27.4840 20 1
87.3500 27.4765 20 1
87.4000 27.4687 20 1
87.4500 27.4609 20 1
87.5000 27.4535 20 1
87.5276 27.4500 20 1
87.5500 27.4473 20 1
87.6000 27.4428 20 1
87.6500 27.4404 20 1
87.7000 27.4400 20 1
87.7500 27.4414 20 1
87.8000 27.4437 20 1
87.8500 27.4463 20 1
87.9000 27.4484 20 1
87.9500 27.4493 20 1
88.0000 27.4483 20 1
88.0500 27.4446 20 1
88.1000 27.4380 20 1
88.1500 27.4284 20 1
88.2000 27.4168 20 1
88.2500 27.4040 20 1
88.2664 27.4000 20 1
88.3000 27.3926 20 1
88.3500 27.3838 20 1
88.4000 27.3786 20 1
88.4500 27.3786 20 1
88.5000 27.3845 20 1
88.5500 27.3960 20 1
88.5623 27.4000 20 1
88.6000 27.4133 20 1
88.6500 27.4331 20 1
88.6919 27.4500 20 1
88.7000 27.4533 20 1
88.7500 27.4730 20 1
88.8000 27.4899 20 1
88.8351 27.5000 20 1
88.8500 27.5041 20 1
88.9000 27.5157 20 1
88.9500 27.5247 20 1
89.0000 27.5318 20 1
89.0500 27.5370 20 1
89.1000 27.5405 20 1
89.1500 27.5421 20 1
89.2000 27.5416 20 1
89.2500 27.5386 20 1
89.3000 27.5329 20 1
89.3500 27.5244 20 1
89.4000 27.5138 20 1
89.4500 27.5019 20 1
89.4578 27.5000 20 1
89.5000 27.4904 20 1
89.5500 27.4803 20 1
89.6000 27.4725 20 1
89.6500 27.4683 20 1
89.7000 27.4684 20 1
89.7500 27.4734 20 1
89.8000 27.4830 20 1
89.8500 27.4963 20 1
89.8617 27.5000 20 1
89.9000 27.5125 20 1
89.9500 27.5300 20 1
90.0000 27.5473 20 1
90.0082 27.5500 20 1
90.0500 27.5638 20 1
90.1000 27.5781 20 1
90.1500 27.5893 20 1
90.2000 27.5974 20 1
90.2247 27.6000 20 1
90.2500 27.6027 20 1
90.3000 27.6055 20 1
90.3500 27.6063 20 1
90.4000 27.6054 20 1
90.4500 27.6033 20 1
90.5000 27.6001 20 1
90.5010 27.6000 20 1
90.5500 27.5961 20 1
90.6000 27.5914 20 1
90.6500 27.5862 20 1
90.7000 27.5804 20 1
90.7500 27.5742 20 1
90.8000 27.5676 20 1
90.8500 27.5609 20 1
90.9000 27.5543 20 1
90.9355 27.5500 20 1
90.9500 27.5482 20 1
91.0000 27.5430 20 1
91.0500 27.5387 20 1
91.1000 27.5356 20 1
91.1500 27.5334 20 1
91.2000 27.5324 20 1
91.2500 27.5323 20 1
91.3000 27.5333 20 1
91.3500 27.5351 20 1
91.4000 27.5377 20 1
91.4500 27.5412 20 1
91.5000 27.5455 20 1
91.5442 27.5500 20 1
91.5500 27.5506 20 1
91.6000 27.5567 20 1
91.6500 27.5637 20 1
91.7000 27.5714 20 1
91.7500 27.5798 20 1
91.8000 27.5888 20 1
91.8500 27.5982 20 1
91.8595 27.6000 20 1
91.9000 27.6078 20 1
91.9500 27.6172 20 1
