> Contour Depth = -120
136.6500 30.9576 -120 1
136.7000 30.9822 -120 1
136.7500 30.9905 -120 1
136.8000 30.9903 -120 1
136.8500 30.9854 -120 1
136.9000 30.9772 -120 1
136.9500 30.9662 -120 1
137.0000 30.9524 -120 1
137.0067 30.9500 -120 1
137.0500 30.9325 -120 1
137.1000 30.9067 -120 1
137.1103 30.9000 -120 1
137.1500 30.8673 -120 1
137.1664 30.8500 -120 1
137.2000 30.8004 -120 1
137.2002 30.8000 -120 1
137.2176 30.7500 -120 1
137.2256 30.7000 -120 1
137.2259 30.6500 -120 1
137.2197 30.6000 -120 1
137.2083 30.5500 -120 1
137.2000 30.5240 -120 1
137.1910 30.5000 -120 1
137.1681 30.4500 -120 1
137.1500 30.4152 -120 1
137.1399 30.4000 -120 1
137.1043 30.3500 -120 1
137.1000 30.3441 -120 1
137.0554 30.3000 -120 1
137.0500 30.2945 -120 1
137.0000 30.2617 -120 1
136.9672 30.2500 -120 1
136.9500 30.2434 -120 1
136.9000 30.2376 -120 1
136.8500 30.2429 -120 1
136.8261 30.2500 -120 1
136.8000 30.2576 -120 1
136.7500 30.2808 -120 1
136.7197 30.3000 -120 1
136.7000 30.3136 -120 1
136.6582 30.3500 -120 1
136.6500 30.3584 -120 1
136.6162 30.4000 -120 1
136.6000 30.4258 -120 1
136.5867 30.4500 -120 1
136.5668 30.5000 -120 1
136.5541 30.5500 -120 1
136.5500 30.5805 -120 1
136.5475 30.6000 -120 1
136.5457 30.6500 -120 1
136.5482 30.7000 -120 1
136.5500 30.7142 -120 1
136.5547 30.7500 -120 1
136.5652 30.8000 -120 1
136.5804 30.8500 -120 1
136.6000 30.8954 -120 1
136.6025 30.9000 -120 1
136.6414 30.9500 -120 1
136.6500 30.9576 -120 1
> Contour Depth = -120
137.7000 28.5389 -120 2
137.7345 28.5500 -120 2
137.7500 28.5546 -120 2
137.8000 28.5673 -120 2
137.8500 28.5772 -120 2
137.9000 28.5832 -120 2
137.9500 28.5843 -120 2
138.0000 28.5792 -120 2
138.0500 28.5665 -120 2
138.0889 28.5500 -120 2
138.1000 28.5438 -120 2
138.1500 28.5033 -120 2
138.1531 28.5000 -120 2
138.1865 28.4500 -120 2
138.2000 28.4185 -120 2
138.2066 28.4000 -120 2
138.2175 28.3500 -120 2
138.2233 28.3000 -120 2
138.2262 28.2500 -120 2
138.2275 28.2000 -120 2
138.2286 28.1500 -120 2
138.2304 28.1000 -120 2
> Contour Depth = -140
134.7500 34.0140 -140 3
134.7741 34.0500 -140 3
134.8000 34.0851 -140 3
134.8106 34.1000 -140 3
134.8495 34.1500 -140 3
134.8500 34.1506 -140 3
134.8912 34.2000 -140 3
134.9000 34.2100 -140 3
134.9367 34.2500 -140 3
134.9500 34.2639 -140 3
134.9872 34.3000 -140 3
135.0000 34.3121 -140 3
135.0449 34.3500 -140 3
135.0500 34.3543 -140 3
135.1000 34.3905 -140 3
135.1159 34.4000 -140 3
135.1500 34.4209 -140 3
135.2000 34.4452 -140 3
135.2135 34.4500 -140 3
135.2500 34.4638 -140 3
135.3000 34.4767 -140 3
135.3500 34.4842 -140 3
135.4000 34.4863 -140 3
135.4500 34.4835 -140 3
135.5000 34.4760 -140 3
135.5500 34.4644 -140 3
135.5983 34.4500 -140 3
135.6000 34.4494 -140 3
135.6500 34.4297 -140 3
135.7000 34.4073 -140 3
135.7165 34.4000 -140 3
135.7500 34.3798 -140 3
135.7968 34.3500 -140 3
135.8000 34.3471 -140 3
135.8500 34.3022 -140 3
135.8525 34.3000 -140 3
135.8926 34.2500 -140 3
135.9000 34.2386 -140 3
135.9271 34.2000 -140 3
135.9500 34.1683 -140 3
135.9645 34.1500 -140 3
136.0000 34.1141 -140 3
136.0150 34.1000 -140 3
136.0500 34.0748 -140 3
136.0851 34.0500 -140 3
136.1000 34.0415 -140 3
136.1500 34.0112 -140 3
136.1661 34.0000 -140 3
136.2000 33.9792 -140 3
136.2390 33.9500 -140 3
136.2500 33.9421 -140 3
136.2972 33.9000 -140 3
136.3000 33.8973 -140 3
136.3419 33.8500 -140 3
136.3500 33.8395 -140 3
136.3764 33.8000 -140 3
136.4000 33.7565 -140 3
136.4032 33.7500 -140 3
136.4223 33.7000 -140 3
136.4356 33.6500 -140 3
136.4436 33.6000 -140 3
136.4474 33.5500 -140 3
136.4482 33.5000 -140 3
136.4478 33.4500 -140 3
136.4481 33.4000 -140 3
136.4500 33.3665 -140 3
136.4510 33.3500 -140 3
136.4584 33.3000 -140 3
136.4710 33.2500 -140 3
136.4880 33.2000 -140 3
136.5000 33.1696 -140 3
136.5075 33.1500 -140 3
136.5270 33.1000 -140 3
136.5436 33.0500 -140 3
136.5500 33.0249 -140 3
136.5558 33.0000 -140 3
136.5632 32.9500 -140 3
136.5659 32.9000 -140 3
136.5640 32.8500 -140 3
136.5578 32.8000 -140 3
136.5500 32.7609 -140 3
136.5479 32.7500 -140 3
136.5347 32.7000 -140 3
136.5181 32.6500 -140 3
136.5000 32.6049 -140 3
136.4981 32.6000 -140 3
136.4754 32.5500 -140 3
136.4500 32.5030 -140 3
136.4484 32.5000 -140 3
136.4170 32.4500 -140 3
136.4000 32.4266 -140 3
136.3766 32.4000 -140 3
136.3500 32.3742 -140 3
136.3112 32.3500 -140 3
136.3000 32.3440 -140 3
136.2500 32.3272 -140 3
136.2000 32.3181 -140 3
136.1500 32.3118 -140 3
136.1000 32.3059 -140 3
136.0536 32.3000 -140 3
136.0500 32.2995 -140 3
136.0000 32.2913 -140 3
135.9500 32.2819 -140 3
135.9000 32.2711 -140 3
135.8500 32.2590 -140 3
135.8159 32.2500 -140 3
> Contour Depth = -140
136.0000 31.7945 -140 4
136.0060 31.8000 -140 4
136.0500 31.8374 -140 4
136.0626 31.8500 -140 4
136.1000 31.8853 -140 4
136.1138 31.9000 -140 4
136.1500 31.9372 -140 4
136.1618 31.9500 -140 4
136.2000 31.9917 -140 4
136.2080 32.0000 -140 4
136.2500 32.0461 -140 4
136.2544 32.0500 -140 4
136.3000 32.0964 -140 4
136.3055 32.1000 -140 4
136.3500 32.1368 -140 4
136.3867 32.1500 -140 4
136.4000 32.1567 -140 4
136.4500 32.1598 -140 4
136.4838 32.1500 -140 4
136.5000 32.1467 -140 4
136.5500 32.1228 -140 4
136.5777 32.1000 -140 4
136.6000 32.0828 -140 4
136.6287 32.0500 -140 4
136.6500 32.0238 -140 4
136.6649 32.0000 -140 4
136.6924 31.9500 -140 4
136.7000 31.9343 -140 4
136.7147 31.9000 -140 4
136.7334 31.8500 -140 4
136.7495 31.8000 -140 4
136.7500 31.7983 -140 4
136.7656 31.7500 -140 4
136.7813 31.7000 -140 4
136.7976 31.6500 -140 4
136.8000 31.6432 -140 4
136.8176 31.6000 -140 4
136.8409 31.5500 -140 4
136.8500 31.5332 -140 4
136.8718 31.5000 -140 4
136.9000 31.4636 -140 4
136.9133 31.4500 -140 4
136.9500 31.4176 -140 4
136.9762 31.4000 -140 4
137.0000 31.3857 -140 4
137.0500 31.3629 -140 4
137.0871 31.3500 -140 4
137.1000 31.3458 -140 4
137.1500 31.3330 -140 4
137.2000 31.3222 -140 4
137.2500 31.3120 -140 4
137.3000 31.3012 -140 4
137.3048 31.3000 -140 4
137.3500 31.2885 -140 4
137.4000 31.2722 -140 4
137.4500 31.2506 -140 4
137.4511 31.2500 -140 4
137.5000 31.2210 -140 4
137.5277 31.2000 -140 4
137.5500 31.1799 -140 4
137.5778 31.1500 -140 4
137.6000 31.1200 -140 4
137.6132 31.1000 -140 4
137.6384 31.0500 -140 4
137.6500 31.0178 -140 4
137.6562 31.0000 -140 4
137.6679 30.9500 -140 4
137.6743 30.9000 -140 4
137.6761 30.8500 -140 4
137.6739 30.8000 -140 4
137.6680 30.7500 -140 4
137.6590 30.7000 -140 4
137.6500 30.6623 -140 4
137.6473 30.6500 -140 4
137.6344 30.6000 -140 4
137.6197 30.5500 -140 4
137.6038 30.5000 -140 4
137.6000 30.4881 -140 4
137.5887 30.4500 -140 4
137.5741 30.4000 -140 4
137.5605 30.3500 -140 4
137.5500 30.3060 -140 4
137.5487 30.3000 -140 4
137.5400 30.2500 -140 4
137.5340 30.2000 -140 4
137.5309 30.1500 -140 4
137.5308 30.1000 -140 4
137.5335 30.0500 -140 4
137.5383 30.0000 -140 4
137.5448 29.9500 -140 4
137.5500 29.9133 -140 4
137.5522 29.9000 -140 4
137.5598 29.8500 -140 4
137.5661 29.8000 -140 4
137.5697 29.7500 -140 4
137.5689 29.7000 -140 4
137.5618 29.6500 -140 4
137.5500 29.6120 -140 4
137.5462 29.6000 -140 4
137.5209 29.5500 -140 4
137.5000 29.5214 -140 4
137.4841 29.5000 -140 4
137.4500 29.4633 -140 4
137.4376 29.4500 -140 4
137.4000 29.4140 -140 4
137.3856 29.4000 -140 4
137.3500 29.3660 -140 4
137.3336 29.3500 -140 4
137.3000 29.3142 -140 4
137.2870 29.3000 -140 4
137.2500 29.2511 -140 4
137.2492 29.2500 -140 4
137.2233 29.2000 -140 4
137.2103 29.1500 -140 4
137.2134 29.1000 -140 4
> Contour Depth = -140
137.2500 29.0374 -140 5
137.2984 29.0000 -140 5
137.3000 28.9992 -140 5
137.3500 28.9799 -140 5
137.4000 28.9674 -140 5
137.4500 28.9600 -140 5
137.5000 28.9566 -140 5
137.5500 28.9561 -140 5
137.6000 28.9577 -140 5
137.6500 28.9608 -140 5
137.7000 28.9646 -140 5
137.7500 28.9689 -140 5
137.8000 28.9730 -140 5
137.8500 28.9766 -140 5
137.9000 28.9794 -140 5
137.9500 28.9812 -140 5
138.0000 28.9817 -140 5
138.0500 28.9806 -140 5
138.1000 28.9777 -140 5
138.1500 28.9727 -140 5
138.2000 28.9650 -140 5
138.2500 28.9541 -140 5
138.2645 28.9500 -140 5
138.3000 28.9404 -140 5
138.3500 28.9226 -140 5
138.3979 28.9000 -140 5
138.4000 28.8990 -140 5
138.4500 28.8697 -140 5
138.4767 28.8500 -140 5
138.5000 28.8314 -140 5
138.5328 28.8000 -140 5
138.5500 28.7813 -140 5
138.5752 28.7500 -140 5
138.6000 28.7135 -140 5
138.6083 28.7000 -140 5
138.6345 28.6500 -140 5
138.6500 28.6139 -140 5
138.6556 28.6000 -140 5
138.6724 28.5500 -140 5
138.6859 28.5000 -140 5
138.6967 28.4500 -140 5
138.7000 28.4309 -140 5
138.7053 28.4000 -140 5
138.7122 28.3500 -140 5
138.7178 28.3000 -140 5
138.7226 28.2500 -140 5
138.7270 28.2000 -140 5
138.7310 28.1500 -140 5
138.7348 28.1000 -140 5
138.7381 28.0500 -140 5
138.7406 28.0000 -140 5
138.7417 27.9500 -140 5
138.7406 27.9000 -140 5
138.7368 27.8500 -140 5
138.7295 27.8000 -140 5
138.7183 27.7500 -140 5
138.7027 27.7000 -140 5
138.7000 27.6935 -140 5
> Contour Depth = -140
141.7326 22.5500 -140 6
141.7469 22.6000 -140 6
141.7500 22.6056 -140 6
141.7780 22.6500 -140 6
141.8000 22.6723 -140 6
141.8318 22.7000 -140 6
141.8500 22.7114 -140 6
141.9000 22.7372 -140 6
141.9313 22.7500 -140 6
141.9500 22.7562 -140 6
142.0000 22.7688 -140 6
142.0500 22.7785 -140 6
142.1000 22.7862 -140 6
142.1500 22.7928 -140 6
142.2000 22.7996 -140 6
142.2025 22.8000 -140 6
142.2500 22.8070 -140 6
142.3000 22.8174 -140 6
142.3500 22.8321 -140 6
142.3939 22.8500 -140 6
142.4000 22.8525 -140 6
142.4500 22.8779 -140 6
142.4844 22.9000 -140 6
142.5000 22.9100 -140 6
142.5500 22.9476 -140 6
142.5528 22.9500 -140 6
142.6000 22.9894 -140 6
142.6115 23.0000 -140 6
142.6500 23.0345 -140 6
142.6661 23.0500 -140 6
142.7000 23.0817 -140 6
142.7187 23.1000 -140 6
142.7500 23.1297 -140 6
142.7707 23.1500 -140 6
142.8000 23.1781 -140 6
142.8225 23.2000 -140 6
142.8500 23.2262 -140 6
142.8747 23.2500 -140 6
142.9000 23.2742 -140 6
142.9271 23.3000 -140 6
142.9500 23.3218 -140 6
142.9798 23.3500 -140 6
143.0000 23.3692 -140 6
143.0328 23.4000 -140 6
143.0500 23.4165 -140 6
143.0859 23.4500 -140 6
143.1000 23.4635 -140 6
143.1395 23.5000 -140 6
143.1500 23.5102 -140 6
143.1937 23.5500 -140 6
143.2000 23.5561 -140 6
143.2493 23.6000 -140 6
143.2500 23.6007 -140 6
143.3000 23.6440 -140 6
143.3077 23.6500 -140 6
143.3500 23.6848 -140 6
143.3714 23.7000 -140 6
143.4000 23.7220 -140 6
143.4441 23.7500 -140 6
143.4500 23.7542 -140 6
143.5000 23.7825 -140 6
143.5419 23.8000 -140 6
143.5500 23.8040 -140 6
143.6000 23.8202 -140 6
143.6500 23.8280 -140 6
143.7000 23.8260 -140 6
143.7500 23.8118 -140 6
143.7708 23.8000 -140 6
143.8000 23.7854 -140 6
143.8459 23.7500 -140 6
143.8500 23.7472 -140 6
143.9000 23.7058 -140 6
143.9063 23.7000 -140 6
143.9500 23.6662 -140 6
143.9716 23.6500 -140 6
144.0000 23.6320 -140 6
144.0500 23.6065 -140 6
144.0712 23.6000 -140 6
144.1000 23.5926 -140 6
144.1500 23.5915 -140 6
144.1841 23.6000 -140 6
144.2000 23.6048 -140 6
> Contour Depth = -140
143.8628 20.5500 -140 7
143.9000 20.5874 -140 7
143.9129 20.6000 -140 7
143.9500 20.6353 -140 7
143.9657 20.6500 -140 7
144.0000 20.6822 -140 7
144.0192 20.7000 -140 7
144.0500 20.7293 -140 7
144.0721 20.7500 -140 7
144.1000 20.7775 -140 7
144.1235 20.8000 -140 7
144.1500 20.8270 -140 7
144.1734 20.8500 -140 7
144.2000 20.8778 -140 7
144.2223 20.9000 -140 7
144.2500 20.9293 -140 7
144.2709 20.9500 -140 7
144.3000 20.9801 -140 7
144.3209 21.0000 -140 7
144.3500 21.0285 -140 7
144.3746 21.0500 -140 7
144.4000 21.0723 -140 7
144.4365 21.1000 -140 7
144.4500 21.1099 -140 7
144.5000 21.1408 -140 7
144.5185 21.1500 -140 7
144.5500 21.1649 -140 7
144.6000 21.1832 -140 7
144.6500 21.1970 -140 7
144.6642 21.2000 -140 7
144.7000 21.2070 -140 7
144.7500 21.2145 -140 7
144.8000 21.2207 -140 7
144.8500 21.2265 -140 7
144.9000 21.2331 -140 7
144.9500 21.2415 -140 7
144.9886 21.2500 -140 7
145.0000 21.2525 -140 7
145.0500 21.2665 -140 7
145.1000 21.2847 -140 7
145.1342 21.3000 -140 7
145.1500 21.3071 -140 7
145.2000 21.3331 -140 7
145.2291 21.3500 -140 7
145.2500 21.3624 -140 7
145.3000 21.3941 -140 7
145.3090 21.4000 -140 7
145.3500 21.4272 -140 7
145.3839 21.4500 -140 7
145.4000 21.4611 -140 7
145.4500 21.4946 -140 7
145.4585 21.5000 -140 7
145.5000 21.5271 -140 7
145.5375 21.5500 -140 7
145.5500 21.5579 -140 7
145.6000 21.5866 -140 7
145.6262 21.6000 -140 7
145.6500 21.6127 -140 7
145.7000 21.6361 -140 7
145.7337 21.6500 -140 7
145.7500 21.6571 -140 7
145.8000 21.6762 -140 7
145.8500 21.6937 -140 7
145.8689 21.7000 -140 7
145.9000 21.7112 -140 7
145.9500 21.7298 -140 7
146.0000 21.7500 -140 7
146.0000 21.7500 -140 7
146.0500 21.7755 -140 7
146.0917 21.8000 -140 7
146.1000 21.8056 -140 7
146.1500 21.8448 -140 7
146.1558 21.8500 -140 7
146.2000 21.8976 -140 7
146.2020 21.9000 -140 7
146.2344 21.9500 -140 7
146.2500 21.9825 -140 7
> Contour Depth = -160
137.4328 35.0000 -160 8
137.4500 34.9668 -160 8
137.4610 34.9500 -160 8
137.4921 34.9000 -160 8
137.5000 34.8865 -160 8
137.5293 34.8500 -160 8
137.5500 34.8229 -160 8
137.5767 34.8000 -160 8
137.6000 34.7791 -160 8
137.6500 34.7554 -160 8
137.6906 34.7500 -160 8
137.7000 34.7487 -160 8
137.7096 34.7500 -160 8
137.7500 34.7547 -160 8
137.8000 34.7687 -160 8
137.8500 34.7873 -160 8
137.8807 34.8000 -160 8
137.9000 34.8065 -160 8
137.9500 34.8231 -160 8
138.0000 34.8374 -160 8
138.0500 34.8481 -160 8
138.0654 34.8500 -160 8
138.1000 34.8536 -160 8
138.1500 34.8537 -160 8
138.1800 34.8500 -160 8
138.2000 34.8469 -160 8
138.2500 34.8288 -160 8
138.2926 34.8000 -160 8
138.3000 34.7925 -160 8
138.3272 34.7500 -160 8
138.3432 34.7000 -160 8
138.3472 34.6500 -160 8
138.3419 34.6000 -160 8
138.3291 34.5500 -160 8
138.3097 34.5000 -160 8
138.3000 34.4811 -160 8
138.2813 34.4500 -160 8
138.2500 34.4061 -160 8
138.2449 34.4000 -160 8
138.2000 34.3523 -160 8
138.1975 34.3500 -160 8
138.1500 34.3094 -160 8
138.1373 34.3000 -160 8
138.1000 34.2726 -160 8
138.0657 34.2500 -160 8
138.0500 34.2392 -160 8
138.0000 34.2079 -160 8
137.9863 34.2000 -160 8
137.9500 34.1766 -160 8
137.9091 34.1500 -160 8
137.9000 34.1429 -160 8
137.8500 34.1027 -160 8
137.8468 34.1000 -160 8
137.8035 34.0500 -160 8
137.8000 34.0439 -160 8
137.7769 34.0000 -160 8
137.7639 33.9500 -160 8
137.7609 33.9000 -160 8
137.7652 33.8500 -160 8
137.7750 33.8000 -160 8
137.7888 33.7500 -160 8
137.8000 33.7167 -160 8
137.8054 33.7000 -160 8
137.8236 33.6500 -160 8
137.8428 33.6000 -160 8
137.8500 33.5812 -160 8
137.8621 33.5500 -160 8
137.8807 33.5000 -160 8
137.8977 33.4500 -160 8
137.9000 33.4420 -160 8
137.9122 33.4000 -160 8
137.9231 33.3500 -160 8
137.9296 33.3000 -160 8
137.9312 33.2500 -160 8
137.9275 33.2000 -160 8
137.9189 33.1500 -160 8
137.9059 33.1000 -160 8
137.9000 33.0822 -160 8
137.8893 33.0500 -160 8
137.8702 33.0000 -160 8
137.8500 32.9507 -160 8
137.8497 32.9500 -160 8
137.8295 32.9000 -160 8
137.8103 32.8500 -160 8
137.8000 32.8199 -160 8
137.7935 32.8000 -160 8
137.7802 32.7500 -160 8
137.7706 32.7000 -160 8
137.7655 32.6500 -160 8
137.7657 32.6000 -160 8
137.7719 32.5500 -160 8
137.7853 32.5000 -160 8
137.8000 32.4660 -160 8
137.8080 32.4500 -160 8
137.8440 32.4000 -160 8
137.8500 32.3937 -160 8
137.8985 32.3500 -160 8
137.9000 32.3489 -160 8
137.9500 32.3160 -160 8
137.9770 32.3000 -160 8
138.0000 32.2876 -160 8
138.0500 32.2613 -160 8
138.0710 32.2500 -160 8
138.1000 32.2344 -160 8
138.1500 32.2046 -160 8
138.1568 32.2000 -160 8
138.2000 32.1681 -160 8
138.2205 32.1500 -160 8
138.2500 32.1193 -160 8
138.2654 32.1000 -160 8
138.2965 32.0500 -160 8
138.3000 32.0425 -160 8
138.3169 32.0000 -160 8
138.3305 31.9500 -160 8
138.3391 31.9000 -160 8
138.3443 31.8500 -160 8
138.3474 31.8000 -160 8
138.3497 31.7500 -160 8
138.3500 31.7448 -160 8
138.3523 31.7000 -160 8
138.3562 31.6500 -160 8
138.3623 31.6000 -160 8
138.3712 31.5500 -160 8
138.3834 31.5000 -160 8
138.3992 31.4500 -160 8
138.4000 31.4479 -160 8
138.4196 31.4000 -160 8
138.4443 31.3500 -160 8
138.4500 31.3399 -160 8
138.4747 31.3000 -160 8
138.5000 31.2639 -160 8
138.5107 31.2500 -160 8
138.5500 31.2036 -160 8
138.5534 31.2000 -160 8
138.6000 31.1529 -160 8
138.6031 31.1500 -160 8
138.6500 31.1071 -160 8
138.6582 31.1000 -160 8
138.7000 31.0625 -160 8
138.7141 31.0500 -160 8
138.7500 31.0152 -160 8
138.7652 31.0000 -160 8
138.8000 30.9597 -160 8
138.8079 30.9500 -160 8
138.8420 30.9000 -160 8
138.8500 30.8858 -160 8
138.8690 30.8500 -160 8
138.8908 30.8000 -160 8
138.9000 30.7752 -160 8
138.9091 30.7500 -160 8
138.9253 30.7000 -160 8
138.9402 30.6500 -160 8
138.9500 30.6161 -160 8
138.9548 30.6000 -160 8
138.9698 30.5500 -160 8
138.9853 30.5000 -160 8
139.0000 30.4536 -160 8
139.0012 30.4500 -160 8
139.0183 30.4000 -160 8
139.0355 30.3500 -160 8
139.0500 30.3064 -160 8
139.0523 30.3000 -160 8
139.0690 30.2500 -160 8
139.0843 30.2000 -160 8
139.0979 30.1500 -160 8
139.1000 30.1411 -160 8
139.1105 30.1000 -160 8
139.1221 30.0500 -160 8
139.1335 30.0000 -160 8
139.1458 29.9500 -160 8
139.1500 29.9350 -160 8
139.1604 29.9000 -160 8
139.1782 29.8500 -160 8
139.1997 29.8000 -160 8
139.2000 29.7994 -160 8
139.2267 29.7500 -160 8
139.2500 29.7122 -160 8
139.2584 29.7000 -160 8
139.2957 29.6500 -160 8
139.3000 29.6443 -160 8
139.3395 29.6000 -160 8
139.3500 29.5877 -160 8
139.3904 29.5500 -160 8
139.4000 29.5396 -160 8
139.4500 29.5018 -160 8
139.4550 29.5000 -160 8
139.5000 29.4761 -160 8
139.5500 29.4805 -160 8
139.5752 29.5000 -160 8
139.6000 29.5119 -160 8
139.6427 29.5500 -160 8
139.6500 29.5547 -160 8
139.6994 29.6000 -160 8
139.7000 29.6004 -160 8
139.7500 29.6460 -160 8
139.7537 29.6500 -160 8
139.8000 29.6909 -160 8
139.8093 29.7000 -160 8
139.8500 29.7342 -160 8
139.8681 29.7500 -160 8
139.9000 29.7750 -160 8
139.9326 29.8000 -160 8
139.9500 29.8125 -160 8
140.0000 29.8458 -160 8
140.0069 29.8500 -160 8
140.0500 29.8752 -160 8
140.1000 29.8990 -160 8
140.1025 29.9000 -160 8
140.1500 29.9185 -160 8
140.2000 29.9324 -160 8
140.2500 29.9412 -160 8
140.3000 29.9452 -160 8
140.3500 29.9446 -160 8
140.4000 29.9395 -160 8
140.4500 29.9299 -160 8
140.5000 29.9155 -160 8
140.5403 29.9000 -160 8
140.5500 29.8957 -160 8
140.6000 29.8679 -160 8
140.6258 29.8500 -160 8
140.6500 29.8273 -160 8
140.6745 29.8000 -160 8
140.7000 29.7532 -160 8
140.7016 29.7500 -160 8
140.7150 29.7000 -160 8
140.7179 29.6500 -160 8
140.7130 29.6000 -160 8
140.7013 29.5500 -160 8
140.7000 29.5465 -160 8
140.6842 29.5000 -160 8
140.6609 29.4500 -160 8
140.6500 29.4321 -160 8
140.6312 29.4000 -160 8
140.6000 29.3581 -160 8
140.5941 29.3500 -160 8
140.5500 29.3017 -160 8
140.5484 29.3000 -160 8
140.5000 29.2568 -160 8
140.4920 29.2500 -160 8
140.4500 29.2194 -160 8
140.4212 29.2000 -160 8
140.4000 29.1874 -160 8
140.3500 29.1605 -160 8
140.3275 29.1500 -160 8
140.3000 29.1381 -160 8
140.2500 29.1202 -160 8
140.2000 29.1063 -160 8
140.1655 29.1000 -160 8
140.1500 29.0971 -160 8
140.1000 29.0929 -160 8
140.0500 29.0937 -160 8
140.0000 29.0998 -160 8
139.9990 29.1000 -160 8
139.9500 29.1116 -160 8
139.9000 29.1285 -160 8
139.8500 29.1498 -160 8
139.8495 29.1500 -160 8
139.8000 29.1764 -160 8
139.7574 29.2000 -160 8
139.7500 29.2054 -160 8
139.7000 29.2375 -160 8
139.6762 29.2500 -160 8
139.6500 29.2702 -160 8
139.6000 29.2975 -160 8
139.5895 29.3000 -160 8
139.5500 29.3175 -160 8
139.5000 29.3074 -160 8
139.4925 29.3000 -160 8
139.4500 29.2719 -160 8
139.4323 29.2500 -160 8
139.4000 29.2177 -160 8
139.3877 29.2000 -160 8
139.3500 29.1509 -160 8
139.3495 29.1500 -160 8
139.3178 29.1000 -160 8
139.3000 29.0706 -160 8
139.2897 29.0500 -160 8
139.2667 29.0000 -160 8
139.2500 28.9571 -160 8
139.2477 28.9500 -160 8
139.2341 28.9000 -160 8
139.2243 28.8500 -160 8
139.2184 28.8000 -160 8
139.2161 28.7500 -160 8
139.2171 28.7000 -160 8
139.2209 28.6500 -160 8
139.2272 28.6000 -160 8
139.2353 28.5500 -160 8
139.2448 28.5000 -160 8
139.2500 28.4751 -160 8
139.2559 28.4500 -160 8
139.2681 28.4000 -160 8
139.2801 28.3500 -160 8
139.2914 28.3000 -160 8
139.3000 28.2578 -160 8
139.3018 28.2500 -160 8
139.3117 28.2000 -160 8
139.3195 28.1500 -160 8
139.3252 28.1000 -160 8
139.3284 28.0500 -160 8
139.3292 28.0000 -160 8
139.3276 27.9500 -160 8
139.3234 27.9000 -160 8
139.3165 27.8500 -160 8
139.3068 27.8000 -160 8
139.3000 27.7734 -160 8
139.2947 27.7500 -160 8
139.2802 27.7000 -160 8
139.2614 27.6500 -160 8
139.2500 27.6259 -160 8
139.2387 27.6000 -160 8
139.2103 27.5500 -160 8
139.2000 27.5357 -160 8
139.1749 27.5000 -160 8
139.1500 27.4728 -160 8
139.1291 27.4500 -160 8
139.1000 27.4250 -160 8
139.0701 27.4000 -160 8
139.0500 27.3863 -160 8
139.0000 27.3533 -160 8
138.9951 27.3500 -160 8
138.9500 27.3242 -160 8
> Contour Depth = -160
134.9143 35.0000 -160 9
134.9000 34.9856 -160 9
134.8667 34.9500 -160 9
134.8500 34.9318 -160 9
134.8218 34.9000 -160 9
134.8000 34.8753 -160 9
134.7775 34.8500 -160 9
134.7500 34.8194 -160 9
134.7318 34.8000 -160 9
134.7000 34.7669 -160 9
134.6825 34.7500 -160 9
134.6500 34.7198 -160 9
134.6265 34.7000 -160 9
134.6000 34.6787 -160 9
134.5595 34.6500 -160 9
134.5500 34.6436 -160 9
> Contour Depth = -160
142.5500 29.1579 -160 10
142.6000 29.1755 -160 10
142.6500 29.1692 -160 10
142.6873 29.1500 -160 10
142.7000 29.1387 -160 10
142.7263 29.1000 -160 10
142.7365 29.0500 -160 10
142.7180 29.0000 -160 10
142.7000 28.9826 -160 10
142.6500 28.9714 -160 10
142.6000 28.9908 -160 10
142.5890 29.0000 -160 10
142.5500 29.0433 -160 10
142.5454 29.0500 -160 10
142.5290 29.1000 -160 10
142.5411 29.1500 -160 10
142.5500 29.1579 -160 10
> Contour Depth = -160
140.5500 25.0137 -160 11
140.6000 25.0246 -160 11
140.6500 25.0404 -160 11
140.6732 25.0500 -160 11
140.7000 25.0624 -160 11
140.7500 25.0917 -160 11
140.7618 25.1000 -160 11
140.8000 25.1306 -160 11
140.8206 25.1500 -160 11
140.8500 25.1812 -160 11
140.8658 25.2000 -160 11
140.9000 25.2447 -160 11
140.9038 25.2500 -160 11
140.9384 25.3000 -160 11
140.9500 25.3167 -160 11
140.9728 25.3500 -160 11
141.0000 25.3876 -160 11
141.0092 25.4000 -160 11
141.0500 25.4496 -160 11
141.0503 25.4500 -160 11
141.1000 25.4994 -160 11
141.1007 25.5000 -160 11
141.1500 25.5374 -160 11
141.1707 25.5500 -160 11
141.2000 25.5657 -160 11
141.2500 25.5849 -160 11
141.3000 25.5958 -160 11
141.3500 25.5978 -160 11
141.4000 25.5903 -160 11
141.4500 25.5724 -160 11
141.4894 25.5500 -160 11
141.5000 25.5427 -160 11
141.5463 25.5000 -160 11
141.5500 25.4957 -160 11
141.5833 25.4500 -160 11
141.6000 25.4209 -160 11
141.6109 25.4000 -160 11
141.6316 25.3500 -160 11
141.6475 25.3000 -160 11
141.6500 25.2891 -160 11
141.6591 25.2500 -160 11
141.6671 25.2000 -160 11
141.6717 25.1500 -160 11
141.6731 25.1000 -160 11
141.6715 25.0500 -160 11
141.6670 25.0000 -160 11
141.6601 24.9500 -160 11
141.6517 24.9000 -160 11
141.6500 24.8907 -160 11
141.6430 24.8500 -160 11
141.6349 24.8000 -160 11
141.6281 24.7500 -160 11
141.6228 24.7000 -160 11
141.6190 24.6500 -160 11
141.6160 24.6000 -160 11
141.6127 24.5500 -160 11
141.6077 24.5000 -160 11
141.6000 24.4548 -160 11
141.5992 24.4500 -160 11
141.5859 24.4000 -160 11
141.5636 24.3500 -160 11
141.5500 24.3304 -160 11
141.5287 24.3000 -160 11
141.5000 24.2725 -160 11
141.4754 24.2500 -160 11
141.4500 24.2333 -160 11
141.4000 24.2027 -160 11
141.3954 24.2000 -160 11
141.3500 24.1789 -160 11
141.3000 24.1568 -160 11
141.2847 24.1500 -160 11
141.2500 24.1372 -160 11
141.2000 24.1183 -160 11
141.1533 24.1000 -160 11
141.1500 24.0989 -160 11
141.1000 24.0801 -160 11
141.0500 24.0598 -160 11
> Contour Depth = -160
141.3000 23.1884 -160 12
141.3500 23.1825 -160 12
141.4000 23.1794 -160 12
141.4500 23.1795 -160 12
141.5000 23.1831 -160 12
141.5500 23.1905 -160 12
141.5907 23.2000 -160 12
141.6000 23.2024 -160 12
141.6500 23.2198 -160 12
141.7000 23.2424 -160 12
141.7143 23.2500 -160 12
141.7500 23.2723 -160 12
141.7890 23.3000 -160 12
141.8000 23.3094 -160 12
141.8450 23.3500 -160 12
141.8500 23.3554 -160 12
141.8907 23.4000 -160 12
141.9000 23.4121 -160 12
141.9299 23.4500 -160 12
141.9500 23.4796 -160 12
141.9644 23.5000 -160 12
141.9956 23.5500 -160 12
142.0000 23.5581 -160 12
142.0240 23.6000 -160 12
142.0500 23.6493 -160 12
142.0504 23.6500 -160 12
142.0746 23.7000 -160 12
142.0974 23.7500 -160 12
142.1000 23.7564 -160 12
142.1184 23.8000 -160 12
142.1386 23.8500 -160 12
142.1500 23.8794 -160 12
142.1581 23.9000 -160 12
142.1769 23.9500 -160 12
142.1968 24.0000 -160 12
142.2000 24.0081 -160 12
142.2164 24.0500 -160 12
142.2379 24.1000 -160 12
142.2500 24.1259 -160 12
142.2610 24.1500 -160 12
142.2857 24.2000 -160 12
142.3000 24.2262 -160 12
142.3125 24.2500 -160 12
142.3411 24.3000 -160 12
142.3500 24.3148 -160 12
142.3704 24.3500 -160 12
142.4000 24.3976 -160 12
142.4014 24.4000 -160 12
142.4311 24.4500 -160 12
142.4500 24.4805 -160 12
142.4615 24.5000 -160 12
142.4914 24.5500 -160 12
142.5000 24.5641 -160 12
142.5208 24.6000 -160 12
142.5500 24.6467 -160 12
142.5520 24.6500 -160 12
142.5839 24.7000 -160 12
142.6000 24.7219 -160 12
142.6200 24.7500 -160 12
142.6500 24.7855 -160 12
142.6620 24.8000 -160 12
142.7000 24.8386 -160 12
142.7109 24.8500 -160 12
142.7500 24.8847 -160 12
142.7666 24.9000 -160 12
142.8000 24.9269 -160 12
142.8267 24.9500 -160 12
142.8500 24.9683 -160 12
142.8866 25.0000 -160 12
142.9000 25.0108 -160 12
142.9426 25.0500 -160 12
142.9500 25.0565 -160 12
142.9932 25.1000 -160 12
143.0000 25.1066 -160 12
143.0391 25.1500 -160 12
143.0500 25.1618 -160 12
143.0819 25.2000 -160 12
143.1000 25.2208 -160 12
143.1234 25.2500 -160 12
143.1500 25.2808 -160 12
> Contour Depth = -160
147.1500 20.3939 -160 13
147.1000 20.3974 -160 13
147.0500 20.3996 -160 13
147.0258 20.4000 -160 13
147.0000 20.4004 -160 13
146.9500 20.4004 -160 13
146.9257 20.4000 -160 13
146.9000 20.3996 -160 13
146.8500 20.3986 -160 13
146.8000 20.3977 -160 13
146.7500 20.3973 -160 13
146.7000 20.3980 -160 13
146.6567 20.4000 -160 13
146.6500 20.4003 -160 13
146.6000 20.4049 -160 13
146.5500 20.4121 -160 13
146.5000 20.4228 -160 13
146.4500 20.4373 -160 13
146.4160 20.4500 -160 13
146.4000 20.4576 -160 13
146.3500 20.4874 -160 13
146.3327 20.5000 -160 13
146.3000 20.5386 -160 13
146.2919 20.5500 -160 13
146.2776 20.6000 -160 13
146.2818 20.6500 -160 13
146.2997 20.7000 -160 13
146.3000 20.7005 -160 13
146.3285 20.7500 -160 13
146.3500 20.7783 -160 13
146.3657 20.8000 -160 13
146.4000 20.8387 -160 13
146.4096 20.8500 -160 13
146.4500 20.8908 -160 13
146.4587 20.9000 -160 13
146.5000 20.9389 -160 13
146.5113 20.9500 -160 13
146.5500 20.9856 -160 13
146.5649 21.0000 -160 13
146.6000 21.0327 -160 13
146.6174 21.0500 -160 13
146.6500 21.0821 -160 13
146.6669 21.1000 -160 13
146.7000 21.1357 -160 13
146.7121 21.1500 -160 13
146.7500 21.1963 -160 13
146.7527 21.2000 -160 13
146.7883 21.2500 -160 13
146.8000 21.2676 -160 13
> Contour Depth = -160
147.5500 19.3809 -160 14
147.5044 19.3500 -160 14
147.5000 19.3476 -160 14
147.4500 19.3308 -160 14
147.4000 19.3229 -160 14
147.3500 19.3217 -160 14
147.3000 19.3257 -160 14
147.2500 19.3339 -160 14
147.2000 19.3459 -160 14
147.1862 19.3500 -160 14
147.1500 19.3632 -160 14
147.1000 19.3861 -160 14
147.0750 19.4000 -160 14
147.0500 19.4195 -160 14
147.0177 19.4500 -160 14
147.0000 19.4792 -160 14
146.9889 19.5000 -160 14
146.9788 19.5500 -160 14
146.9829 19.6000 -160 14
146.9997 19.6500 -160 14
147.0000 19.6506 -160 14
147.0301 19.7000 -160 14
147.0500 19.7228 -160 14
147.0770 19.7500 -160 14
147.1000 19.7684 -160 14
147.1482 19.8000 -160 14
147.1500 19.8010 -160 14
147.2000 19.8240 -160 14
147.2500 19.8401 -160 14
147.3000 19.8492 -160 14
147.3244 19.8500 -160 14
147.3500 19.8508 -160 14
147.3555 19.8500 -160 14
147.4000 19.8435 -160 14
> Contour Depth = -160
145.0000 18.8616 -160 15
145.0500 18.8761 -160 15
145.1000 18.8902 -160 15
145.1363 18.9000 -160 15
145.1500 18.9040 -160 15
145.2000 18.9178 -160 15
145.2500 18.9310 -160 15
145.3000 18.9437 -160 15
145.3264 18.9500 -160 15
145.3500 18.9561 -160 15
145.4000 18.9678 -160 15
145.4500 18.9787 -160 15
145.5000 18.9885 -160 15
145.5500 18.9972 -160 15
145.5691 19.0000 -160 15
145.6000 19.0049 -160 15
145.6500 19.0114 -160 15
145.7000 19.0167 -160 15
145.7500 19.0209 -160 15
145.8000 19.0240 -160 15
145.8500 19.0261 -160 15
145.9000 19.0273 -160 15
145.9500 19.0278 -160 15
146.0000 19.0274 -160 15
146.0500 19.0262 -160 15
146.1000 19.0240 -160 15
146.1500 19.0206 -160 15
146.2000 19.0154 -160 15
146.2500 19.0080 -160 15
146.2885 19.0000 -160 15
146.3000 18.9975 -160 15
146.3500 18.9830 -160 15
146.4000 18.9623 -160 15
146.4218 18.9500 -160 15
146.4500 18.9333 -160 15
146.4916 18.9000 -160 15
146.5000 18.8930 -160 15
146.5410 18.8500 -160 15
146.5500 18.8405 -160 15
146.5819 18.8000 -160 15
146.6000 18.7778 -160 15
146.6198 18.7500 -160 15
146.6500 18.7110 -160 15
146.6578 18.7000 -160 15
146.6980 18.6500 -160 15
146.7000 18.6477 -160 15
146.7428 18.6000 -160 15
146.7500 18.5930 -160 15
146.7958 18.5500 -160 15
146.8000 18.5466 -160 15
146.8500 18.5094 -160 15
146.8647 18.5000 -160 15
146.9000 18.4803 -160 15
146.9500 18.4586 -160 15
146.9781 18.4500 -160 15
147.0000 18.4439 -160 15
147.0500 18.4356 -160 15
147.1000 18.4325 -160 15
147.1500 18.4338 -160 15
147.2000 18.4387 -160 15
147.2500 18.4465 -160 15
147.2676 18.4500 -160 15
147.3000 18.4567 -160 15
147.3500 18.4688 -160 15
147.4000 18.4818 -160 15
147.4500 18.4954 -160 15
147.4669 18.5000 -160 15
147.5000 18.5096 -160 15
147.5500 18.5237 -160 15
147.6000 18.5370 -160 15
147.6500 18.5492 -160 15
147.6534 18.5500 -160 15
147.7000 18.5611 -160 15
147.7500 18.5713 -160 15
> Contour Depth = -180
140.4125 35.0000 -180 16
140.4264 34.9500 -180 16
140.4385 34.9000 -180 16
140.4500 34.8514 -180 16
140.4504 34.8500 -180 16
140.4643 34.8000 -180 16
140.4814 34.7500 -180 16
140.5000 34.7068 -180 16
140.5034 34.7000 -180 16
140.5342 34.6500 -180 16
140.5500 34.6289 -180 16
140.5763 34.6000 -180 16
140.6000 34.5776 -180 16
140.6369 34.5500 -180 16
140.6500 34.5411 -180 16
140.7000 34.5143 -180 16
140.7356 34.5000 -180 16
140.7500 34.4945 -180 16
140.8000 34.4799 -180 16
140.8500 34.4697 -180 16
140.9000 34.4627 -180 16
140.9500 34.4579 -180 16
141.0000 34.4543 -180 16
141.0500 34.4509 -180 16
141.0606 34.4500 -180 16
141.1000 34.4464 -180 16
141.1500 34.4398 -180 16
141.2000 34.4301 -180 16
141.2500 34.4165 -180 16
141.2959 34.4000 -180 16
141.3000 34.3984 -180 16
141.3500 34.3751 -180 16
141.3972 34.3500 -180 16
141.4000 34.3485 -180 16
141.4500 34.3192 -180 16
141.4830 34.3000 -180 16
141.5000 34.2903 -180 16
141.5500 34.2631 -180 16
141.5767 34.2500 -180 16
141.6000 34.2391 -180 16
141.6500 34.2186 -180 16
141.7000 34.2022 -180 16
141.7085 34.2000 -180 16
141.7500 34.1894 -180 16
141.8000 34.1802 -180 16
141.8500 34.1741 -180 16
> Contour Depth = -180
142.2000 30.8616 -180 17
142.1500 30.8548 -180 17
142.1000 30.8506 -180 17
142.0832 30.8500 -180 17
142.0500 30.8488 -180 17
142.0000 30.8493 -180 17
141.9858 30.8500 -180 17
141.9500 30.8519 -180 17
141.9000 30.8566 -180 17
141.8500 30.8631 -180 17
141.8000 30.8713 -180 17
141.7500 30.8807 -180 17
141.7000 30.8910 -180 17
141.6570 30.9000 -180 17
141.6500 30.9016 -180 17
141.6000 30.9123 -180 17
141.5500 30.9223 -180 17
141.5000 30.9311 -180 17
141.4500 30.9384 -180 17
141.4000 30.9442 -180 17
141.3500 30.9487 -180 17
141.3315 30.9500 -180 17
141.3000 30.9527 -180 17
141.2500 30.9569 -180 17
141.2000 30.9618 -180 17
141.1500 30.9686 -180 17
141.1000 30.9785 -180 17
141.0500 30.9929 -180 17
141.0321 31.0000 -180 17
141.0000 31.0169 -180 17
140.9544 31.0500 -180 17
140.9500 31.0547 -180 17
140.9165 31.1000 -180 17
140.9000 31.1387 -180 17
140.8961 31.1500 -180 17
140.8908 31.2000 -180 17
140.8989 31.2500 -180 17
140.9000 31.2524 -180 17
140.9280 31.3000 -180 17
140.9500 31.3213 -180 17
140.9890 31.3500 -180 17
141.0000 31.3557 -180 17
141.0500 31.3765 -180 17
141.1000 31.3934 -180 17
141.1223 31.4000 -180 17
141.1500 31.4067 -180 17
141.2000 31.4183 -180 17
141.2500 31.4304 -180 17
141.3000 31.4438 -180 17
141.3193 31.4500 -180 17
141.3500 31.4585 -180 17
141.4000 31.4752 -180 17
141.4500 31.4950 -180 17
141.4607 31.5000 -180 17
141.5000 31.5168 -180 17
141.5500 31.5411 -180 17
141.5665 31.5500 -180 17
141.6000 31.5672 -180 17
141.6500 31.5943 -180 17
141.6600 31.6000 -180 17
141.7000 31.6225 -180 17
141.7497 31.6500 -180 17
141.7500 31.6502 -180 17
141.8000 31.6787 -180 17
141.8406 31.7000 -180 17
141.8500 31.7057 -180 17
141.9000 31.7330 -180 17
141.9353 31.7500 -180 17
141.9500 31.7588 -180 17
142.0000 31.7847 -180 17
142.0344 31.8000 -180 17
142.0500 31.8092 -180 17
142.1000 31.8342 -180 17
> Contour Depth = -180
143.1500 25.9443 -180 18
143.1158 25.9500 -180 18
143.1000 25.9526 -180 18
143.0500 25.9606 -180 18
143.0000 25.9689 -180 18
142.9500 25.9774 -180 18
142.9000 25.9863 -180 18
142.8500 25.9954 -180 18
142.8254 26.0000 -180 18
142.8000 26.0045 -180 18
142.7500 26.0134 -180 18
142.7000 26.0225 -180 18
142.6500 26.0320 -180 18
142.6000 26.0420 -180 18
142.5611 26.0500 -180 18
142.5500 26.0522 -180 18
142.5000 26.0625 -180 18
142.4500 26.0735 -180 18
142.4000 26.0855 -180 18
142.3500 26.0984 -180 18
142.3438 26.1000 -180 18
142.3000 26.1118 -180 18
142.2500 26.1264 -180 18
142.2000 26.1421 -180 18
142.1761 26.1500 -180 18
142.1500 26.1590 -180 18
142.1000 26.1771 -180 18
142.0500 26.1964 -180 18
142.0411 26.2000 -180 18
142.0000 26.2179 -180 18
141.9500 26.2412 -180 18
141.9320 26.2500 -180 18
141.9000 26.2679 -180 18
141.8500 26.2980 -180 18
141.8469 26.3000 -180 18
141.8000 26.3371 -180 18
141.7850 26.3500 -180 18
141.7500 26.3909 -180 18
141.7429 26.4000 -180 18
141.7181 26.4500 -180 18
141.7073 26.5000 -180 18
141.7094 26.5500 -180 18
141.7232 26.6000 -180 18
141.7483 26.6500 -180 18
141.7500 26.6523 -180 18
141.7853 26.7000 -180 18
141.8000 26.7156 -180 18
141.8333 26.7500 -180 18
141.8500 26.7645 -180 18
141.8913 26.8000 -180 18
141.9000 26.8066 -180 18
141.9500 26.8452 -180 18
141.9560 26.8500 -180 18
142.0000 26.8823 -180 18
142.0232 26.9000 -180 18
142.0500 26.9195 -180 18
142.0900 26.9500 -180 18
142.1000 26.9575 -180 18
142.1500 26.9970 -180 18
142.1536 27.0000 -180 18
142.2000 27.0390 -180 18
142.2125 27.0500 -180 18
142.2500 27.0836 -180 18
142.2675 27.1000 -180 18
142.3000 27.1309 -180 18
142.3195 27.1500 -180 18
142.3500 27.1804 -180 18
142.3695 27.2000 -180 18
142.4000 27.2308 -180 18
142.4193 27.2500 -180 18
142.4500 27.2803 -180 18
142.4709 27.3000 -180 18
142.5000 27.3269 -180 18
142.5272 27.3500 -180 18
142.5500 27.3689 -180 18
142.5924 27.4000 -180 18
142.6000 27.4054 -180 18
142.6500 27.4369 -180 18
142.6746 27.4500 -180 18
142.7000 27.4633 -180 18
142.7500 27.4853 -180 18
142.7904 27.5000 -180 18
142.8000 27.5035 -180 18
142.8500 27.5192 -180 18
142.9000 27.5324 -180 18
142.9500 27.5439 -180 18
142.9795 27.5500 -180 18
143.0000 27.5545 -180 18
143.0500 27.5650 -180 18
143.1000 27.5755 -180 18
143.1500 27.5866 -180 18
143.2000 27.5987 -180 18
143.2047 27.6000 -180 18
143.2500 27.6131 -180 18
> Contour Depth = -180
145.1500 17.0392 -180 19
145.1723 17.0500 -180 19
145.2000 17.0670 -180 19
145.2446 17.1000 -180 19
145.2500 17.1050 -180 19
145.2939 17.1500 -180 19
145.3000 17.1575 -180 19
145.3330 17.2000 -180 19
145.3500 17.2247 -180 19
145.3678 17.2500 -180 19
145.4000 17.2981 -180 19
145.4014 17.3000 -180 19
145.4374 17.3500 -180 19
145.4500 17.3669 -180 19
145.4783 17.4000 -180 19
145.5000 17.4241 -180 19
145.5274 17.4500 -180 19
145.5500 17.4704 -180 19
145.5884 17.5000 -180 19
145.6000 17.5088 -180 19
145.6500 17.5422 -180 19
145.6627 17.5500 -180 19
145.7000 17.5731 -180 19
145.7448 17.6000 -180 19
145.7500 17.6031 -180 19
145.8000 17.6330 -180 19
145.8288 17.6500 -180 19
145.8500 17.6620 -180 19
145.9000 17.6883 -180 19
145.9268 17.7000 -180 19
145.9500 17.7088 -180 19
146.0000 17.7205 -180 19
146.0500 17.7222 -180 19
146.1000 17.7120 -180 19
146.1260 17.7000 -180 19
146.1500 17.6879 -180 19
146.1993 17.6500 -180 19
146.2000 17.6495 -180 19
146.2496 17.6000 -180 19
146.2500 17.5996 -180 19
146.2978 17.5500 -180 19
146.3000 17.5481 -180 19
146.3500 17.5027 -180 19
146.3531 17.5000 -180 19
146.4000 17.4661 -180 19
146.4259 17.4500 -180 19
146.4500 17.4373 -180 19
146.5000 17.4154 -180 19
146.5474 17.4000 -180 19
146.5500 17.3992 -180 19
146.6000 17.3878 -180 19
146.6500 17.3803 -180 19
146.7000 17.3763 -180 19
146.7500 17.3751 -180 19
146.8000 17.3763 -180 19
146.8500 17.3795 -180 19
146.9000 17.3844 -180 19
146.9500 17.3905 -180 19
147.0000 17.3973 -180 19
147.0207 17.4000 -180 19
147.0500 17.4037 -180 19
147.1000 17.4090 -180 19
147.1500 17.4124 -180 19
147.2000 17.4124 -180 19
147.2500 17.4074 -180 19
147.2818 17.4000 -180 19
147.3000 17.3948 -180 19
147.3500 17.3705 -180 19
147.3783 17.3500 -180 19
147.4000 17.3310 -180 19
147.4275 17.3000 -180 19
147.4500 17.2719 -180 19
147.4652 17.2500 -180 19
147.5000 17.2025 -180 19
147.5017 17.2000 -180 19
147.5438 17.1500 -180 19
147.5500 17.1444 -180 19
147.6000 17.1022 -180 19
147.6029 17.1000 -180 19
147.6500 17.0738 -180 19
147.7000 17.0525 -180 19
147.7077 17.0500 -180 19
147.7500 17.0392 -180 19
147.8000 17.0310 -180 19
> Contour Depth = -200
143.2000 26.2814 -200 20
143.1607 26.3000 -200 20
143.1500 26.3057 -200 20
143.1000 26.3307 -200 20
143.0594 26.3500 -200 20
143.0500 26.3552 -200 20
143.0000 26.3816 -200 20
142.9645 26.4000 -200 20
142.9500 26.4091 -200 20
142.9000 26.4405 -200 20
142.8852 26.4500 -200 20
142.8500 26.4792 -200 20
142.8262 26.5000 -200 20
142.8000 26.5327 -200 20
142.7870 26.5500 -200 20
142.7652 26.6000 -200 20
142.7581 26.6500 -200 20
142.7646 26.7000 -200 20
142.7837 26.7500 -200 20
142.8000 26.7764 -200 20
142.8159 26.8000 -200 20
142.8500 26.8370 -200 20
142.8633 26.8500 -200 20
142.9000 26.8788 -200 20
142.9302 26.9000 -200 20
142.9500 26.9118 -200 20
143.0000 26.9389 -200 20
143.0223 26.9500 -200 20
143.0500 26.9623 -200 20
143.1000 26.9832 -200 20
143.1418 27.0000 -200 20
143.1500 27.0030 -200 20
143.2000 27.0217 -200 20
143.2500 27.0403 -200 20
> Contour Depth = -200
144.9000 15.7989 -200 21
144.9190 15.7500 -200 21
144.9383 15.7000 -200 21
144.9500 15.6684 -200 21
144.9575 15.6500 -200 21
144.9760 15.6000 -200 21
144.9920 15.5500 -200 21
145.0000 15.5162 -200 21
145.0044 15.5000 -200 21
145.0117 15.4500 -200 21
145.0121 15.4000 -200 21
145.0043 15.3500 -200 21
145.0000 15.3358 -200 21
144.9887 15.3000 -200 21
144.9664 15.2500 -200 21
144.9500 15.2160 -200 21
144.9418 15.2000 -200 21
144.9230 15.1500 -200 21
144.9217 15.1000 -200 21
144.9500 15.0590 -200 21
144.9578 15.0500 -200 21
145.0000 15.0285 -200 21
145.0500 15.0082 -200 21
145.0759 15.0000 -200 21
145.1000 14.9950 -200 21
145.1500 14.9872 -200 21
145.2000 14.9822 -200 21
145.2500 14.9798 -200 21
145.3000 14.9798 -200 21
145.3500 14.9816 -200 21
145.4000 14.9843 -200 21
145.4500 14.9870 -200 21
145.5000 14.9888 -200 21
145.5500 14.9889 -200 21
145.6000 14.9867 -200 21
145.6500 14.9818 -200 21
145.7000 14.9741 -200 21
145.7500 14.9633 -200 21
145.7978 14.9500 -200 21
145.8000 14.9495 -200 21
145.8500 14.9355 -200 21
145.9000 14.9194 -200 21
145.9500 14.9014 -200 21
145.9537 14.9000 -200 21
146.0000 14.8848 -200 21
146.0500 14.8675 -200 21
146.0990 14.8500 -200 21
146.1000 14.8497 -200 21
146.1500 14.8339 -200 21
146.2000 14.8180 -200 21
146.2500 14.8020 -200 21
146.2565 14.8000 -200 21
146.3000 14.7875 -200 21
146.3500 14.7733 -200 21
146.4000 14.7592 -200 21
146.4333 14.7500 -200 21
146.4500 14.7456 -200 21
146.5000 14.7330 -200 21
146.5500 14.7207 -200 21
146.6000 14.7089 -200 21
146.6401 14.7000 -200 21
146.6500 14.6978 -200 21
146.7000 14.6882 -200 21
146.7500 14.6795 -200 21
146.8000 14.6722 -200 21
146.8500 14.6664 -200 21
146.9000 14.6624 -200 21
146.9500 14.6603 -200 21
147.0000 14.6600 -200 21
147.0500 14.6608 -200 21
147.1000 14.6612 -200 21
147.1500 14.6582 -200 21
147.1889 14.6500 -200 21
147.2000 14.6472 -200 21
147.2500 14.6196 -200 21
147.2696 14.6000 -200 21
147.3000 14.5632 -200 21
> Contour Depth = -220
144.2000 14.5353 -220 22
144.2408 14.5000 -220 22
144.2500 14.4916 -220 22
144.3000 14.4509 -220 22
144.3013 14.4500 -220 22
144.3500 14.4129 -220 22
144.3695 14.4000 -220 22
144.4000 14.3781 -220 22
144.4453 14.3500 -220 22
144.4500 14.3468 -220 22
144.5000 14.3185 -220 22
144.5381 14.3000 -220 22
144.5500 14.2937 -220 22
144.6000 14.2720 -220 22
144.6500 14.2538 -220 22
144.6632 14.2500 -220 22
144.7000 14.2384 -220 22
144.7500 14.2256 -220 22
144.8000 14.2154 -220 22
144.8500 14.2073 -220 22
144.9000 14.2010 -220 22
144.9115 14.2000 -220 22
144.9500 14.1963 -220 22
145.0000 14.1932 -220 22
145.0500 14.1919 -220 22
145.1000 14.1929 -220 22
145.1500 14.1963 -220 22
145.1796 14.2000 -220 22
145.2000 14.2023 -220 22
145.2500 14.2105 -220 22
145.3000 14.2212 -220 22
145.3500 14.2343 -220 22
145.4000 14.2494 -220 22
145.4017 14.2500 -220 22
145.4500 14.2650 -220 22
145.5000 14.2815 -220 22
145.5500 14.2982 -220 22
145.5557 14.3000 -220 22
145.6000 14.3133 -220 22
145.6500 14.3266 -220 22
145.7000 14.3371 -220 22
145.7500 14.3438 -220 22
145.8000 14.3459 -220 22
145.8500 14.3428 -220 22
145.9000 14.3344 -220 22
145.9500 14.3207 -220 22
146.0000 14.3023 -220 22
146.0052 14.3000 -220 22
146.0500 14.2785 -220 22
146.1000 14.2511 -220 22
146.1018 14.2500 -220 22
146.1500 14.2187 -220 22
146.1770 14.2000 -220 22
146.2000 14.1828 -220 22
146.2417 14.1500 -220 22
146.2500 14.1429 -220 22
146.2984 14.1000 -220 22
146.3000 14.0984 -220 22
146.3482 14.0500 -220 22
146.3500 14.0480 -220 22
146.3921 14.0000 -220 22
146.4000 13.9903 -220 22
146.4311 13.9500 -220 22
146.4500 13.9234 -220 22
146.4659 13.9000 -220 22
146.4975 13.8500 -220 22
146.5000 13.8458 -220 22
146.5261 13.8000 -220 22
146.5500 13.7562 -220 22
146.5533 13.7500 -220 22
146.5789 13.7000 -220 22
146.6000 13.6580 -220 22
146.6040 13.6500 -220 22
146.6286 13.6000 -220 22
146.6500 13.5567 -220 22
146.6534 13.5500 -220 22
146.6781 13.5000 -220 22
146.7000 13.4553 -220 22
> Contour Depth = -240
143.9819 14.3500 -240 23
144.0000 14.3140 -240 23
144.0074 14.3000 -240 23
144.0300 14.2500 -240 23
144.0500 14.2001 -240 23
144.0501 14.2000 -240 23
144.0671 14.1500 -240 23
144.0813 14.1000 -240 23
144.0926 14.0500 -240 23
144.1000 14.0035 -240 23
144.1006 14.0000 -240 23
144.1050 13.9500 -240 23
144.1056 13.9000 -240 23
144.1020 13.8500 -240 23
144.1000 13.8365 -240 23
144.0932 13.8000 -240 23
144.0785 13.7500 -240 23
144.0573 13.7000 -240 23
144.0500 13.6842 -240 23
144.0272 13.6500 -240 23
144.0000 13.6114 -240 23
143.9880 13.6000 -240 23
143.9500 13.5570 -240 23
143.9410 13.5500 -240 23
143.9009 13.5000 -240 23
143.9000 13.4780 -240 23
143.8985 13.4500 -240 23
143.9000 13.4487 -240 23
143.9500 13.4176 -240 23
143.9959 13.4000 -240 23
144.0000 13.3991 -240 23
144.0500 13.3890 -240 23
144.1000 13.3786 -240 23
144.1500 13.3669 -240 23
144.2000 13.3536 -240 23
144.2110 13.3500 -240 23
144.2500 13.3389 -240 23
144.3000 13.3214 -240 23
144.3500 13.3009 -240 23
144.3517 13.3000 -240 23
144.4000 13.2759 -240 23
144.4434 13.2500 -240 23
144.4500 13.2458 -240 23
144.5000 13.2079 -240 23
144.5089 13.2000 -240 23
144.5500 13.1594 -240 23
144.5582 13.1500 -240 23
144.5968 13.1000 -240 23
144.6000 13.0952 -240 23
144.6267 13.0500 -240 23
144.6500 13.0035 -240 23
144.6516 13.0000 -240 23
144.6709 12.9500 -240 23
144.6871 12.9000 -240 23
144.7000 12.8536 -240 23
144.7009 12.8500 -240 23
144.7124 12.8000 -240 23
144.7232 12.7500 -240 23
144.7340 12.7000 -240 23
144.7459 12.6500 -240 23
144.7500 12.6348 -240 23
144.7591 12.6000 -240 23
144.7746 12.5500 -240 23
144.7930 12.5000 -240 23
144.8000 12.4836 -240 23
144.8144 12.4500 -240 23
144.8394 12.4000 -240 23
144.8500 12.3814 -240 23
144.8685 12.3500 -240 23
144.9000 12.3038 -240 23
144.9028 12.3000 -240 23
144.9447 12.2500 -240 23
144.9500 12.2445 -240 23
144.9993 12.2000 -240 23
> Contour Depth = -260
142.7500 11.4000 -260 24
142.7150 11.4500 -260 24
142.7000 11.4706 -260 24
142.6803 11.5000 -260 24
142.6500 11.5439 -260 24
142.6461 11.5500 -260 24
142.6136 11.6000 -260 24
142.6000 11.6208 -260 24
142.5824 11.6500 -260 24
142.5526 11.7000 -260 24
142.5500 11.7044 -260 24
142.5247 11.7500 -260 24
142.5000 11.7960 -260 24
142.4979 11.8000 -260 24
142.4729 11.8500 -260 24
142.4500 11.8971 -260 24
142.4486 11.9000 -260 24
142.4259 11.9500 -260 24
142.4039 12.0000 -260 24
142.4000 12.0096 -260 24
142.3835 12.0500 -260 24
142.3643 12.1000 -260 24
142.3500 12.1403 -260 24
142.3466 12.1500 -260 24
142.3314 12.2000 -260 24
142.3187 12.2500 -260 24
142.3090 12.3000 -260 24
142.3033 12.3500 -260 24
142.3024 12.4000 -260 24
142.3075 12.4500 -260 24
142.3195 12.5000 -260 24
142.3390 12.5500 -260 24
142.3500 12.5705 -260 24
142.3669 12.6000 -260 24
142.4000 12.6471 -260 24
142.4020 12.6500 -260 24
142.4412 12.7000 -260 24
142.4500 12.7106 -260 24
142.4798 12.7500 -260 24
142.5000 12.7768 -260 24
142.5152 12.8000 -260 24
142.5461 12.8500 -260 24
142.5500 12.8566 -260 24
142.5720 12.9000 -260 24
142.5941 12.9500 -260 24
142.6000 12.9645 -260 24
142.6126 13.0000 -260 24
142.6280 13.0500 -260 24
142.6411 13.1000 -260 24
142.6500 13.1401 -260 24
142.6520 13.1500 -260 24
142.6608 13.2000 -260 24
142.6680 13.2500 -260 24
142.6735 13.3000 -260 24
142.6777 13.3500 -260 24
142.6805 13.4000 -260 24
142.6823 13.4500 -260 24
142.6831 13.5000 -260 24
142.6833 13.5500 -260 24
142.6834 13.6000 -260 24
142.6841 13.6500 -260 24
142.6863 13.7000 -260 24
142.6914 13.7500 -260 24
142.7000 13.7949 -260 24
142.7012 13.8000 -260 24
142.7186 13.8500 -260 24
142.7470 13.9000 -260 24
142.7500 13.9040 -260 24
142.7947 13.9500 -260 24
142.8000 13.9544 -260 24
142.8500 13.9869 -260 24
142.8763 14.0000 -260 24
142.9000 14.0108 -260 24
142.9500 14.0304 -260 24
143.0000 14.0479 -260 24
143.0060 14.0500 -260 24
143.0500 14.0656 -260 24
143.1000 14.0842 -260 24
143.1395 14.1000 -260 24
143.1500 14.1044 -260 24
143.2000 14.1279 -260 24
143.2429 14.1500 -260 24
> Contour Depth = -260
141.1000 12.0086 -260 25
141.1057 12.0000 -260 25
141.1384 11.9500 -260 25
141.1500 11.9315 -260 25
141.1699 11.9000 -260 25
141.2000 11.8500 -260 25
141.2000 11.8500 -260 25
141.2300 11.8000 -260 25
141.2500 11.7645 -260 25
141.2586 11.7500 -260 25
141.2867 11.7000 -260 25
141.3000 11.6746 -260 25
141.3139 11.6500 -260 25
141.3401 11.6000 -260 25
141.3500 11.5787 -260 25
141.3649 11.5500 -260 25
141.3874 11.5000 -260 25
141.4000 11.4654 -260 25
141.4064 11.4500 -260 25
141.4201 11.4000 -260 25
141.4250 11.3500 -260 25
141.4153 11.3000 -260 25
141.4000 11.2759 -260 25
141.3792 11.2500 -260 25
141.3500 11.2295 -260 25
141.3024 11.2000 -260 25
141.3000 11.1989 -260 25
141.2500 11.1717 -260 25
141.2166 11.1500 -260 25
141.2000 11.1408 -260 25
141.1500 11.1050 -260 25
141.1446 11.1000 -260 25
141.1000 11.0626 -260 25
