> Contour Depth = -240
289.6600 17.7893 -240 1
289.6800 17.7848 -240 1
289.6946 17.7800 -240 1
289.7000 17.7781 -240 1
289.7200 17.7689 -240 1
289.7355 17.7600 -240 1
289.7400 17.7572 -240 1
289.7600 17.7422 -240 1
289.7625 17.7400 -240 1
289.7800 17.7230 -240 1
289.7827 17.7200 -240 1
289.7988 17.7000 -240 1
289.8000 17.6982 -240 1
289.8114 17.6800 -240 1
289.8200 17.6641 -240 1
289.8220 17.6600 -240 1
289.8300 17.6400 -240 1
289.8365 17.6200 -240 1
289.8400 17.6053 -240 1
289.8412 17.6000 -240 1
289.8438 17.5800 -240 1
> Contour Depth = -260
293.2400 18.2631 -260 2
293.2419 18.2600 -260 2
293.2580 18.2400 -260 2
293.2600 18.2381 -260 2
293.2800 18.2214 -260 2
293.2819 18.2200 -260 2
293.3000 18.2081 -260 2
293.3130 18.2000 -260 2
293.3200 18.1959 -260 2
293.3400 18.1838 -260 2
293.3458 18.1800 -260 2
293.3600 18.1706 -260 2
293.3739 18.1600 -260 2
293.3800 18.1551 -260 2
293.3960 18.1400 -260 2
293.4000 18.1358 -260 2
293.4129 18.1200 -260 2
293.4200 18.1096 -260 2
293.4258 18.1000 -260 2
293.4356 18.0800 -260 2
293.4400 18.0686 -260 2
293.4430 18.0600 -260 2
293.4483 18.0400 -260 2
293.4518 18.0200 -260 2
293.4538 18.0000 -260 2
293.4544 17.9800 -260 2
293.4538 17.9600 -260 2
293.4520 17.9400 -260 2
293.4491 17.9200 -260 2
293.4452 17.9000 -260 2
293.4402 17.8800 -260 2
293.4400 17.8793 -260 2
293.4341 17.8600 -260 2
293.4268 17.8400 -260 2
293.4200 17.8236 -260 2
293.4184 17.8200 -260 2
293.4082 17.8000 -260 2
293.4000 17.7858 -260 2
293.3963 17.7800 -260 2
293.3816 17.7600 -260 2
293.3800 17.7582 -260 2
293.3619 17.7400 -260 2
293.3600 17.7383 -260 2
293.3400 17.7246 -260 2
293.3303 17.7200 -260 2
293.3200 17.7158 -260 2
293.3000 17.7113 -260 2
293.2800 17.7106 -260 2
293.2600 17.7135 -260 2
293.2402 17.7200 -260 2
293.2400 17.7201 -260 2
293.2200 17.7318 -260 2
293.2096 17.7400 -260 2
293.2000 17.7491 -260 2
293.1908 17.7600 -260 2
293.1800 17.7758 -260 2
293.1776 17.7800 -260 2
293.1683 17.8000 -260 2
293.1609 17.8200 -260 2
293.1600 17.8230 -260 2
293.1555 17.8400 -260 2
293.1513 17.8600 -260 2
293.1479 17.8800 -260 2
293.1451 17.9000 -260 2
293.1426 17.9200 -260 2
293.1403 17.9400 -260 2
293.1400 17.9432 -260 2
293.1383 17.9600 -260 2
293.1362 17.9800 -260 2
293.1338 18.0000 -260 2
293.1310 18.0200 -260 2
293.1275 18.0400 -260 2
293.1229 18.0600 -260 2
293.1200 18.0697 -260 2
293.1168 18.0800 -260 2
293.1083 18.1000 -260 2
293.1000 18.1139 -260 2
293.0958 18.1200 -260 2
293.0800 18.1370 -260 2
293.0767 18.1400 -260 2
293.0600 18.1521 -260 2
293.0468 18.1600 -260 2
293.0400 18.1635 -260 2
293.0200 18.1728 -260 2
293.0029 18.1800 -260 2
293.0000 18.1811 -260 2
292.9800 18.1889 -260 2
292.9600 18.1967 -260 2
292.9518 18.2000 -260 2
292.9400 18.2048 -260 2
292.9200 18.2135 -260 2
292.9066 18.2200 -260 2
292.9000 18.2233 -260 2
292.8800 18.2346 -260 2
292.8717 18.2400 -260 2
> Contour Depth = -260
289.5600 17.9190 -260 3
289.5665 17.9200 -260 3
289.5800 17.9223 -260 3
289.6000 17.9241 -260 3
289.6200 17.9243 -260 3
289.6400 17.9229 -260 3
289.6593 17.9200 -260 3
289.6600 17.9199 -260 3
289.6800 17.9157 -260 3
289.7000 17.9096 -260 3
289.7200 17.9013 -260 3
289.7225 17.9000 -260 3
289.7400 17.8915 -260 3
289.7584 17.8800 -260 3
289.7600 17.8790 -260 3
289.7800 17.8644 -260 3
289.7849 17.8600 -260 3
289.8000 17.8469 -260 3
289.8066 17.8400 -260 3
289.8200 17.8260 -260 3
289.8249 17.8200 -260 3
289.8400 17.8012 -260 3
289.8408 17.8000 -260 3
289.8547 17.7800 -260 3
289.8600 17.7720 -260 3
289.8672 17.7600 -260 3
289.8784 17.7400 -260 3
289.8800 17.7371 -260 3
289.8885 17.7200 -260 3
289.8977 17.7000 -260 3
289.9000 17.6947 -260 3
289.9060 17.6800 -260 3
289.9136 17.6600 -260 3
289.9200 17.6412 -260 3
289.9204 17.6400 -260 3
289.9265 17.6200 -260 3
289.9319 17.6000 -260 3
289.9366 17.5800 -260 3
289.9400 17.5629 -260 3
289.9406 17.5600 -260 3
> Contour Depth = -260
291.8377 17.2800 -260 4
291.8400 17.2850 -260 4
291.8470 17.3000 -260 4
291.8534 17.3200 -260 4
291.8574 17.3400 -260 4
291.8592 17.3600 -260 4
291.8592 17.3800 -260 4
291.8576 17.4000 -260 4
291.8549 17.4200 -260 4
291.8511 17.4400 -260 4
291.8466 17.4600 -260 4
291.8414 17.4800 -260 4
291.8400 17.4853 -260 4
291.8361 17.5000 -260 4
291.8307 17.5200 -260 4
291.8251 17.5400 -260 4
291.8200 17.5584 -260 4
291.8196 17.5600 -260 4
291.8144 17.5800 -260 4
291.8095 17.6000 -260 4
291.8049 17.6200 -260 4
291.8008 17.6400 -260 4
291.8000 17.6446 -260 4
291.7974 17.6600 -260 4
291.7949 17.6800 -260 4
291.7936 17.7000 -260 4
291.7937 17.7200 -260 4
291.7960 17.7400 -260 4
291.8000 17.7550 -260 4
291.8017 17.7600 -260 4
291.8136 17.7800 -260 4
291.8200 17.7869 -260 4
291.8393 17.8000 -260 4
291.8400 17.8004 -260 4
291.8600 17.8065 -260 4
291.8800 17.8087 -260 4
291.9000 17.8079 -260 4
291.9200 17.8046 -260 4
291.9366 17.8000 -260 4
291.9400 17.7991 -260 4
291.9600 17.7913 -260 4
291.9800 17.7815 -260 4
291.9825 17.7800 -260 4
292.0000 17.7693 -260 4
292.0128 17.7600 -260 4
292.0200 17.7546 -260 4
292.0369 17.7400 -260 4
292.0400 17.7372 -260 4
292.0570 17.7200 -260 4
292.0600 17.7168 -260 4
292.0745 17.7000 -260 4
292.0800 17.6933 -260 4
292.0903 17.6800 -260 4
292.1000 17.6670 -260 4
292.1050 17.6600 -260 4
292.1190 17.6400 -260 4
292.1200 17.6386 -260 4
292.1330 17.6200 -260 4
292.1400 17.6101 -260 4
292.1475 17.6000 -260 4
292.1600 17.5839 -260 4
292.1633 17.5800 -260 4
292.1800 17.5615 -260 4
292.1816 17.5600 -260 4
292.2000 17.5437 -260 4
292.2051 17.5400 -260 4
292.2200 17.5302 -260 4
292.2400 17.5200 -260 4
292.2400 17.5200 -260 4
292.2600 17.5133 -260 4
292.2800 17.5092 -260 4
292.3000 17.5075 -260 4
292.3200 17.5080 -260 4
292.3400 17.5108 -260 4
292.3600 17.5158 -260 4
292.3718 17.5200 -260 4
292.3800 17.5234 -260 4
292.4000 17.5343 -260 4
292.4087 17.5400 -260 4
292.4200 17.5493 -260 4
292.4312 17.5600 -260 4
292.4400 17.5710 -260 4
292.4465 17.5800 -260 4
292.4572 17.6000 -260 4
292.4600 17.6072 -260 4
292.4648 17.6200 -260 4
292.4700 17.6400 -260 4
292.4734 17.6600 -260 4
292.4756 17.6800 -260 4
292.4769 17.7000 -260 4
292.4777 17.7200 -260 4
292.4782 17.7400 -260 4
292.4787 17.7600 -260 4
292.4794 17.7800 -260 4
292.4800 17.7908 -260 4
292.4806 17.8000 -260 4
292.4826 17.8200 -260 4
292.4857 17.8400 -260 4
292.4902 17.8600 -260 4
292.4965 17.8800 -260 4
292.5000 17.8884 -260 4
292.5065 17.9000 -260 4
292.5200 17.9185 -260 4
292.5218 17.9200 -260 4
292.5400 17.9332 -260 4
292.5600 17.9397 -260 4
292.5800 17.9400 -260 4
292.6000 17.9346 -260 4
292.6200 17.9238 -260 4
292.6247 17.9200 -260 4
292.6400 17.9070 -260 4
292.6462 17.9000 -260 4
292.6600 17.8834 -260 4
292.6623 17.8800 -260 4
292.6751 17.8600 -260 4
292.6800 17.8519 -260 4
292.6861 17.8400 -260 4
292.6959 17.8200 -260 4
292.7000 17.8110 -260 4
292.7045 17.8000 -260 4
292.7120 17.7800 -260 4
292.7188 17.7600 -260 4
292.7200 17.7560 -260 4
292.7244 17.7400 -260 4
292.7289 17.7200 -260 4
292.7324 17.7000 -260 4
292.7347 17.6800 -260 4
292.7356 17.6600 -260 4
292.7352 17.6400 -260 4
292.7334 17.6200 -260 4
292.7304 17.6000 -260 4
292.7265 17.5800 -260 4
292.7219 17.5600 -260 4
292.7200 17.5526 -260 4
292.7166 17.5400 -260 4
292.7112 17.5200 -260 4
292.7062 17.5000 -260 4
292.7017 17.4800 -260 4
292.7000 17.4714 -260 4
292.6977 17.4600 -260 4
292.6944 17.4400 -260 4
292.6919 17.4200 -260 4
292.6902 17.4000 -260 4
292.6893 17.3800 -260 4
292.6889 17.3600 -260 4
292.6891 17.3400 -260 4
> Contour Depth = -260
295.2077 17.4200 -260 5
295.2026 17.4400 -260 5
295.2000 17.4500 -260 5
295.1976 17.4600 -260 5
295.1927 17.4800 -260 5
295.1880 17.5000 -260 5
295.1833 17.5200 -260 5
295.1800 17.5344 -260 5
295.1787 17.5400 -260 5
295.1746 17.5600 -260 5
295.1708 17.5800 -260 5
295.1675 17.6000 -260 5
295.1650 17.6200 -260 5
295.1636 17.6400 -260 5
295.1638 17.6600 -260 5
295.1669 17.6800 -260 5
295.1746 17.7000 -260 5
295.1800 17.7078 -260 5
295.1943 17.7200 -260 5
295.2000 17.7233 -260 5
295.2200 17.7297 -260 5
295.2400 17.7322 -260 5
295.2600 17.7324 -260 5
295.2800 17.7312 -260 5
295.3000 17.7289 -260 5
295.3200 17.7258 -260 5
295.3400 17.7220 -260 5
295.3486 17.7200 -260 5
295.3600 17.7174 -260 5
295.3800 17.7121 -260 5
295.4000 17.7057 -260 5
295.4148 17.7000 -260 5
295.4200 17.6979 -260 5
295.4400 17.6882 -260 5
295.4535 17.6800 -260 5
295.4600 17.6755 -260 5
295.4778 17.6600 -260 5
295.4800 17.6576 -260 5
295.4934 17.6400 -260 5
295.5000 17.6285 -260 5
295.5040 17.6200 -260 5
295.5109 17.6000 -260 5
295.5155 17.5800 -260 5
295.5183 17.5600 -260 5
295.5198 17.5400 -260 5
295.5200 17.5318 -260 5
295.5202 17.5200 -260 5
> Contour Depth = -260
294.1696 17.3800 -260 6
294.1626 17.4000 -260 6
294.1600 17.4117 -260 6
294.1585 17.4200 -260 6
294.1568 17.4400 -260 6
294.1571 17.4600 -260 6
294.1592 17.4800 -260 6
294.1600 17.4838 -260 6
294.1644 17.5000 -260 6
294.1724 17.5200 -260 6
294.1800 17.5342 -260 6
294.1845 17.5400 -260 6
294.2000 17.5562 -260 6
294.2060 17.5600 -260 6
294.2200 17.5677 -260 6
294.2400 17.5723 -260 6
294.2600 17.5703 -260 6
294.2800 17.5606 -260 6
294.2807 17.5600 -260 6
294.2981 17.5400 -260 6
294.3000 17.5371 -260 6
294.3075 17.5200 -260 6
294.3137 17.5000 -260 6
294.3178 17.4800 -260 6
294.3200 17.4618 -260 6
294.3202 17.4600 -260 6
294.3208 17.4400 -260 6
294.3201 17.4200 -260 6
294.3200 17.4188 -260 6
294.3176 17.4000 -260 6
294.3130 17.3800 -260 6
> Contour Depth = -280
289.3261 18.2000 -280 7
289.3400 18.2174 -280 7
289.3420 18.2200 -280 7
289.3568 18.2400 -280 7
289.3600 18.2446 -280 7
289.3706 18.2600 -280 7
289.3800 18.2748 -280 7
289.3834 18.2800 -280 7
289.3954 18.3000 -280 7
289.4000 18.3081 -280 7
289.4069 18.3200 -280 7
289.4178 18.3400 -280 7
289.4200 18.3443 -280 7
289.4286 18.3600 -280 7
289.4389 18.3800 -280 7
289.4400 18.3822 -280 7
289.4497 18.4000 -280 7
> Contour Depth = -280
289.8319 18.3800 -280 8
289.8400 18.3745 -280 8
289.8600 18.3605 -280 8
289.8607 18.3600 -280 8
289.8800 18.3434 -280 8
289.8836 18.3400 -280 8
289.9000 18.3206 -280 8
289.9004 18.3200 -280 8
289.9121 18.3000 -280 8
289.9200 18.2810 -280 8
289.9204 18.2800 -280 8
289.9256 18.2600 -280 8
289.9290 18.2400 -280 8
289.9309 18.2200 -280 8
289.9318 18.2000 -280 8
289.9319 18.1800 -280 8
289.9315 18.1600 -280 8
289.9309 18.1400 -280 8
289.9301 18.1200 -280 8
289.9294 18.1000 -280 8
289.9288 18.0800 -280 8
289.9284 18.0600 -280 8
289.9283 18.0400 -280 8
289.9286 18.0200 -280 8
289.9293 18.0000 -280 8
289.9305 17.9800 -280 8
289.9321 17.9600 -280 8
289.9342 17.9400 -280 8
289.9367 17.9200 -280 8
289.9396 17.9000 -280 8
289.9400 17.8977 -280 8
289.9430 17.8800 -280 8
289.9468 17.8600 -280 8
289.9510 17.8400 -280 8
289.9555 17.8200 -280 8
289.9600 17.8007 -280 8
289.9602 17.8000 -280 8
289.9654 17.7800 -280 8
289.9709 17.7600 -280 8
289.9764 17.7400 -280 8
289.9800 17.7271 -280 8
289.9821 17.7200 -280 8
289.9883 17.7000 -280 8
289.9944 17.6800 -280 8
290.0000 17.6612 -280 8
290.0004 17.6600 -280 8
290.0071 17.6400 -280 8
290.0136 17.6200 -280 8
290.0198 17.6000 -280 8
290.0200 17.5994 -280 8
290.0269 17.5800 -280 8
290.0336 17.5600 -280 8
290.0399 17.5400 -280 8
> Contour Depth = -280
291.1708 18.3800 -280 9
291.1726 18.3600 -280 9
291.1751 18.3400 -280 9
291.1783 18.3200 -280 9
291.1800 18.3115 -280 9
291.1827 18.3000 -280 9
291.1886 18.2800 -280 9
291.1963 18.2600 -280 9
291.2000 18.2521 -280 9
291.2076 18.2400 -280 9
291.2200 18.2242 -280 9
291.2248 18.2200 -280 9
291.2400 18.2087 -280 9
291.2600 18.2003 -280 9
291.2612 18.2000 -280 9
291.2800 18.1962 -280 9
291.3000 18.1954 -280 9
291.3200 18.1971 -280 9
291.3352 18.2000 -280 9
291.3400 18.2009 -280 9
291.3600 18.2064 -280 9
291.3800 18.2136 -280 9
291.3943 18.2200 -280 9
291.4000 18.2225 -280 9
291.4200 18.2329 -280 9
291.4317 18.2400 -280 9
291.4400 18.2450 -280 9
291.4600 18.2589 -280 9
291.4614 18.2600 -280 9
291.4800 18.2747 -280 9
291.4860 18.2800 -280 9
291.5000 18.2927 -280 9
291.5073 18.3000 -280 9
291.5200 18.3132 -280 9
291.5260 18.3200 -280 9
> Contour Depth = -280
290.6099 18.3400 -280 10
290.6131 18.3200 -280 10
290.6165 18.3000 -280 10
290.6200 18.2817 -280 10
290.6203 18.2800 -280 10
290.6244 18.2600 -280 10
290.6288 18.2400 -280 10
290.6336 18.2200 -280 10
290.6387 18.2000 -280 10
290.6400 18.1951 -280 10
290.6442 18.1800 -280 10
290.6502 18.1600 -280 10
290.6565 18.1400 -280 10
290.6600 18.1296 -280 10
290.6635 18.1200 -280 10
290.6712 18.1000 -280 10
290.6795 18.0800 -280 10
290.6800 18.0788 -280 10
290.6891 18.0600 -280 10
290.6998 18.0400 -280 10
290.7000 18.0396 -280 10
290.7127 18.0200 -280 10
290.7200 18.0095 -280 10
290.7280 18.0000 -280 10
290.7400 17.9866 -280 10
290.7473 17.9800 -280 10
290.7600 17.9690 -280 10
290.7730 17.9600 -280 10
290.7800 17.9553 -280 10
290.8000 17.9444 -280 10
290.8100 17.9400 -280 10
290.8200 17.9356 -280 10
290.8400 17.9281 -280 10
290.8600 17.9216 -280 10
290.8654 17.9200 -280 10
290.8800 17.9154 -280 10
290.9000 17.9091 -280 10
290.9200 17.9024 -280 10
290.9263 17.9000 -280 10
290.9400 17.8942 -280 10
290.9600 17.8841 -280 10
290.9668 17.8800 -280 10
290.9800 17.8707 -280 10
290.9923 17.8600 -280 10
291.0000 17.8521 -280 10
291.0100 17.8400 -280 10
291.0200 17.8256 -280 10
291.0234 17.8200 -280 10
291.0337 17.8000 -280 10
291.0400 17.7856 -280 10
291.0422 17.7800 -280 10
291.0491 17.7600 -280 10
291.0549 17.7400 -280 10
291.0597 17.7200 -280 10
291.0600 17.7182 -280 10
291.0634 17.7000 -280 10
291.0663 17.6800 -280 10
291.0684 17.6600 -280 10
291.0694 17.6400 -280 10
291.0695 17.6200 -280 10
291.0686 17.6000 -280 10
291.0665 17.5800 -280 10
291.0632 17.5600 -280 10
291.0600 17.5465 -280 10
291.0585 17.5400 -280 10
291.0528 17.5200 -280 10
291.0455 17.5000 -280 10
291.0400 17.4873 -280 10
291.0369 17.4800 -280 10
291.0274 17.4600 -280 10
291.0200 17.4466 -280 10
291.0166 17.4400 -280 10
291.0052 17.4200 -280 10
291.0000 17.4114 -280 10
290.9935 17.4000 -280 10
290.9817 17.3800 -280 10
290.9800 17.3771 -280 10
290.9709 17.3600 -280 10
> Contour Depth = -280
294.5818 17.3800 -280 11
294.5927 17.4000 -280 11
294.6000 17.4133 -280 11
294.6040 17.4200 -280 11
294.6159 17.4400 -280 11
294.6200 17.4469 -280 11
294.6285 17.4600 -280 11
294.6400 17.4772 -280 11
294.6420 17.4800 -280 11
294.6568 17.5000 -280 11
294.6600 17.5043 -280 11
294.6732 17.5200 -280 11
294.6800 17.5280 -280 11
294.6917 17.5400 -280 11
294.7000 17.5483 -280 11
294.7136 17.5600 -280 11
294.7200 17.5654 -280 11
294.7400 17.5792 -280 11
294.7414 17.5800 -280 11
294.7600 17.5899 -280 11
294.7800 17.5974 -280 11
294.7914 17.6000 -280 11
294.8000 17.6019 -280 11
294.8200 17.6037 -280 11
294.8400 17.6029 -280 11
294.8580 17.6000 -280 11
294.8600 17.5997 -280 11
294.8800 17.5941 -280 11
294.9000 17.5861 -280 11
294.9115 17.5800 -280 11
294.9200 17.5755 -280 11
294.9400 17.5617 -280 11
294.9420 17.5600 -280 11
294.9600 17.5439 -280 11
294.9636 17.5400 -280 11
294.9800 17.5208 -280 11
294.9806 17.5200 -280 11
294.9939 17.5000 -280 11
295.0000 17.4898 -280 11
295.0051 17.4800 -280 11
295.0147 17.4600 -280 11
295.0200 17.4482 -280 11
295.0232 17.4400 -280 11
295.0308 17.4200 -280 11
> Contour Depth = -280
295.7069 17.5800 -280 12
295.7200 17.5957 -280 12
295.7239 17.6000 -280 12
295.7400 17.6152 -280 12
> Contour Depth = -280
290.3001 17.4800 -280 13
290.3200 17.4949 -280 13
290.3279 17.5000 -280 13
290.3400 17.5078 -280 13
290.3600 17.5183 -280 13
290.3643 17.5200 -280 13
290.3800 17.5262 -280 13
290.4000 17.5310 -280 13
290.4200 17.5325 -280 13
290.4400 17.5300 -280 13
290.4600 17.5225 -280 13
290.4639 17.5200 -280 13
290.4800 17.5085 -280 13
290.4883 17.5000 -280 13
290.5000 17.4860 -280 13
290.5040 17.4800 -280 13
290.5156 17.4600 -280 13
290.5200 17.4512 -280 13
290.5249 17.4400 -280 13
> Contour Depth = -280
292.9421 17.3600 -280 14
292.9600 17.3750 -280 14
292.9671 17.3800 -280 14
292.9800 17.3889 -280 14
292.9997 17.4000 -280 14
293.0000 17.4001 -280 14
293.0200 17.4092 -280 14
293.0400 17.4161 -280 14
293.0549 17.4200 -280 14
293.0600 17.4213 -280 14
293.0800 17.4248 -280 14
293.1000 17.4269 -280 14
293.1200 17.4277 -280 14
293.1400 17.4274 -280 14
293.1600 17.4261 -280 14
293.1800 17.4237 -280 14
293.2000 17.4205 -280 14
293.2023 17.4200 -280 14
293.2200 17.4161 -280 14
293.2400 17.4107 -280 14
293.2600 17.4042 -280 14
293.2712 17.4000 -280 14
293.2800 17.3962 -280 14
293.3000 17.3862 -280 14
293.3108 17.3800 -280 14
293.3200 17.3736 -280 14
293.3370 17.3600 -280 14
