> Contour Depth = -20
166.9000 -45.0465 -20 1
166.9186 -45.0400 -20 1
166.9200 -45.0395 -20 1
166.9400 -45.0320 -20 1
166.9600 -45.0240 -20 1
166.9690 -45.0200 -20 1
166.9800 -45.0149 -20 1
167.0000 -45.0047 -20 1
167.0086 -45.0000 -20 1
167.0200 -44.9934 -20 1
167.0400 -44.9812 -20 1
167.0419 -44.9800 -20 1
167.0600 -44.9682 -20 1
167.0726 -44.9600 -20 1
167.0800 -44.9551 -20 1
167.1000 -44.9420 -20 1
167.1029 -44.9400 -20 1
167.1200 -44.9285 -20 1
167.1327 -44.9200 -20 1
167.1400 -44.9151 -20 1
167.1600 -44.9013 -20 1
167.1618 -44.9000 -20 1
167.1800 -44.8866 -20 1
167.1887 -44.8800 -20 1
167.2000 -44.8712 -20 1
167.2137 -44.8600 -20 1
167.2200 -44.8547 -20 1
167.2361 -44.8400 -20 1
167.2400 -44.8363 -20 1
167.2556 -44.8200 -20 1
167.2600 -44.8150 -20 1
167.2722 -44.8000 -20 1
167.2800 -44.7894 -20 1
167.2864 -44.7800 -20 1
167.2987 -44.7600 -20 1
167.3000 -44.7576 -20 1
167.3090 -44.7400 -20 1
167.3185 -44.7200 -20 1
167.3200 -44.7166 -20 1
167.3270 -44.7000 -20 1
167.3352 -44.6800 -20 1
> Contour Depth = -20
167.6347 -45.5600 -20 2
167.6309 -45.5800 -20 2
167.6300 -45.6000 -20 2
167.6335 -45.6200 -20 2
167.6400 -45.6344 -20 2
167.6435 -45.6400 -20 2
167.6600 -45.6587 -20 2
167.6615 -45.6600 -20 2
167.6800 -45.6771 -20 2
167.6832 -45.6800 -20 2
167.6958 -45.7000 -20 2
167.6981 -45.7200 -20 2
167.6932 -45.7400 -20 2
167.6800 -45.7557 -20 2
167.6706 -45.7600 -20 2
167.6600 -45.7630 -20 2
167.6400 -45.7609 -20 2
167.6380 -45.7600 -20 2
167.6200 -45.7522 -20 2
167.6046 -45.7400 -20 2
167.6000 -45.7355 -20 2
167.5878 -45.7200 -20 2
167.5800 -45.7061 -20 2
167.5768 -45.7000 -20 2
167.5690 -45.6800 -20 2
167.5635 -45.6600 -20 2
167.5600 -45.6400 -20 2
167.5600 -45.6399 -20 2
167.5591 -45.6200 -20 2
167.5600 -45.6091 -20 2
167.5608 -45.6000 -20 2
167.5654 -45.5800 -20 2
167.5723 -45.5600 -20 2
167.5800 -45.5439 -20 2
167.5823 -45.5400 -20 2
> Contour Depth = -20
164.3000 -48.4327 -20 3
164.3098 -48.4200 -20 3
164.3200 -48.4068 -20 3
164.3253 -48.4000 -20 3
164.3400 -48.3811 -20 3
164.3408 -48.3800 -20 3
164.3563 -48.3600 -20 3
164.3600 -48.3552 -20 3
164.3718 -48.3400 -20 3
164.3800 -48.3294 -20 3
164.3872 -48.3200 -20 3
164.4000 -48.3036 -20 3
164.4027 -48.3000 -20 3
164.4182 -48.2800 -20 3
164.4200 -48.2776 -20 3
164.4335 -48.2600 -20 3
164.4400 -48.2516 -20 3
164.4488 -48.2400 -20 3
164.4600 -48.2255 -20 3
164.4642 -48.2200 -20 3
164.4795 -48.2000 -20 3
164.4800 -48.1993 -20 3
164.4946 -48.1800 -20 3
164.5000 -48.1729 -20 3
164.5097 -48.1600 -20 3
164.5200 -48.1465 -20 3
164.5249 -48.1400 -20 3
164.5400 -48.1200 -20 3
164.5400 -48.1200 -20 3
164.5549 -48.1000 -20 3
164.5600 -48.0933 -20 3
164.5698 -48.0800 -20 3
164.5800 -48.0664 -20 3
164.5847 -48.0600 -20 3
164.5995 -48.0400 -20 3
164.6000 -48.0393 -20 3
164.6141 -48.0200 -20 3
164.6200 -48.0119 -20 3
164.6286 -48.0000 -20 3
164.6400 -47.9842 -20 3
164.6430 -47.9800 -20 3
164.6572 -47.9600 -20 3
164.6600 -47.9560 -20 3
164.6712 -47.9400 -20 3
164.6800 -47.9273 -20 3
164.6850 -47.9200 -20 3
164.6987 -47.9000 -20 3
164.7000 -47.8980 -20 3
164.7120 -47.8800 -20 3
164.7200 -47.8679 -20 3
164.7252 -47.8600 -20 3
164.7381 -47.8400 -20 3
164.7400 -47.8371 -20 3
164.7507 -47.8200 -20 3
164.7600 -47.8052 -20 3
164.7632 -47.8000 -20 3
164.7754 -47.7800 -20 3
164.7800 -47.7724 -20 3
164.7874 -47.7600 -20 3
164.7993 -47.7400 -20 3
164.8000 -47.7388 -20 3
164.8109 -47.7200 -20 3
164.8200 -47.7041 -20 3
164.8224 -47.7000 -20 3
164.8337 -47.6800 -20 3
164.8400 -47.6688 -20 3
164.8450 -47.6600 -20 3
164.8561 -47.6400 -20 3
164.8600 -47.6331 -20 3
164.8673 -47.6200 -20 3
164.8785 -47.6000 -20 3
164.8800 -47.5973 -20 3
164.8897 -47.5800 -20 3
164.9000 -47.5618 -20 3
164.9010 -47.5600 -20 3
164.9124 -47.5400 -20 3
164.9200 -47.5268 -20 3
164.9240 -47.5200 -20 3
164.9358 -47.5000 -20 3
164.9400 -47.4929 -20 3
164.9478 -47.4800 -20 3
164.9600 -47.4601 -20 3
164.9601 -47.4600 -20 3
164.9727 -47.4400 -20 3
164.9800 -47.4285 -20 3
164.9856 -47.4200 -20 3
164.9988 -47.4000 -20 3
165.0000 -47.3983 -20 3
165.0125 -47.3800 -20 3
165.0200 -47.3691 -20 3
165.0266 -47.3600 -20 3
165.0400 -47.3413 -20 3
165.0410 -47.3400 -20 3
165.0559 -47.3200 -20 3
165.0600 -47.3145 -20 3
165.0713 -47.3000 -20 3
165.0800 -47.2887 -20 3
165.0871 -47.2800 -20 3
165.1000 -47.2639 -20 3
165.1033 -47.2600 -20 3
165.1199 -47.2400 -20 3
165.1200 -47.2399 -20 3
165.1370 -47.2200 -20 3
165.1400 -47.2165 -20 3
165.1545 -47.2000 -20 3
165.1600 -47.1937 -20 3
165.1724 -47.1800 -20 3
165.1800 -47.1714 -20 3
165.1905 -47.1600 -20 3
165.2000 -47.1495 -20 3
165.2089 -47.1400 -20 3
165.2200 -47.1278 -20 3
165.2275 -47.1200 -20 3
165.2400 -47.1064 -20 3
165.2461 -47.1000 -20 3
165.2600 -47.0849 -20 3
165.2648 -47.0800 -20 3
165.2800 -47.0635 -20 3
165.2833 -47.0600 -20 3
165.3000 -47.0418 -20 3
165.3017 -47.0400 -20 3
165.3197 -47.0200 -20 3
165.3200 -47.0197 -20 3
165.3375 -47.0000 -20 3
165.3400 -46.9971 -20 3
165.3549 -46.9800 -20 3
165.3600 -46.9738 -20 3
165.3717 -46.9600 -20 3
165.3800 -46.9497 -20 3
165.3880 -46.9400 -20 3
165.4000 -46.9247 -20 3
165.4038 -46.9200 -20 3
165.4191 -46.9000 -20 3
165.4200 -46.8988 -20 3
165.4340 -46.8800 -20 3
165.4400 -46.8716 -20 3
165.4485 -46.8600 -20 3
165.4600 -46.8435 -20 3
165.4625 -46.8400 -20 3
165.4762 -46.8200 -20 3
165.4800 -46.8143 -20 3
165.4897 -46.8000 -20 3
165.5000 -46.7843 -20 3
165.5029 -46.7800 -20 3
165.5159 -46.7600 -20 3
165.5200 -46.7536 -20 3
165.5288 -46.7400 -20 3
165.5400 -46.7224 -20 3
165.5415 -46.7200 -20 3
165.5542 -46.7000 -20 3
165.5600 -46.6907 -20 3
165.5667 -46.6800 -20 3
165.5792 -46.6600 -20 3
165.5800 -46.6586 -20 3
165.5916 -46.6400 -20 3
165.6000 -46.6263 -20 3
165.6038 -46.6200 -20 3
165.6160 -46.6000 -20 3
165.6200 -46.5935 -20 3
165.6281 -46.5800 -20 3
165.6400 -46.5603 -20 3
165.6402 -46.5600 -20 3
165.6521 -46.5400 -20 3
165.6600 -46.5268 -20 3
165.6640 -46.5200 -20 3
165.6757 -46.5000 -20 3
165.6800 -46.4929 -20 3
165.6875 -46.4800 -20 3
165.6991 -46.4600 -20 3
165.7000 -46.4585 -20 3
165.7107 -46.4400 -20 3
165.7200 -46.4240 -20 3
165.7222 -46.4200 -20 3
165.7336 -46.4000 -20 3
165.7400 -46.3888 -20 3
165.7449 -46.3800 -20 3
165.7560 -46.3600 -20 3
165.7600 -46.3529 -20 3
165.7669 -46.3400 -20 3
165.7777 -46.3200 -20 3
165.7800 -46.3156 -20 3
165.7880 -46.3000 -20 3
165.7982 -46.2800 -20 3
165.8000 -46.2764 -20 3
165.8079 -46.2600 -20 3
165.8175 -46.2400 -20 3
165.8200 -46.2347 -20 3
165.8268 -46.2200 -20 3
165.8360 -46.2000 -20 3
165.8400 -46.1914 -20 3
165.8452 -46.1800 -20 3
165.8548 -46.1600 -20 3
165.8600 -46.1501 -20 3
165.8650 -46.1400 -20 3
165.8763 -46.1200 -20 3
165.8800 -46.1143 -20 3
165.8888 -46.1000 -20 3
165.9000 -46.0844 -20 3
165.9029 -46.0800 -20 3
165.9187 -46.0600 -20 3
165.9200 -46.0586 -20 3
165.9358 -46.0400 -20 3
165.9400 -46.0358 -20 3
165.9542 -46.0200 -20 3
165.9600 -46.0145 -20 3
165.9739 -46.0000 -20 3
165.9800 -45.9944 -20 3
165.9947 -45.9800 -20 3
166.0000 -45.9755 -20 3
166.0173 -45.9600 -20 3
166.0200 -45.9579 -20 3
166.0400 -45.9419 -20 3
166.0423 -45.9400 -20 3
166.0600 -45.9276 -20 3
166.0709 -45.9200 -20 3
166.0800 -45.9145 -20 3
166.1000 -45.9024 -20 3
166.1038 -45.9000 -20 3
166.1200 -45.8910 -20 3
166.1382 -45.8800 -20 3
166.1400 -45.8790 -20 3
166.1600 -45.8663 -20 3
166.1684 -45.8600 -20 3
166.1800 -45.8515 -20 3
166.1930 -45.8400 -20 3
166.2000 -45.8334 -20 3
166.2121 -45.8200 -20 3
166.2200 -45.8100 -20 3
166.2270 -45.8000 -20 3
166.2389 -45.7800 -20 3
166.2400 -45.7778 -20 3
166.2485 -45.7600 -20 3
166.2565 -45.7400 -20 3
166.2600 -45.7300 -20 3
166.2636 -45.7200 -20 3
166.2703 -45.7000 -20 3
166.2769 -45.6800 -20 3
166.2800 -45.6711 -20 3
166.2841 -45.6600 -20 3
166.2922 -45.6400 -20 3
166.3000 -45.6232 -20 3
166.3016 -45.6200 -20 3
> Contour Depth = -20
163.7558 -49.8600 -20 4
163.7550 -49.8400 -20 4
163.7546 -49.8200 -20 4
163.7547 -49.8000 -20 4
163.7553 -49.7800 -20 4
163.7562 -49.7600 -20 4
163.7575 -49.7400 -20 4
163.7593 -49.7200 -20 4
163.7600 -49.7132 -20 4
163.7614 -49.7000 -20 4
163.7638 -49.6800 -20 4
163.7667 -49.6600 -20 4
163.7698 -49.6400 -20 4
163.7733 -49.6200 -20 4
163.7771 -49.6000 -20 4
163.7800 -49.5857 -20 4
163.7811 -49.5800 -20 4
163.7854 -49.5600 -20 4
163.7900 -49.5400 -20 4
163.7948 -49.5200 -20 4
163.7999 -49.5000 -20 4
163.8000 -49.4995 -20 4
163.8050 -49.4800 -20 4
163.8104 -49.4600 -20 4
163.8160 -49.4400 -20 4
163.8200 -49.4261 -20 4
163.8217 -49.4200 -20 4
163.8275 -49.4000 -20 4
163.8335 -49.3800 -20 4
163.8396 -49.3600 -20 4
163.8400 -49.3587 -20 4
163.8457 -49.3400 -20 4
163.8519 -49.3200 -20 4
163.8583 -49.3000 -20 4
163.8600 -49.2948 -20 4
163.8647 -49.2800 -20 4
163.8712 -49.2600 -20 4
163.8778 -49.2400 -20 4
163.8800 -49.2334 -20 4
163.8844 -49.2200 -20 4
163.8911 -49.2000 -20 4
163.8979 -49.1800 -20 4
163.9000 -49.1740 -20 4
163.9048 -49.1600 -20 4
163.9117 -49.1400 -20 4
163.9188 -49.1200 -20 4
163.9200 -49.1168 -20 4
163.9260 -49.1000 -20 4
163.9333 -49.0800 -20 4
163.9400 -49.0620 -20 4
163.9407 -49.0600 -20 4
163.9482 -49.0400 -20 4
163.9560 -49.0200 -20 4
163.9600 -49.0099 -20 4
163.9639 -49.0000 -20 4
163.9719 -48.9800 -20 4
163.9800 -48.9606 -20 4
163.9802 -48.9600 -20 4
163.9887 -48.9400 -20 4
163.9974 -48.9200 -20 4
164.0000 -48.9142 -20 4
164.0063 -48.9000 -20 4
164.0155 -48.8800 -20 4
164.0200 -48.8706 -20 4
164.0250 -48.8600 -20 4
> Contour Depth = -40
164.0883 -49.7200 -40 5
164.0858 -49.7000 -40 5
164.0838 -49.6800 -40 5
164.0824 -49.6600 -40 5
164.0815 -49.6400 -40 5
164.0810 -49.6200 -40 5
164.0810 -49.6000 -40 5
164.0815 -49.5800 -40 5
164.0823 -49.5600 -40 5
164.0836 -49.5400 -40 5
164.0852 -49.5200 -40 5
164.0872 -49.5000 -40 5
164.0895 -49.4800 -40 5
164.0922 -49.4600 -40 5
164.0951 -49.4400 -40 5
164.0983 -49.4200 -40 5
164.1000 -49.4107 -40 5
164.1019 -49.4000 -40 5
164.1059 -49.3800 -40 5
164.1100 -49.3600 -40 5
164.1145 -49.3400 -40 5
164.1192 -49.3200 -40 5
164.1200 -49.3166 -40 5
164.1242 -49.3000 -40 5
164.1295 -49.2800 -40 5
164.1351 -49.2600 -40 5
164.1400 -49.2429 -40 5
164.1409 -49.2400 -40 5
164.1471 -49.2200 -40 5
164.1535 -49.2000 -40 5
164.1600 -49.1803 -40 5
164.1601 -49.1800 -40 5
164.1672 -49.1600 -40 5
164.1745 -49.1400 -40 5
164.1800 -49.1253 -40 5
164.1821 -49.1200 -40 5
164.1900 -49.1000 -40 5
164.1982 -49.0800 -40 5
164.2000 -49.0758 -40 5
164.2069 -49.0600 -40 5
164.2158 -49.0400 -40 5
164.2200 -49.0308 -40 5
164.2250 -49.0200 -40 5
164.2347 -49.0000 -40 5
164.2400 -48.9892 -40 5
164.2446 -48.9800 -40 5
164.2549 -48.9600 -40 5
164.2600 -48.9504 -40 5
164.2656 -48.9400 -40 5
164.2766 -48.9200 -40 5
164.2800 -48.9140 -40 5
164.2880 -48.9000 -40 5
164.2997 -48.8800 -40 5
164.3000 -48.8795 -40 5
164.3119 -48.8600 -40 5
164.3200 -48.8468 -40 5
164.3242 -48.8400 -40 5
164.3370 -48.8200 -40 5
164.3400 -48.8153 -40 5
164.3500 -48.8000 -40 5
164.3600 -48.7850 -40 5
164.3633 -48.7800 -40 5
164.3769 -48.7600 -40 5
164.3800 -48.7555 -40 5
164.3908 -48.7400 -40 5
164.4000 -48.7269 -40 5
164.4049 -48.7200 -40 5
164.4191 -48.7000 -40 5
164.4200 -48.6987 -40 5
164.4336 -48.6800 -40 5
164.4400 -48.6712 -40 5
164.4482 -48.6600 -40 5
164.4600 -48.6439 -40 5
164.4629 -48.6400 -40 5
164.4777 -48.6200 -40 5
164.4800 -48.6169 -40 5
164.4926 -48.6000 -40 5
164.5000 -48.5901 -40 5
164.5076 -48.5800 -40 5
164.5200 -48.5634 -40 5
164.5225 -48.5600 -40 5
164.5375 -48.5400 -40 5
164.5400 -48.5367 -40 5
164.5525 -48.5200 -40 5
164.5600 -48.5100 -40 5
164.5675 -48.5000 -40 5
164.5800 -48.4833 -40 5
164.5824 -48.4800 -40 5
164.5974 -48.4600 -40 5
164.6000 -48.4564 -40 5
164.6123 -48.4400 -40 5
164.6200 -48.4295 -40 5
164.6271 -48.4200 -40 5
164.6400 -48.4025 -40 5
164.6418 -48.4000 -40 5
164.6565 -48.3800 -40 5
164.6600 -48.3753 -40 5
164.6712 -48.3600 -40 5
164.6800 -48.3479 -40 5
164.6858 -48.3400 -40 5
164.7000 -48.3204 -40 5
164.7003 -48.3200 -40 5
164.7148 -48.3000 -40 5
164.7200 -48.2928 -40 5
164.7293 -48.2800 -40 5
164.7400 -48.2650 -40 5
164.7436 -48.2600 -40 5
164.7579 -48.2400 -40 5
164.7600 -48.2371 -40 5
164.7723 -48.2200 -40 5
164.7800 -48.2091 -40 5
164.7865 -48.2000 -40 5
164.8000 -48.1808 -40 5
164.8006 -48.1800 -40 5
164.8148 -48.1600 -40 5
164.8200 -48.1526 -40 5
164.8289 -48.1400 -40 5
164.8400 -48.1241 -40 5
164.8429 -48.1200 -40 5
164.8569 -48.1000 -40 5
164.8600 -48.0956 -40 5
164.8710 -48.0800 -40 5
164.8800 -48.0670 -40 5
164.8850 -48.0600 -40 5
164.8989 -48.0400 -40 5
164.9000 -48.0384 -40 5
164.9130 -48.0200 -40 5
164.9200 -48.0099 -40 5
164.9270 -48.0000 -40 5
164.9400 -47.9814 -40 5
164.9410 -47.9800 -40 5
164.9553 -47.9600 -40 5
164.9600 -47.9533 -40 5
164.9696 -47.9400 -40 5
164.9800 -47.9254 -40 5
164.9839 -47.9200 -40 5
164.9985 -47.9000 -40 5
165.0000 -47.8979 -40 5
165.0134 -47.8800 -40 5
165.0200 -47.8712 -40 5
165.0286 -47.8600 -40 5
165.0400 -47.8451 -40 5
165.0441 -47.8400 -40 5
165.0600 -47.8200 -40 5
165.0600 -47.8200 -40 5
165.0766 -47.8000 -40 5
165.0800 -47.7959 -40 5
165.0938 -47.7800 -40 5
165.1000 -47.7729 -40 5
165.1119 -47.7600 -40 5
165.1200 -47.7512 -40 5
165.1309 -47.7400 -40 5
165.1400 -47.7307 -40 5
165.1512 -47.7200 -40 5
165.1600 -47.7116 -40 5
165.1729 -47.7000 -40 5
165.1800 -47.6937 -40 5
165.1965 -47.6800 -40 5
165.2000 -47.6771 -40 5
165.2200 -47.6618 -40 5
165.2225 -47.6600 -40 5
165.2400 -47.6477 -40 5
165.2517 -47.6400 -40 5
165.2600 -47.6346 -40 5
165.2800 -47.6225 -40 5
165.2846 -47.6200 -40 5
165.3000 -47.6115 -40 5
165.3200 -47.6011 -40 5
165.3224 -47.6000 -40 5
165.3400 -47.5916 -40 5
165.3600 -47.5826 -40 5
165.3660 -47.5800 -40 5
165.3800 -47.5740 -40 5
165.4000 -47.5658 -40 5
165.4144 -47.5600 -40 5
165.4200 -47.5578 -40 5
165.4400 -47.5498 -40 5
165.4600 -47.5417 -40 5
165.4640 -47.5400 -40 5
165.4800 -47.5333 -40 5
165.5000 -47.5246 -40 5
165.5098 -47.5200 -40 5
165.5200 -47.5153 -40 5
165.5400 -47.5053 -40 5
165.5499 -47.5000 -40 5
165.5600 -47.4946 -40 5
165.5800 -47.4829 -40 5
165.5846 -47.4800 -40 5
165.6000 -47.4703 -40 5
165.6150 -47.4600 -40 5
165.6200 -47.4566 -40 5
165.6400 -47.4418 -40 5
165.6422 -47.4400 -40 5
165.6600 -47.4258 -40 5
165.6667 -47.4200 -40 5
165.6800 -47.4086 -40 5
165.6893 -47.4000 -40 5
165.7000 -47.3902 -40 5
165.7103 -47.3800 -40 5
165.7200 -47.3705 -40 5
165.7301 -47.3600 -40 5
165.7400 -47.3496 -40 5
165.7487 -47.3400 -40 5
165.7600 -47.3276 -40 5
165.7665 -47.3200 -40 5
165.7800 -47.3043 -40 5
165.7836 -47.3000 -40 5
165.8000 -47.2800 -40 5
165.8000 -47.2799 -40 5
165.8156 -47.2600 -40 5
165.8200 -47.2544 -40 5
165.8309 -47.2400 -40 5
165.8400 -47.2279 -40 5
165.8457 -47.2200 -40 5
165.8600 -47.2003 -40 5
165.8602 -47.2000 -40 5
165.8742 -47.1800 -40 5
165.8800 -47.1716 -40 5
165.8879 -47.1600 -40 5
165.9000 -47.1420 -40 5
165.9013 -47.1400 -40 5
165.9144 -47.1200 -40 5
165.9200 -47.1113 -40 5
165.9272 -47.1000 -40 5
165.9398 -47.0800 -40 5
165.9400 -47.0796 -40 5
165.9520 -47.0600 -40 5
165.9600 -47.0468 -40 5
165.9641 -47.0400 -40 5
165.9758 -47.0200 -40 5
165.9800 -47.0128 -40 5
165.9874 -47.0000 -40 5
165.9987 -46.9800 -40 5
166.0000 -46.9777 -40 5
166.0097 -46.9600 -40 5
166.0200 -46.9412 -40 5
166.0206 -46.9400 -40 5
166.0312 -46.9200 -40 5
166.0400 -46.9032 -40 5
166.0416 -46.9000 -40 5
166.0518 -46.8800 -40 5
166.0600 -46.8637 -40 5
166.0618 -46.8600 -40 5
166.0716 -46.8400 -40 5
166.0800 -46.8226 -40 5
166.0812 -46.8200 -40 5
166.0906 -46.8000 -40 5
166.0999 -46.7800 -40 5
166.1000 -46.7798 -40 5
166.1089 -46.7600 -40 5
166.1179 -46.7400 -40 5
166.1200 -46.7351 -40 5
166.1266 -46.7200 -40 5
166.1352 -46.7000 -40 5
166.1400 -46.6885 -40 5
166.1436 -46.6800 -40 5
166.1519 -46.6600 -40 5
166.1600 -46.6400 -40 5
166.1600 -46.6400 -40 5
166.1680 -46.6200 -40 5
166.1758 -46.6000 -40 5
166.1800 -46.5890 -40 5
166.1835 -46.5800 -40 5
166.1910 -46.5600 -40 5
166.1984 -46.5400 -40 5
166.2000 -46.5355 -40 5
166.2056 -46.5200 -40 5
166.2127 -46.5000 -40 5
166.2196 -46.4800 -40 5
166.2200 -46.4789 -40 5
166.2264 -46.4600 -40 5
166.2330 -46.4400 -40 5
166.2394 -46.4200 -40 5
166.2400 -46.4179 -40 5
166.2455 -46.4000 -40 5
166.2514 -46.3800 -40 5
166.2570 -46.3600 -40 5
166.2600 -46.3483 -40 5
166.2621 -46.3400 -40 5
166.2668 -46.3200 -40 5
166.2708 -46.3000 -40 5
166.2741 -46.2800 -40 5
166.2764 -46.2600 -40 5
166.2777 -46.2400 -40 5
166.2778 -46.2200 -40 5
166.2766 -46.2000 -40 5
166.2743 -46.1800 -40 5
166.2710 -46.1600 -40 5
166.2670 -46.1400 -40 5
166.2627 -46.1200 -40 5
166.2600 -46.1063 -40 5
166.2588 -46.1000 -40 5
166.2560 -46.0800 -40 5
166.2546 -46.0600 -40 5
166.2552 -46.0400 -40 5
166.2580 -46.0200 -40 5
166.2600 -46.0124 -40 5
166.2632 -46.0000 -40 5
166.2706 -45.9800 -40 5
166.2796 -45.9600 -40 5
166.2800 -45.9593 -40 5
166.2903 -45.9400 -40 5
166.3000 -45.9226 -40 5
166.3014 -45.9200 -40 5
166.3131 -45.9000 -40 5
166.3200 -45.8880 -40 5
166.3246 -45.8800 -40 5
166.3359 -45.8600 -40 5
166.3400 -45.8524 -40 5
166.3470 -45.8400 -40 5
166.3577 -45.8200 -40 5
166.3600 -45.8154 -40 5
166.3687 -45.8000 -40 5
166.3794 -45.7800 -40 5
166.3800 -45.7788 -40 5
166.3913 -45.7600 -40 5
166.4000 -45.7453 -40 5
166.4035 -45.7400 -40 5
166.4172 -45.7200 -40 5
166.4200 -45.7160 -40 5
166.4326 -45.7000 -40 5
166.4400 -45.6907 -40 5
166.4495 -45.6800 -40 5
166.4600 -45.6680 -40 5
166.4677 -45.6600 -40 5
166.4800 -45.6469 -40 5
166.4868 -45.6400 -40 5
166.5000 -45.6260 -40 5
166.5058 -45.6200 -40 5
166.5200 -45.6042 -40 5
166.5238 -45.6000 -40 5
166.5400 -45.5801 -40 5
166.5401 -45.5800 -40 5
166.5552 -45.5600 -40 5
166.5600 -45.5529 -40 5
166.5687 -45.5400 -40 5
166.5800 -45.5216 -40 5
166.5810 -45.5200 -40 5
166.5930 -45.5000 -40 5
166.6000 -45.4876 -40 5
166.6045 -45.4800 -40 5
166.6162 -45.4600 -40 5
166.6200 -45.4537 -40 5
166.6287 -45.4400 -40 5
166.6400 -45.4227 -40 5
166.6419 -45.4200 -40 5
166.6571 -45.4000 -40 5
166.6600 -45.3965 -40 5
166.6750 -45.3800 -40 5
166.6800 -45.3749 -40 5
166.6969 -45.3600 -40 5
166.7000 -45.3575 -40 5
166.7200 -45.3438 -40 5
166.7266 -45.3400 -40 5
166.7400 -45.3330 -40 5
166.7600 -45.3244 -40 5
166.7722 -45.3200 -40 5
166.7800 -45.3174 -40 5
166.8000 -45.3115 -40 5
166.8200 -45.3058 -40 5
166.8387 -45.3000 -40 5
166.8400 -45.2996 -40 5
166.8600 -45.2928 -40 5
166.8800 -45.2845 -40 5
166.8889 -45.2800 -40 5
166.9000 -45.2748 -40 5
166.9200 -45.2638 -40 5
166.9260 -45.2600 -40 5
166.9400 -45.2517 -40 5
166.9576 -45.2400 -40 5
166.9600 -45.2386 -40 5
166.9800 -45.2247 -40 5
166.9860 -45.2200 -40 5
167.0000 -45.2099 -40 5
167.0123 -45.2000 -40 5
167.0200 -45.1942 -40 5
167.0368 -45.1800 -40 5
167.0400 -45.1774 -40 5
167.0595 -45.1600 -40 5
167.0600 -45.1596 -40 5
167.0800 -45.1407 -40 5
167.0807 -45.1400 -40 5
167.1000 -45.1212 -40 5
167.1011 -45.1200 -40 5
167.1200 -45.1012 -40 5
167.1212 -45.1000 -40 5
167.1400 -45.0813 -40 5
167.1413 -45.0800 -40 5
167.1600 -45.0616 -40 5
167.1616 -45.0600 -40 5
167.1800 -45.0422 -40 5
167.1823 -45.0400 -40 5
167.2000 -45.0233 -40 5
167.2034 -45.0200 -40 5
167.2200 -45.0046 -40 5
167.2248 -45.0000 -40 5
167.2400 -44.9860 -40 5
167.2463 -44.9800 -40 5
167.2600 -44.9673 -40 5
167.2677 -44.9600 -40 5
167.2800 -44.9485 -40 5
167.2889 -44.9400 -40 5
167.3000 -44.9294 -40 5
167.3096 -44.9200 -40 5
167.3200 -44.9097 -40 5
167.3297 -44.9000 -40 5
167.3400 -44.8894 -40 5
167.3490 -44.8800 -40 5
167.3600 -44.8681 -40 5
167.3675 -44.8600 -40 5
167.3800 -44.8458 -40 5
167.3852 -44.8400 -40 5
167.4000 -44.8223 -40 5
167.4020 -44.8200 -40 5
167.4182 -44.8000 -40 5
167.4200 -44.7976 -40 5
167.4338 -44.7800 -40 5
167.4400 -44.7715 -40 5
167.4489 -44.7600 -40 5
167.4600 -44.7445 -40 5
167.4635 -44.7400 -40 5
167.4775 -44.7200 -40 5
167.4800 -44.7161 -40 5
167.4909 -44.7000 -40 5
> Contour Depth = -40
167.7000 -45.8531 -40 6
167.6800 -45.8446 -40 6
167.6689 -45.8400 -40 6
167.6600 -45.8372 -40 6
167.6400 -45.8303 -40 6
167.6200 -45.8218 -40 6
167.6163 -45.8200 -40 6
167.6000 -45.8124 -40 6
167.5811 -45.8000 -40 6
167.5800 -45.7992 -40 6
167.5600 -45.7813 -40 6
167.5588 -45.7800 -40 6
167.5437 -45.7600 -40 6
167.5400 -45.7536 -40 6
167.5328 -45.7400 -40 6
167.5249 -45.7200 -40 6
167.5200 -45.7016 -40 6
167.5196 -45.7000 -40 6
167.5157 -45.6800 -40 6
167.5140 -45.6600 -40 6
167.5142 -45.6400 -40 6
167.5165 -45.6200 -40 6
167.5200 -45.6046 -40 6
167.5208 -45.6000 -40 6
167.5264 -45.5800 -40 6
167.5343 -45.5600 -40 6
167.5400 -45.5490 -40 6
167.5441 -45.5400 -40 6
167.5557 -45.5200 -40 6
> Contour Depth = -60
165.5843 -48.7400 -60 7
165.5800 -48.7278 -60 7
165.5772 -48.7200 -60 7
165.5712 -48.7000 -60 7
165.5664 -48.6800 -60 7
165.5629 -48.6600 -60 7
165.5607 -48.6400 -60 7
165.5600 -48.6226 -60 7
165.5599 -48.6200 -60 7
165.5600 -48.6155 -60 7
165.5604 -48.6000 -60 7
165.5623 -48.5800 -60 7
165.5655 -48.5600 -60 7
165.5701 -48.5400 -60 7
165.5761 -48.5200 -60 7
165.5800 -48.5094 -60 7
165.5833 -48.5000 -60 7
165.5916 -48.4800 -60 7
165.6000 -48.4624 -60 7
165.6011 -48.4600 -60 7
165.6112 -48.4400 -60 7
165.6200 -48.4241 -60 7
165.6222 -48.4200 -60 7
165.6335 -48.4000 -60 7
165.6400 -48.3894 -60 7
165.6453 -48.3800 -60 7
165.6574 -48.3600 -60 7
165.6600 -48.3560 -60 7
165.6695 -48.3400 -60 7
165.6800 -48.3230 -60 7
165.6818 -48.3200 -60 7
165.6937 -48.3000 -60 7
165.7000 -48.2898 -60 7
165.7056 -48.2800 -60 7
165.7174 -48.2600 -60 7
165.7200 -48.2556 -60 7
165.7287 -48.2400 -60 7
165.7400 -48.2200 -60 7
165.7400 -48.2200 -60 7
165.7507 -48.2000 -60 7
165.7600 -48.1827 -60 7
165.7614 -48.1800 -60 7
165.7715 -48.1600 -60 7
165.7800 -48.1430 -60 7
165.7814 -48.1400 -60 7
165.7909 -48.1200 -60 7
165.8000 -48.1005 -60 7
165.8002 -48.1000 -60 7
165.8091 -48.0800 -60 7
165.8177 -48.0600 -60 7
165.8200 -48.0548 -60 7
165.8261 -48.0400 -60 7
165.8342 -48.0200 -60 7
165.8400 -48.0054 -60 7
165.8420 -48.0000 -60 7
165.8496 -47.9800 -60 7
165.8571 -47.9600 -60 7
165.8600 -47.9523 -60 7
165.8644 -47.9400 -60 7
165.8716 -47.9200 -60 7
165.8786 -47.9000 -60 7
165.8800 -47.8962 -60 7
165.8856 -47.8800 -60 7
165.8925 -47.8600 -60 7
165.8995 -47.8400 -60 7
165.9000 -47.8386 -60 7
165.9064 -47.8200 -60 7
165.9134 -47.8000 -60 7
165.9200 -47.7813 -60 7
165.9205 -47.7800 -60 7
165.9276 -47.7600 -60 7
165.9349 -47.7400 -60 7
165.9400 -47.7263 -60 7
165.9423 -47.7200 -60 7
165.9499 -47.7000 -60 7
165.9577 -47.6800 -60 7
165.9600 -47.6743 -60 7
165.9657 -47.6600 -60 7
165.9739 -47.6400 -60 7
165.9800 -47.6256 -60 7
165.9824 -47.6200 -60 7
165.9911 -47.6000 -60 7
166.0000 -47.5800 -60 7
166.0000 -47.5800 -60 7
166.0093 -47.5600 -60 7
166.0187 -47.5400 -60 7
166.0200 -47.5373 -60 7
166.0285 -47.5200 -60 7
166.0385 -47.5000 -60 7
166.0400 -47.4970 -60 7
166.0488 -47.4800 -60 7
166.0593 -47.4600 -60 7
166.0600 -47.4587 -60 7
166.0701 -47.4400 -60 7
166.0800 -47.4219 -60 7
166.0811 -47.4200 -60 7
166.0923 -47.4000 -60 7
166.1000 -47.3864 -60 7
166.1037 -47.3800 -60 7
166.1152 -47.3600 -60 7
166.1200 -47.3518 -60 7
166.1269 -47.3400 -60 7
166.1386 -47.3200 -60 7
166.1400 -47.3176 -60 7
166.1505 -47.3000 -60 7
166.1600 -47.2838 -60 7
166.1623 -47.2800 -60 7
166.1742 -47.2600 -60 7
166.1800 -47.2501 -60 7
166.1860 -47.2400 -60 7
166.1977 -47.2200 -60 7
166.2000 -47.2161 -60 7
166.2095 -47.2000 -60 7
166.2200 -47.1817 -60 7
166.2210 -47.1800 -60 7
166.2325 -47.1600 -60 7
166.2400 -47.1467 -60 7
166.2438 -47.1400 -60 7
166.2551 -47.1200 -60 7
166.2600 -47.1111 -60 7
166.2662 -47.1000 -60 7
166.2771 -47.0800 -60 7
166.2800 -47.0747 -60 7
166.2881 -47.0600 -60 7
166.2988 -47.0400 -60 7
166.3000 -47.0377 -60 7
166.3096 -47.0200 -60 7
166.3200 -47.0002 -60 7
166.3201 -47.0000 -60 7
166.3308 -46.9800 -60 7
166.3400 -46.9625 -60 7
166.3414 -46.9600 -60 7
166.3521 -46.9400 -60 7
166.3600 -46.9249 -60 7
166.3627 -46.9200 -60 7
166.3735 -46.9000 -60 7
166.3800 -46.8878 -60 7
166.3843 -46.8800 -60 7
166.3952 -46.8600 -60 7
166.4000 -46.8512 -60 7
166.4063 -46.8400 -60 7
166.4175 -46.8200 -60 7
166.4200 -46.8156 -60 7
166.4290 -46.8000 -60 7
166.4400 -46.7809 -60 7
166.4405 -46.7800 -60 7
166.4525 -46.7600 -60 7
166.4600 -46.7474 -60 7
166.4646 -46.7400 -60 7
166.4769 -46.7200 -60 7
166.4800 -46.7150 -60 7
166.4896 -46.7000 -60 7
166.5000 -46.6837 -60 7
166.5024 -46.6800 -60 7
166.5156 -46.6600 -60 7
166.5200 -46.6534 -60 7
166.5292 -46.6400 -60 7
166.5400 -46.6240 -60 7
166.5429 -46.6200 -60 7
166.5569 -46.6000 -60 7
166.5600 -46.5956 -60 7
166.5714 -46.5800 -60 7
166.5800 -46.5679 -60 7
166.5860 -46.5600 -60 7
166.6000 -46.5410 -60 7
166.6008 -46.5400 -60 7
166.6160 -46.5200 -60 7
166.6200 -46.5146 -60 7
166.6314 -46.5000 -60 7
166.6400 -46.4887 -60 7
166.6470 -46.4800 -60 7
166.6600 -46.4633 -60 7
166.6627 -46.4600 -60 7
166.6786 -46.4400 -60 7
166.6800 -46.4382 -60 7
166.6947 -46.4200 -60 7
166.7000 -46.4132 -60 7
166.7108 -46.4000 -60 7
166.7200 -46.3883 -60 7
166.7269 -46.3800 -60 7
166.7400 -46.3633 -60 7
166.7427 -46.3600 -60 7
166.7584 -46.3400 -60 7
166.7600 -46.3378 -60 7
166.7738 -46.3200 -60 7
166.7800 -46.3112 -60 7
166.7884 -46.3000 -60 7
166.8000 -46.2828 -60 7
166.8020 -46.2800 -60 7
166.8145 -46.2600 -60 7
166.8200 -46.2494 -60 7
166.8252 -46.2400 -60 7
166.8340 -46.2200 -60 7
166.8400 -46.2011 -60 7
166.8404 -46.2000 -60 7
166.8449 -46.1800 -60 7
166.8473 -46.1600 -60 7
166.8482 -46.1400 -60 7
166.8479 -46.1200 -60 7
166.8471 -46.1000 -60 7
166.8461 -46.0800 -60 7
166.8454 -46.0600 -60 7
166.8452 -46.0400 -60 7
166.8456 -46.0200 -60 7
166.8467 -46.0000 -60 7
166.8484 -45.9800 -60 7
166.8506 -45.9600 -60 7
166.8532 -45.9400 -60 7
166.8561 -45.9200 -60 7
166.8593 -45.9000 -60 7
166.8600 -45.8958 -60 7
166.8628 -45.8800 -60 7
166.8665 -45.8600 -60 7
166.8703 -45.8400 -60 7
166.8744 -45.8200 -60 7
166.8788 -45.8000 -60 7
166.8800 -45.7950 -60 7
166.8837 -45.7800 -60 7
166.8891 -45.7600 -60 7
166.8949 -45.7400 -60 7
166.9000 -45.7239 -60 7
166.9013 -45.7200 -60 7
166.9085 -45.7000 -60 7
166.9162 -45.6800 -60 7
166.9200 -45.6707 -60 7
166.9245 -45.6600 -60 7
166.9334 -45.6400 -60 7
166.9400 -45.6257 -60 7
166.9426 -45.6200 -60 7
166.9522 -45.6000 -60 7
166.9600 -45.5838 -60 7
166.9618 -45.5800 -60 7
166.9714 -45.5600 -60 7
166.9800 -45.5422 -60 7
166.9810 -45.5400 -60 7
166.9904 -45.5200 -60 7
166.9998 -45.5000 -60 7
167.0000 -45.4996 -60 7
167.0091 -45.4800 -60 7
167.0185 -45.4600 -60 7
167.0200 -45.4570 -60 7
167.0281 -45.4400 -60 7
167.0379 -45.4200 -60 7
167.0400 -45.4159 -60 7
167.0480 -45.4000 -60 7
167.0585 -45.3800 -60 7
167.0600 -45.3774 -60 7
167.0696 -45.3600 -60 7
167.0800 -45.3420 -60 7
167.0812 -45.3400 -60 7
167.0933 -45.3200 -60 7
167.1000 -45.3095 -60 7
167.1060 -45.3000 -60 7
167.1191 -45.2800 -60 7
167.1200 -45.2786 -60 7
167.1328 -45.2600 -60 7
167.1400 -45.2499 -60 7
167.1471 -45.2400 -60 7
167.1600 -45.2224 -60 7
167.1617 -45.2200 -60 7
167.1771 -45.2000 -60 7
167.1800 -45.1963 -60 7
167.1931 -45.1800 -60 7
167.2000 -45.1716 -60 7
167.2096 -45.1600 -60 7
167.2200 -45.1478 -60 7
167.2267 -45.1400 -60 7
167.2400 -45.1250 -60 7
167.2444 -45.1200 -60 7
167.2600 -45.1029 -60 7
167.2627 -45.1000 -60 7
167.2800 -45.0815 -60 7
167.2814 -45.0800 -60 7
167.3000 -45.0605 -60 7
167.3005 -45.0600 -60 7
167.3199 -45.0400 -60 7
167.3200 -45.0399 -60 7
167.3395 -45.0200 -60 7
167.3400 -45.0195 -60 7
167.3593 -45.0000 -60 7
167.3600 -44.9993 -60 7
167.3792 -44.9800 -60 7
167.3800 -44.9792 -60 7
167.3993 -44.9600 -60 7
167.4000 -44.9593 -60 7
167.4195 -44.9400 -60 7
167.4200 -44.9395 -60 7
167.4400 -44.9201 -60 7
167.4401 -44.9200 -60 7
167.4600 -44.9010 -60 7
167.4611 -44.9000 -60 7
167.4800 -44.8825 -60 7
167.4827 -44.8800 -60 7
167.5000 -44.8644 -60 7
167.5052 -44.8600 -60 7
167.5200 -44.8471 -60 7
167.5287 -44.8400 -60 7
167.5400 -44.8306 -60 7
167.5535 -44.8200 -60 7
167.5600 -44.8149 -60 7
167.5800 -44.8000 -60 7
167.5801 -44.8000 -60 7
167.6000 -44.7862 -60 7
167.6097 -44.7800 -60 7
167.6200 -44.7733 -60 7
167.6400 -44.7612 -60 7
167.6422 -44.7600 -60 7
167.6600 -44.7500 -60 7
167.6795 -44.7400 -60 7
> Contour Depth = -60
167.1800 -46.1540 -60 8
167.1745 -46.1400 -60 8
167.1699 -46.1200 -60 8
167.1680 -46.1000 -60 8
167.1683 -46.0800 -60 8
167.1703 -46.0600 -60 8
167.1737 -46.0400 -60 8
167.1784 -46.0200 -60 8
167.1800 -46.0148 -60 8
167.1840 -46.0000 -60 8
167.1906 -45.9800 -60 8
167.1987 -45.9600 -60 8
167.2000 -45.9574 -60 8
167.2079 -45.9400 -60 8
167.2189 -45.9200 -60 8
167.2200 -45.9184 -60 8
167.2317 -45.9000 -60 8
167.2400 -45.8893 -60 8
167.2472 -45.8800 -60 8
167.2600 -45.8659 -60 8
167.2655 -45.8600 -60 8
167.2800 -45.8464 -60 8
167.2872 -45.8400 -60 8
167.3000 -45.8294 -60 8
167.3117 -45.8200 -60 8
167.3200 -45.8135 -60 8
167.3371 -45.8000 -60 8
167.3400 -45.7977 -60 8
167.3600 -45.7802 -60 8
167.3603 -45.7800 -60 8
167.3788 -45.7600 -60 8
167.3800 -45.7586 -60 8
167.3928 -45.7400 -60 8
167.4000 -45.7283 -60 8
167.4040 -45.7200 -60 8
167.4130 -45.7000 -60 8
167.4200 -45.6838 -60 8
167.4213 -45.6800 -60 8
167.4284 -45.6600 -60 8
167.4361 -45.6400 -60 8
167.4400 -45.6310 -60 8
167.4438 -45.6200 -60 8
167.4520 -45.6000 -60 8
167.4600 -45.5837 -60 8
167.4615 -45.5800 -60 8
167.4710 -45.5600 -60 8
167.4800 -45.5447 -60 8
167.4823 -45.5400 -60 8
167.4941 -45.5200 -60 8
167.5000 -45.5116 -60 8
167.5073 -45.5000 -60 8
167.5200 -45.4832 -60 8
167.5223 -45.4800 -60 8
167.5385 -45.4600 -60 8
167.5400 -45.4583 -60 8
167.5561 -45.4400 -60 8
167.5600 -45.4360 -60 8
167.5759 -45.4200 -60 8
167.5800 -45.4161 -60 8
167.5980 -45.4000 -60 8
167.6000 -45.3982 -60 8
167.6200 -45.3816 -60 8
