> Contour Depth = 300
331.3500 -56.9913 300 1
331.3598 -57.0000 300 1
331.4000 -57.0367 300 1
331.4137 -57.0500 300 1
331.4500 -57.0866 300 1
331.4625 -57.1000 300 1
331.5000 -57.1415 300 1
331.5073 -57.1500 300 1
> Contour Depth = 300
331.6500 -59.1021 300 2
331.6523 -59.1000 300 2
331.7000 -59.0536 300 2
331.7035 -59.0500 300 2
> Contour Depth = 300
331.4500 -59.2516 300 3
331.4526 -59.2500 300 3
331.5000 -59.2195 300 3
331.5282 -59.2000 300 3
> Contour Depth = 280
330.8500 -56.6276 280 4
330.9000 -56.6420 280 4
330.9246 -56.6500 280 4
330.9500 -56.6584 280 4
331.0000 -56.6769 280 4
331.0500 -56.6973 280 4
331.0560 -56.7000 280 4
331.1000 -56.7201 280 4
331.1500 -56.7453 280 4
331.1587 -56.7500 280 4
331.2000 -56.7731 280 4
331.2440 -56.8000 280 4
331.2500 -56.8038 280 4
331.3000 -56.8376 280 4
331.3171 -56.8500 280 4
331.3500 -56.8748 280 4
331.3812 -56.9000 280 4
331.4000 -56.9158 280 4
331.4382 -56.9500 280 4
331.4500 -56.9610 280 4
331.4896 -57.0000 280 4
331.5000 -57.0107 280 4
331.5364 -57.0500 280 4
331.5500 -57.0653 280 4
331.5796 -57.1000 280 4
331.6000 -57.1250 280 4
331.6197 -57.1500 280 4
331.6500 -57.1902 280 4
331.6572 -57.2000 280 4
331.6924 -57.2500 280 4
331.7000 -57.2612 280 4
331.7258 -57.3000 280 4
331.7500 -57.3384 280 4
331.7573 -57.3500 280 4
331.7873 -57.4000 280 4
331.8000 -57.4224 280 4
331.8157 -57.4500 280 4
331.8427 -57.5000 280 4
331.8500 -57.5143 280 4
331.8685 -57.5500 280 4
331.8928 -57.6000 280 4
331.9000 -57.6157 280 4
331.9161 -57.6500 280 4
331.9380 -57.7000 280 4
331.9500 -57.7292 280 4
331.9588 -57.7500 280 4
331.9785 -57.8000 280 4
331.9967 -57.8500 280 4
332.0000 -57.8598 280 4
332.0141 -57.9000 280 4
332.0302 -57.9500 280 4
332.0447 -58.0000 280 4
332.0500 -58.0206 280 4
332.0580 -58.0500 280 4
332.0700 -58.1000 280 4
332.0802 -58.1500 280 4
332.0886 -58.2000 280 4
332.0950 -58.2500 280 4
332.0994 -58.3000 280 4
332.1000 -58.3125 280 4
332.1018 -58.3500 280 4
332.1018 -58.4000 280 4
332.1000 -58.4349 280 4
332.0993 -58.4500 280 4
332.0943 -58.5000 280 4
332.0866 -58.5500 280 4
332.0761 -58.6000 280 4
332.0625 -58.6500 280 4
332.0500 -58.6875 280 4
332.0459 -58.7000 280 4
332.0266 -58.7500 280 4
332.0036 -58.8000 280 4
332.0000 -58.8069 280 4
331.9777 -58.8500 280 4
331.9500 -58.8964 280 4
331.9478 -58.9000 280 4
331.9146 -58.9500 280 4
331.9000 -58.9696 280 4
331.8771 -59.0000 280 4
331.8500 -59.0325 280 4
331.8351 -59.0500 280 4
331.8000 -59.0876 280 4
331.7882 -59.1000 280 4
331.7500 -59.1367 280 4
331.7357 -59.1500 280 4
331.7000 -59.1809 280 4
331.6769 -59.2000 280 4
331.6500 -59.2209 280 4
331.6107 -59.2500 280 4
331.6000 -59.2575 280 4
331.5500 -59.2911 280 4
331.5359 -59.3000 280 4
331.5000 -59.3220 280 4
331.4509 -59.3500 280 4
331.4500 -59.3505 280 4
331.4000 -59.3771 280 4
331.3534 -59.4000 280 4
331.3500 -59.4016 280 4
331.3000 -59.4247 280 4
331.2500 -59.4461 280 4
331.2403 -59.4500 280 4
331.2000 -59.4663 280 4
331.1500 -59.4853 280 4
331.1086 -59.5000 280 4
331.1000 -59.5031 280 4
331.0500 -59.5202 280 4
> Contour Depth = 280
330.9000 -59.5666 280 5
330.9500 -59.5516 280 5
330.9551 -59.5500 280 5
> Contour Depth = 280
330.7000 -59.6215 280 6
330.7500 -59.6082 280 6
330.7799 -59.6000 280 6
> Contour Depth = 260
330.7500 -56.5159 260 7
330.8000 -56.5260 260 7
330.8500 -56.5376 260 7
330.8972 -56.5500 260 7
330.9000 -56.5508 260 7
330.9500 -56.5657 260 7
331.0000 -56.5823 260 7
331.0483 -56.6000 260 7
331.0500 -56.6006 260 7
331.1000 -56.6211 260 7
331.1500 -56.6436 260 7
331.1633 -56.6500 260 7
331.2000 -56.6684 260 7
331.2500 -56.6956 260 7
331.2576 -56.7000 260 7
331.3000 -56.7255 260 7
331.3376 -56.7500 260 7
331.3500 -56.7584 260 7
331.4000 -56.7947 260 7
331.4069 -56.8000 260 7
331.4500 -56.8346 260 7
331.4680 -56.8500 260 7
331.5000 -56.8786 260 7
331.5227 -56.9000 260 7
331.5500 -56.9270 260 7
331.5722 -56.9500 260 7
331.6000 -56.9802 260 7
331.6175 -57.0000 260 7
331.6500 -57.0385 260 7
331.6594 -57.0500 260 7
331.6983 -57.1000 260 7
331.7000 -57.1022 260 7
331.7351 -57.1500 260 7
331.7500 -57.1713 260 7
331.7698 -57.2000 260 7
331.8000 -57.2461 260 7
331.8025 -57.2500 260 7
331.8340 -57.3000 260 7
331.8500 -57.3268 260 7
331.8639 -57.3500 260 7
331.8924 -57.4000 260 7
331.9000 -57.4139 260 7
331.9200 -57.4500 260 7
331.9460 -57.5000 260 7
331.9500 -57.5081 260 7
331.9713 -57.5500 260 7
331.9951 -57.6000 260 7
332.0000 -57.6107 260 7
332.0183 -57.6500 260 7
332.0403 -57.7000 260 7
332.0500 -57.7235 260 7
332.0614 -57.7500 260 7
332.0815 -57.8000 260 7
332.1000 -57.8491 260 7
332.1004 -57.8500 260 7
332.1188 -57.9000 260 7
332.1359 -57.9500 260 7
332.1500 -57.9950 260 7
332.1517 -58.0000 260 7
332.1667 -58.0500 260 7
332.1802 -58.1000 260 7
332.1920 -58.1500 260 7
332.2000 -58.1897 260 7
332.2022 -58.2000 260 7
332.2109 -58.2500 260 7
332.2174 -58.3000 260 7
332.2217 -58.3500 260 7
332.2237 -58.4000 260 7
332.2231 -58.4500 260 7
332.2199 -58.5000 260 7
332.2138 -58.5500 260 7
332.2048 -58.6000 260 7
332.2000 -58.6198 260 7
332.1929 -58.6500 260 7
332.1782 -58.7000 260 7
332.1599 -58.7500 260 7
332.1500 -58.7731 260 7
332.1386 -58.8000 260 7
332.1140 -58.8500 260 7
332.1000 -58.8746 260 7
332.0858 -58.9000 260 7
332.0539 -58.9500 260 7
332.0500 -58.9554 260 7
332.0184 -59.0000 260 7
332.0000 -59.0232 260 7
331.9787 -59.0500 260 7
331.9500 -59.0826 260 7
331.9345 -59.1000 260 7
331.9000 -59.1354 260 7
331.8855 -59.1500 260 7
331.8500 -59.1830 260 7
331.8312 -59.2000 260 7
331.8000 -59.2263 260 7
331.7709 -59.2500 260 7
331.7500 -59.2660 260 7
331.7038 -59.3000 260 7
331.7000 -59.3027 260 7
331.6500 -59.3365 260 7
331.6291 -59.3500 260 7
331.6000 -59.3681 260 7
331.5500 -59.3974 260 7
331.5455 -59.4000 260 7
331.5000 -59.4250 260 7
331.4514 -59.4500 260 7
331.4500 -59.4507 260 7
331.4000 -59.4750 260 7
331.3500 -59.4978 260 7
331.3449 -59.5000 260 7
331.3000 -59.5194 260 7
331.2500 -59.5398 260 7
331.2237 -59.5500 260 7
331.2000 -59.5592 260 7
331.1500 -59.5778 260 7
331.1000 -59.5954 260 7
331.0862 -59.6000 260 7
331.0500 -59.6124 260 7
331.0000 -59.6289 260 7
330.9500 -59.6446 260 7
330.9324 -59.6500 260 7
330.9000 -59.6602 260 7
330.8500 -59.6754 260 7
330.8000 -59.6903 260 7
330.7665 -59.7000 260 7
330.7500 -59.7050 260 7
330.7000 -59.7197 260 7
330.6500 -59.7342 260 7
330.6000 -59.7485 260 7
330.5947 -59.7500 260 7
330.5500 -59.7631 260 7
330.5000 -59.7775 260 7
330.4500 -59.7917 260 7
330.4202 -59.8000 260 7
330.4000 -59.8059 260 7
330.3500 -59.8200 260 7
330.3000 -59.8339 260 7
330.2500 -59.8474 260 7
330.2400 -59.8500 260 7
330.2000 -59.8608 260 7
> Contour Depth = 240
330.0000 -56.3947 240 8
330.0500 -56.3931 240 8
330.1000 -56.3919 240 8
330.1500 -56.3911 240 8
330.2000 -56.3907 240 8
330.2500 -56.3908 240 8
330.3000 -56.3914 240 8
330.3500 -56.3925 240 8
330.4000 -56.3942 240 8
330.4500 -56.3966 240 8
330.5000 -56.3998 240 8
330.5029 -56.4000 240 8
330.5500 -56.4038 240 8
330.6000 -56.4087 240 8
330.6500 -56.4145 240 8
330.7000 -56.4215 240 8
330.7500 -56.4296 240 8
330.8000 -56.4388 240 8
330.8500 -56.4494 240 8
330.8527 -56.4500 240 8
330.9000 -56.4613 240 8
330.9500 -56.4747 240 8
331.0000 -56.4895 240 8
331.0322 -56.5000 240 8
331.0500 -56.5060 240 8
331.1000 -56.5241 240 8
331.1500 -56.5440 240 8
331.1641 -56.5500 240 8
331.2000 -56.5658 240 8
331.2500 -56.5897 240 8
331.2702 -56.6000 240 8
331.3000 -56.6159 240 8
331.3500 -56.6444 240 8
331.3592 -56.6500 240 8
331.4000 -56.6759 240 8
331.4356 -56.7000 240 8
331.4500 -56.7103 240 8
331.5000 -56.7481 240 8
331.5025 -56.7500 240 8
331.5500 -56.7898 240 8
331.5617 -56.8000 240 8
331.6000 -56.8356 240 8
331.6148 -56.8500 240 8
331.6500 -56.8861 240 8
331.6631 -56.9000 240 8
331.7000 -56.9415 240 8
331.7074 -56.9500 240 8
331.7484 -57.0000 240 8
331.7500 -57.0021 240 8
331.7869 -57.0500 240 8
331.8000 -57.0680 240 8
331.8231 -57.1000 240 8
331.8500 -57.1392 240 8
331.8574 -57.1500 240 8
331.8901 -57.2000 240 8
331.9000 -57.2158 240 8
331.9215 -57.2500 240 8
331.9500 -57.2979 240 8
331.9513 -57.3000 240 8
331.9804 -57.3500 240 8
332.0000 -57.3856 240 8
332.0080 -57.4000 240 8
332.0349 -57.4500 240 8
332.0500 -57.4796 240 8
332.0606 -57.5000 240 8
332.0856 -57.5500 240 8
332.1000 -57.5805 240 8
332.1095 -57.6000 240 8
332.1328 -57.6500 240 8
332.1500 -57.6890 240 8
332.1550 -57.7000 240 8
332.1769 -57.7500 240 8
332.1976 -57.8000 240 8
332.2000 -57.8062 240 8
332.2180 -57.8500 240 8
332.2374 -57.9000 240 8
332.2500 -57.9347 240 8
332.2558 -57.9500 240 8
332.2737 -58.0000 240 8
332.2902 -58.0500 240 8
332.3000 -58.0824 240 8
332.3056 -58.1000 240 8
332.3198 -58.1500 240 8
332.3324 -58.2000 240 8
332.3430 -58.2500 240 8
332.3500 -58.2905 240 8
332.3517 -58.3000 240 8
332.3585 -58.3500 240 8
332.3629 -58.4000 240 8
332.3647 -58.4500 240 8
332.3638 -58.5000 240 8
332.3600 -58.5500 240 8
332.3532 -58.6000 240 8
332.3500 -58.6162 240 8
332.3435 -58.6500 240 8
332.3306 -58.7000 240 8
332.3142 -58.7500 240 8
332.3000 -58.7858 240 8
332.2944 -58.8000 240 8
332.2714 -58.8500 240 8
332.2500 -58.8897 240 8
332.2445 -58.9000 240 8
332.2141 -58.9500 240 8
332.2000 -58.9705 240 8
332.1798 -59.0000 240 8
332.1500 -59.0387 240 8
332.1413 -59.0500 240 8
332.1000 -59.0984 240 8
332.0986 -59.1000 240 8
332.0516 -59.1500 240 8
332.0500 -59.1516 240 8
332.0000 -59.1998 240 8
331.9998 -59.2000 240 8
331.9500 -59.2439 240 8
331.9429 -59.2500 240 8
331.9000 -59.2846 240 8
331.8804 -59.3000 240 8
331.8500 -59.3224 240 8
331.8115 -59.3500 240 8
331.8000 -59.3578 240 8
331.7500 -59.3909 240 8
331.7358 -59.4000 240 8
331.7000 -59.4221 240 8
331.6524 -59.4500 240 8
331.6500 -59.4514 240 8
331.6000 -59.4791 240 8
331.5603 -59.5000 240 8
331.5500 -59.5053 240 8
331.5000 -59.5303 240 8
331.4582 -59.5500 240 8
331.4500 -59.5538 240 8
331.4000 -59.5764 240 8
331.3500 -59.5978 240 8
331.3447 -59.6000 240 8
331.3000 -59.6185 240 8
331.2500 -59.6382 240 8
331.2186 -59.6500 240 8
331.2000 -59.6571 240 8
331.1500 -59.6755 240 8
331.1000 -59.6931 240 8
331.0798 -59.7000 240 8
331.0500 -59.7104 240 8
331.0000 -59.7274 240 8
330.9500 -59.7438 240 8
330.9307 -59.7500 240 8
330.9000 -59.7602 240 8
330.8500 -59.7765 240 8
330.8000 -59.7925 240 8
330.7764 -59.8000 240 8
330.7500 -59.8087 240 8
330.7000 -59.8250 240 8
330.6500 -59.8411 240 8
330.6224 -59.8500 240 8
330.6000 -59.8575 240 8
330.5500 -59.8741 240 8
330.5000 -59.8906 240 8
330.4710 -59.9000 240 8
330.4500 -59.9072 240 8
330.4000 -59.9239 240 8
330.3500 -59.9405 240 8
330.3207 -59.9500 240 8
330.3000 -59.9570 240 8
330.2500 -59.9736 240 8
330.2000 -59.9897 240 8
> Contour Depth = 220
329.8000 -56.3010 220 9
329.8500 -56.3001 220 9
329.8614 -56.3000 220 9
329.9000 -56.2996 220 9
329.9500 -56.2993 220 9
330.0000 -56.2992 220 9
330.0500 -56.2995 220 9
330.1000 -56.2999 220 9
330.1059 -56.3000 220 9
330.1500 -56.3006 220 9
330.2000 -56.3016 220 9
330.2500 -56.3029 220 9
330.3000 -56.3045 220 9
330.3500 -56.3065 220 9
330.4000 -56.3090 220 9
330.4500 -56.3120 220 9
330.5000 -56.3155 220 9
330.5500 -56.3197 220 9
330.6000 -56.3246 220 9
330.6500 -56.3303 220 9
330.7000 -56.3369 220 9
330.7500 -56.3445 220 9
330.7824 -56.3500 220 9
330.8000 -56.3530 220 9
330.8500 -56.3627 220 9
330.9000 -56.3735 220 9
330.9500 -56.3856 220 9
331.0000 -56.3988 220 9
331.0041 -56.4000 220 9
331.0500 -56.4135 220 9
331.1000 -56.4296 220 9
331.1500 -56.4471 220 9
331.1578 -56.4500 220 9
331.2000 -56.4663 220 9
331.2500 -56.4871 220 9
331.2789 -56.5000 220 9
331.3000 -56.5098 220 9
331.3500 -56.5345 220 9
331.3794 -56.5500 220 9
331.4000 -56.5614 220 9
331.4500 -56.5907 220 9
331.4650 -56.6000 220 9
331.5000 -56.6228 220 9
331.5394 -56.6500 220 9
331.5500 -56.6578 220 9
331.6000 -56.6961 220 9
331.6048 -56.7000 220 9
331.6500 -56.7384 220 9
331.6632 -56.7500 220 9
331.7000 -56.7847 220 9
331.7158 -56.8000 220 9
331.7500 -56.8355 220 9
331.7637 -56.8500 220 9
331.8000 -56.8910 220 9
331.8078 -56.9000 220 9
331.8487 -56.9500 220 9
331.8500 -56.9516 220 9
331.8873 -57.0000 220 9
331.9000 -57.0174 220 9
331.9237 -57.0500 220 9
331.9500 -57.0882 220 9
331.9581 -57.1000 220 9
331.9911 -57.1500 220 9
332.0000 -57.1641 220 9
332.0229 -57.2000 220 9
332.0500 -57.2449 220 9
332.0532 -57.2500 220 9
332.0827 -57.3000 220 9
332.1000 -57.3308 220 9
332.1110 -57.3500 220 9
332.1384 -57.4000 220 9
332.1500 -57.4222 220 9
332.1649 -57.4500 220 9
332.1905 -57.5000 220 9
332.2000 -57.5193 220 9
332.2155 -57.5500 220 9
332.2396 -57.6000 220 9
332.2500 -57.6224 220 9
332.2632 -57.6500 220 9
332.2861 -57.7000 220 9
332.3000 -57.7314 220 9
332.3085 -57.7500 220 9
332.3305 -57.8000 220 9
332.3500 -57.8464 220 9
332.3516 -57.8500 220 9
332.3726 -57.9000 220 9
332.3926 -57.9500 220 9
332.4000 -57.9695 220 9
332.4120 -58.0000 220 9
332.4305 -58.0500 220 9
332.4477 -58.1000 220 9
332.4500 -58.1072 220 9
332.4640 -58.1500 220 9
332.4787 -58.2000 220 9
332.4916 -58.2500 220 9
332.5000 -58.2879 220 9
332.5027 -58.3000 220 9
332.5119 -58.3500 220 9
332.5188 -58.4000 220 9
332.5232 -58.4500 220 9
332.5251 -58.5000 220 9
332.5241 -58.5500 220 9
332.5202 -58.6000 220 9
332.5133 -58.6500 220 9
332.5030 -58.7000 220 9
332.5000 -58.7111 220 9
332.4894 -58.7500 220 9
332.4723 -58.8000 220 9
332.4513 -58.8500 220 9
332.4500 -58.8527 220 9
332.4268 -58.9000 220 9
332.4000 -58.9465 220 9
332.3980 -58.9500 220 9
332.3653 -59.0000 220 9
332.3500 -59.0208 220 9
332.3284 -59.0500 220 9
332.3000 -59.0844 220 9
332.2871 -59.1000 220 9
332.2500 -59.1404 220 9
332.2412 -59.1500 220 9
332.2000 -59.1909 220 9
332.1908 -59.2000 220 9
332.1500 -59.2370 220 9
332.1355 -59.2500 220 9
332.1000 -59.2795 220 9
332.0751 -59.3000 220 9
332.0500 -59.3192 220 9
332.0092 -59.3500 220 9
332.0000 -59.3565 220 9
331.9500 -59.3915 220 9
331.9377 -59.4000 220 9
331.9000 -59.4246 220 9
331.8599 -59.4500 220 9
331.8500 -59.4560 220 9
331.8000 -59.4859 220 9
331.7756 -59.5000 220 9
331.7500 -59.5144 220 9
331.7000 -59.5415 220 9
331.6840 -59.5500 220 9
331.6500 -59.5676 220 9
331.6000 -59.5925 220 9
331.5843 -59.6000 220 9
331.5500 -59.6164 220 9
331.5000 -59.6394 220 9
331.4759 -59.6500 220 9
331.4500 -59.6615 220 9
331.4000 -59.6828 220 9
331.3580 -59.7000 220 9
331.3500 -59.7033 220 9
331.3000 -59.7234 220 9
331.2500 -59.7426 220 9
331.2303 -59.7500 220 9
331.2000 -59.7615 220 9
331.1500 -59.7800 220 9
331.1000 -59.7979 220 9
331.0939 -59.8000 220 9
331.0500 -59.8158 220 9
331.0000 -59.8334 220 9
330.9520 -59.8500 220 9
330.9500 -59.8507 220 9
330.9000 -59.8684 220 9
330.8500 -59.8858 220 9
330.8092 -59.9000 220 9
330.8000 -59.9033 220 9
330.7500 -59.9213 220 9
330.7000 -59.9392 220 9
330.6698 -59.9500 220 9
330.6500 -59.9574 220 9
330.6000 -59.9760 220 9
330.5500 -59.9946 220 9
330.5354 -60.0000 220 9
330.5000 -60.0136 220 9
330.4500 -60.0328 220 9
330.4048 -60.0500 220 9
330.4000 -60.0519 220 9
330.3500 -60.0715 220 9
330.3000 -60.0908 220 9
330.2756 -60.1000 220 9
330.2500 -60.1101 220 9
330.2000 -60.1294 220 9
> Contour Depth = 200
329.7500 -56.1951 200 10
329.8000 -56.1963 200 10
329.8500 -56.1978 200 10
329.9000 -56.1995 200 10
329.9143 -56.2000 200 10
329.9500 -56.2013 200 10
330.0000 -56.2032 200 10
330.0500 -56.2053 200 10
330.1000 -56.2075 200 10
330.1500 -56.2098 200 10
330.2000 -56.2122 200 10
330.2500 -56.2147 200 10
330.3000 -56.2175 200 10
330.3500 -56.2204 200 10
330.4000 -56.2237 200 10
330.4500 -56.2273 200 10
330.5000 -56.2313 200 10
330.5500 -56.2358 200 10
330.6000 -56.2409 200 10
330.6500 -56.2466 200 10
330.6768 -56.2500 200 10
330.7000 -56.2530 200 10
330.7500 -56.2601 200 10
330.8000 -56.2681 200 10
330.8500 -56.2770 200 10
330.9000 -56.2869 200 10
330.9500 -56.2978 200 10
330.9592 -56.3000 200 10
331.0000 -56.3098 200 10
331.0500 -56.3229 200 10
331.1000 -56.3372 200 10
331.1413 -56.3500 200 10
331.1500 -56.3527 200 10
331.2000 -56.3697 200 10
331.2500 -56.3879 200 10
331.2811 -56.4000 200 10
331.3000 -56.4076 200 10
331.3500 -56.4290 200 10
331.3957 -56.4500 200 10
331.4000 -56.4520 200 10
331.4500 -56.4771 200 10
331.4927 -56.5000 200 10
331.5000 -56.5041 200 10
331.5500 -56.5336 200 10
331.5765 -56.5500 200 10
331.6000 -56.5655 200 10
331.6500 -56.6000 200 10
331.6500 -56.6000 200 10
331.7000 -56.6380 200 10
331.7152 -56.6500 200 10
331.7500 -56.6794 200 10
331.7738 -56.7000 200 10
331.8000 -56.7244 200 10
331.8269 -56.7500 200 10
331.8500 -56.7735 200 10
331.8756 -56.8000 200 10
331.9000 -56.8270 200 10
331.9207 -56.8500 200 10
331.9500 -56.8849 200 10
331.9627 -56.9000 200 10
332.0000 -56.9474 200 10
332.0021 -56.9500 200 10
332.0396 -57.0000 200 10
332.0500 -57.0147 200 10
332.0753 -57.0500 200 10
332.1000 -57.0865 200 10
332.1093 -57.1000 200 10
332.1419 -57.1500 200 10
332.1500 -57.1630 200 10
332.1734 -57.2000 200 10
332.2000 -57.2444 200 10
332.2034 -57.2500 200 10
332.2327 -57.3000 200 10
332.2500 -57.3311 200 10
332.2607 -57.3500 200 10
332.2878 -57.4000 200 10
332.3000 -57.4235 200 10
332.3140 -57.4500 200 10
332.3394 -57.5000 200 10
332.3500 -57.5215 200 10
332.3642 -57.5500 200 10
332.3883 -57.6000 200 10
332.4000 -57.6250 200 10
332.4119 -57.6500 200 10
332.4351 -57.7000 200 10
332.4500 -57.7331 200 10
332.4577 -57.7500 200 10
332.4802 -57.8000 200 10
332.5000 -57.8454 200 10
332.5020 -57.8500 200 10
332.5237 -57.9000 200 10
332.5446 -57.9500 200 10
332.5500 -57.9634 200 10
332.5650 -58.0000 200 10
332.5846 -58.0500 200 10
332.6000 -58.0917 200 10
332.6031 -58.1000 200 10
332.6207 -58.1500 200 10
332.6368 -58.2000 200 10
332.6500 -58.2450 200 10
332.6515 -58.2500 200 10
332.6645 -58.3000 200 10
332.6757 -58.3500 200 10
332.6848 -58.4000 200 10
332.6918 -58.4500 200 10
332.6963 -58.5000 200 10
332.6983 -58.5500 200 10
332.6976 -58.6000 200 10
332.6940 -58.6500 200 10
332.6873 -58.7000 200 10
332.6772 -58.7500 200 10
332.6636 -58.8000 200 10
332.6500 -58.8395 200 10
332.6463 -58.8500 200 10
332.6250 -58.9000 200 10
332.6000 -58.9490 200 10
332.5995 -58.9500 200 10
332.5696 -59.0000 200 10
332.5500 -59.0287 200 10
332.5352 -59.0500 200 10
332.5000 -59.0951 200 10
332.4961 -59.1000 200 10
332.4523 -59.1500 200 10
332.4500 -59.1524 200 10
332.4036 -59.2000 200 10
332.4000 -59.2034 200 10
332.3500 -59.2499 200 10
332.3499 -59.2500 200 10
332.3000 -59.2926 200 10
332.2913 -59.3000 200 10
332.2500 -59.3325 200 10
332.2275 -59.3500 200 10
332.2000 -59.3700 200 10
332.1583 -59.4000 200 10
332.1500 -59.4056 200 10
332.1000 -59.4392 200 10
332.0837 -59.4500 200 10
332.0500 -59.4713 200 10
332.0034 -59.5000 200 10
332.0000 -59.5020 200 10
331.9500 -59.5313 200 10
331.9173 -59.5500 200 10
331.9000 -59.5596 200 10
331.8500 -59.5868 200 10
331.8251 -59.6000 200 10
331.8000 -59.6130 200 10
331.7500 -59.6384 200 10
331.7265 -59.6500 200 10
331.7000 -59.6629 200 10
331.6500 -59.6867 200 10
331.6211 -59.7000 200 10
331.6000 -59.7097 200 10
331.5500 -59.7321 200 10
331.5086 -59.7500 200 10
331.5000 -59.7538 200 10
331.4500 -59.7750 200 10
331.4000 -59.7956 200 10
331.3889 -59.8000 200 10
331.3500 -59.8158 200 10
331.3000 -59.8356 200 10
331.2624 -59.8500 200 10
331.2500 -59.8549 200 10
331.2000 -59.8741 200 10
331.1500 -59.8928 200 10
331.1306 -59.9000 200 10
331.1000 -59.9116 200 10
331.0500 -59.9303 200 10
331.0000 -59.9487 200 10
330.9965 -59.9500 200 10
330.9500 -59.9676 200 10
330.9000 -59.9865 200 10
330.8640 -60.0000 200 10
330.8500 -60.0055 200 10
330.8000 -60.0250 200 10
330.7500 -60.0446 200 10
330.7362 -60.0500 200 10
330.7000 -60.0648 200 10
330.6500 -60.0853 200 10
330.6142 -60.1000 200 10
330.6000 -60.1061 200 10
330.5500 -60.1274 200 10
330.5000 -60.1488 200 10
330.4972 -60.1500 200 10
330.4500 -60.1709 200 10
330.4000 -60.1929 200 10
330.3837 -60.2000 200 10
330.3500 -60.2152 200 10
330.3000 -60.2376 200 10
330.2717 -60.2500 200 10
330.2500 -60.2599 200 10
330.2000 -60.2823 200 10
> Contour Depth = 180
329.9000 -56.0974 180 11
329.9326 -56.1000 180 11
329.9500 -56.1014 180 11
330.0000 -56.1053 180 11
330.0500 -56.1093 180 11
330.1000 -56.1133 180 11
330.1500 -56.1172 180 11
330.2000 -56.1212 180 11
330.2500 -56.1251 180 11
330.3000 -56.1291 180 11
330.3500 -56.1331 180 11
330.4000 -56.1373 180 11
330.4500 -56.1416 180 11
330.5000 -56.1463 180 11
330.5376 -56.1500 180 11
330.5500 -56.1512 180 11
330.6000 -56.1565 180 11
330.6500 -56.1622 180 11
330.7000 -56.1686 180 11
330.7500 -56.1755 180 11
330.8000 -56.1831 180 11
330.8500 -56.1915 180 11
330.8963 -56.2000 180 11
330.9000 -56.2007 180 11
330.9500 -56.2107 180 11
331.0000 -56.2216 180 11
331.0500 -56.2334 180 11
331.1000 -56.2463 180 11
331.1135 -56.2500 180 11
331.1500 -56.2602 180 11
331.2000 -56.2752 180 11
331.2500 -56.2913 180 11
331.2754 -56.3000 180 11
331.3000 -56.3087 180 11
331.3500 -56.3273 180 11
331.4000 -56.3473 180 11
331.4065 -56.3500 180 11
331.4500 -56.3689 180 11
331.5000 -56.3919 180 11
331.5167 -56.4000 180 11
331.5500 -56.4168 180 11
331.6000 -56.4435 180 11
331.6116 -56.4500 180 11
331.6500 -56.4725 180 11
331.6947 -56.5000 180 11
331.7000 -56.5034 180 11
331.7500 -56.5371 180 11
331.7685 -56.5500 180 11
331.8000 -56.5735 180 11
331.8346 -56.6000 180 11
331.8500 -56.6126 180 11
331.8946 -56.6500 180 11
331.9000 -56.6549 180 11
331.9495 -56.7000 180 11
331.9500 -56.7005 180 11
332.0000 -56.7497 180 11
332.0003 -56.7500 180 11
332.0476 -56.8000 180 11
332.0500 -56.8027 180 11
332.0921 -56.8500 180 11
332.1000 -56.8595 180 11
332.1340 -56.9000 180 11
332.1500 -56.9202 180 11
332.1738 -56.9500 180 11
332.2000 -56.9849 180 11
332.2115 -57.0000 180 11
332.2474 -57.0500 180 11
332.2500 -57.0538 180 11
332.2819 -57.1000 180 11
332.3000 -57.1277 180 11
332.3147 -57.1500 180 11
332.3459 -57.2000 180 11
332.3500 -57.2069 180 11
332.3759 -57.2500 180 11
332.4000 -57.2925 180 11
332.4043 -57.3000 180 11
332.4317 -57.3500 180 11
332.4500 -57.3851 180 11
332.4578 -57.4000 180 11
332.4830 -57.4500 180 11
332.5000 -57.4849 180 11
332.5073 -57.5000 180 11
332.5310 -57.5500 180 11
332.5500 -57.5912 180 11
332.5540 -57.6000 180 11
332.5768 -57.6500 180 11
332.5990 -57.7000 180 11
332.6000 -57.7023 180 11
332.6211 -57.7500 180 11
332.6429 -57.8000 180 11
332.6500 -57.8166 180 11
332.6644 -57.8500 180 11
332.6857 -57.9000 180 11
332.7000 -57.9345 180 11
332.7065 -57.9500 180 11
332.7269 -58.0000 180 11
332.7466 -58.0500 180 11
332.7500 -58.0590 180 11
332.7656 -58.1000 180 11
332.7836 -58.1500 180 11
332.8000 -58.1983 180 11
332.8006 -58.2000 180 11
332.8163 -58.2500 180 11
332.8306 -58.3000 180 11
332.8433 -58.3500 180 11
332.8500 -58.3806 180 11
332.8543 -58.4000 180 11
332.8633 -58.4500 180 11
332.8702 -58.5000 180 11
332.8749 -58.5500 180 11
332.8770 -58.6000 180 11
332.8765 -58.6500 180 11
332.8730 -58.7000 180 11
332.8665 -58.7500 180 11
332.8565 -58.8000 180 11
332.8500 -58.8242 180 11
332.8429 -58.8500 180 11
332.8254 -58.9000 180 11
332.8038 -58.9500 180 11
332.8000 -58.9575 180 11
332.7777 -59.0000 180 11
332.7500 -59.0454 180 11
332.7471 -59.0500 180 11
332.7116 -59.1000 180 11
332.7000 -59.1146 180 11
332.6712 -59.1500 180 11
332.6500 -59.1735 180 11
332.6256 -59.2000 180 11
332.6000 -59.2255 180 11
332.5750 -59.2500 180 11
332.5500 -59.2726 180 11
332.5192 -59.3000 180 11
332.5000 -59.3159 180 11
332.4583 -59.3500 180 11
332.4500 -59.3563 180 11
332.4000 -59.3941 180 11
332.3921 -59.4000 180 11
332.3500 -59.4297 180 11
332.3208 -59.4500 180 11
332.3000 -59.4638 180 11
332.2500 -59.4963 180 11
332.2443 -59.5000 180 11
332.2000 -59.5273 180 11
332.1624 -59.5500 180 11
332.1500 -59.5572 180 11
332.1000 -59.5860 180 11
332.0752 -59.6000 180 11
332.0500 -59.6138 180 11
332.0000 -59.6408 180 11
331.9826 -59.6500 180 11
331.9500 -59.6669 180 11
331.9000 -59.6924 180 11
331.8847 -59.7000 180 11
331.8500 -59.7171 180 11
331.8000 -59.7412 180 11
331.7813 -59.7500 180 11
331.7500 -59.7647 180 11
331.7000 -59.7877 180 11
331.6726 -59.8000 180 11
331.6500 -59.8102 180 11
331.6000 -59.8322 180 11
331.5585 -59.8500 180 11
331.5500 -59.8537 180 11
331.5000 -59.8750 180 11
331.4500 -59.8957 180 11
331.4394 -59.9000 180 11
331.4000 -59.9163 180 11
331.3500 -59.9365 180 11
331.3160 -59.9500 180 11
331.3000 -59.9565 180 11
331.2500 -59.9764 180 11
331.2000 -59.9961 180 11
331.1898 -60.0000 180 11
331.1500 -60.0159 180 11
331.1000 -60.0357 180 11
331.0634 -60.0500 180 11
331.0500 -60.0554 180 11
331.0000 -60.0757 180 11
330.9500 -60.0958 180 11
330.9397 -60.1000 180 11
330.9000 -60.1167 180 11
330.8500 -60.1377 180 11
330.8210 -60.1500 180 11
330.8000 -60.1592 180 11
330.7500 -60.1814 180 11
330.7081 -60.2000 180 11
330.7000 -60.2038 180 11
330.6500 -60.2270 180 11
330.6008 -60.2500 180 11
330.6000 -60.2504 180 11
330.5500 -60.2746 180 11
330.5000 -60.2989 180 11
330.4978 -60.3000 180 11
> Contour Depth = 160
329.9682 -56.0000 160 12
330.0000 -56.0039 160 12
330.0500 -56.0099 160 12
330.1000 -56.0157 160 12
330.1500 -56.0215 160 12
330.2000 -56.0271 160 12
330.2500 -56.0325 160 12
330.3000 -56.0379 160 12
330.3500 -56.0431 160 12
330.4000 -56.0484 160 12
330.4150 -56.0500 160 12
330.4500 -56.0536 160 12
330.5000 -56.0589 160 12
330.5500 -56.0643 160 12
330.6000 -56.0700 160 12
330.6500 -56.0761 160 12
330.7000 -56.0825 160 12
330.7500 -56.0894 160 12
330.8000 -56.0969 160 12
330.8194 -56.1000 160 12
330.8500 -56.1049 160 12
330.9000 -56.1135 160 12
330.9500 -56.1228 160 12
331.0000 -56.1329 160 12
331.0500 -56.1438 160 12
331.0765 -56.1500 160 12
331.1000 -56.1555 160 12
331.1500 -56.1681 160 12
331.2000 -56.1816 160 12
331.2500 -56.1960 160 12
331.2631 -56.2000 160 12
331.3000 -56.2114 160 12
331.3500 -56.2279 160 12
331.4000 -56.2455 160 12
331.4122 -56.2500 160 12
331.4500 -56.2643 160 12
331.5000 -56.2843 160 12
331.5370 -56.3000 160 12
331.5500 -56.3057 160 12
331.6000 -56.3286 160 12
331.6443 -56.3500 160 12
331.6500 -56.3529 160 12
331.7000 -56.3790 160 12
331.7382 -56.4000 160 12
331.7500 -56.4068 160 12
331.8000 -56.4367 160 12
331.8216 -56.4500 160 12
331.8500 -56.4686 160 12
331.8965 -56.5000 160 12
331.9000 -56.5025 160 12
331.9500 -56.5390 160 12
331.9648 -56.5500 160 12
332.0000 -56.5779 160 12
332.0274 -56.6000 160 12
332.0500 -56.6194 160 12
332.0854 -56.6500 160 12
332.1000 -56.6635 160 12
332.1396 -56.7000 160 12
332.1500 -56.7103 160 12
332.1904 -56.7500 160 12
332.2000 -56.7600 160 12
332.2384 -56.8000 160 12
332.2500 -56.8129 160 12
332.2838 -56.8500 160 12
332.3000 -56.8689 160 12
332.3268 -56.9000 160 12
332.3500 -56.9286 160 12
332.3675 -56.9500 160 12
332.4000 -56.9923 160 12
332.4059 -57.0000 160 12
332.4422 -57.0500 160 12
332.4500 -57.0614 160 12
332.4764 -57.1000 160 12
332.5000 -57.1368 160 12
332.5085 -57.1500 160 12
332.5386 -57.2000 160 12
332.5500 -57.2201 160 12
332.5669 -57.2500 160 12
332.5935 -57.3000 160 12
332.6000 -57.3128 160 12
332.6187 -57.3500 160 12
332.6426 -57.4000 160 12
332.6500 -57.4161 160 12
332.6655 -57.4500 160 12
332.6876 -57.5000 160 12
332.7000 -57.5287 160 12
332.7091 -57.5500 160 12
332.7302 -57.6000 160 12
332.7500 -57.6477 160 12
332.7509 -57.6500 160 12
332.7716 -57.7000 160 12
332.7921 -57.7500 160 12
332.8000 -57.7692 160 12
332.8126 -57.8000 160 12
332.8330 -57.8500 160 12
332.8500 -57.8918 160 12
332.8533 -57.9000 160 12
332.8735 -57.9500 160 12
332.8934 -58.0000 160 12
332.9000 -58.0171 160 12
332.9129 -58.0500 160 12
332.9318 -58.1000 160 12
332.9500 -58.1498 160 12
332.9501 -58.1500 160 12
332.9676 -58.2000 160 12
332.9840 -58.2500 160 12
332.9992 -58.3000 160 12
333.0000 -58.3029 160 12
333.0131 -58.3500 160 12
333.0255 -58.4000 160 12
333.0361 -58.4500 160 12
333.0447 -58.5000 160 12
333.0500 -58.5408 160 12
333.0512 -58.5500 160 12
333.0554 -58.6000 160 12
333.0570 -58.6500 160 12
333.0558 -58.7000 160 12
333.0517 -58.7500 160 12
333.0500 -58.7617 160 12
333.0443 -58.8000 160 12
333.0336 -58.8500 160 12
333.0191 -58.9000 160 12
333.0008 -58.9500 160 12
333.0000 -58.9519 160 12
332.9783 -59.0000 160 12
332.9514 -59.0500 160 12
332.9500 -59.0523 160 12
332.9198 -59.1000 160 12
332.9000 -59.1274 160 12
332.8833 -59.1500 160 12
332.8500 -59.1904 160 12
332.8419 -59.2000 160 12
332.8000 -59.2450 160 12
332.7952 -59.2500 160 12
332.7500 -59.2937 160 12
332.7433 -59.3000 160 12
332.7000 -59.3381 160 12
332.6862 -59.3500 160 12
332.6500 -59.3793 160 12
332.6241 -59.4000 160 12
332.6000 -59.4181 160 12
332.5570 -59.4500 160 12
332.5500 -59.4549 160 12
332.5000 -59.4897 160 12
332.4850 -59.5000 160 12
332.4500 -59.5230 160 12
332.4081 -59.5500 160 12
332.4000 -59.5551 160 12
332.3500 -59.5858 160 12
332.3265 -59.6000 160 12
332.3000 -59.6155 160 12
332.2500 -59.6444 160 12
332.2401 -59.6500 160 12
332.2000 -59.6723 160 12
332.1500 -59.6995 160 12
332.1490 -59.7000 160 12
332.1000 -59.7258 160 12
332.0532 -59.7500 160 12
332.0500 -59.7516 160 12
332.0000 -59.7768 160 12
331.9527 -59.8000 160 12
331.9500 -59.8013 160 12
331.9000 -59.8254 160 12
331.8500 -59.8490 160 12
331.8478 -59.8500 160 12
331.8000 -59.8722 160 12
331.7500 -59.8949 160 12
331.7386 -59.9000 160 12
331.7000 -59.9173 160 12
331.6500 -59.9394 160 12
331.6254 -59.9500 160 12
331.6000 -59.9611 160 12
331.5500 -59.9826 160 12
331.5088 -60.0000 160 12
331.5000 -60.0038 160 12
331.4500 -60.0250 160 12
331.4000 -60.0458 160 12
331.3898 -60.0500 160 12
331.3500 -60.0667 160 12
331.3000 -60.0875 160 12
331.2696 -60.1000 160 12
331.2500 -60.1083 160 12
331.2000 -60.1293 160 12
331.1504 -60.1500 160 12
331.1500 -60.1502 160 12
331.1000 -60.1717 160 12
331.0500 -60.1932 160 12
331.0342 -60.2000 160 12
331.0000 -60.2153 160 12
330.9500 -60.2377 160 12
330.9228 -60.2500 160 12
330.9000 -60.2606 160 12
330.8500 -60.2842 160 12
330.8169 -60.3000 160 12
> Contour Depth = 140
330.1000 -55.9126 140 13
330.1500 -55.9203 140 13
330.2000 -55.9277 140 13
330.2500 -55.9349 140 13
330.3000 -55.9418 140 13
330.3500 -55.9485 140 13
330.3610 -55.9500 140 13
330.4000 -55.9549 140 13
330.4500 -55.9611 140 13
330.5000 -55.9673 140 13
330.5500 -55.9735 140 13
330.6000 -55.9798 140 13
330.6500 -55.9864 140 13
330.7000 -55.9931 140 13
330.7482 -56.0000 140 13
330.7500 -56.0003 140 13
330.8000 -56.0076 140 13
330.8500 -56.0154 140 13
330.9000 -56.0237 140 13
330.9500 -56.0326 140 13
331.0000 -56.0422 140 13
331.0382 -56.0500 140 13
331.0500 -56.0524 140 13
331.1000 -56.0632 140 13
331.1500 -56.0747 140 13
331.2000 -56.0870 140 13
331.2492 -56.1000 140 13
331.2500 -56.1002 140 13
331.3000 -56.1141 140 13
331.3500 -56.1288 140 13
331.4000 -56.1445 140 13
331.4166 -56.1500 140 13
331.4500 -56.1612 140 13
331.5000 -56.1788 140 13
331.5500 -56.1975 140 13
331.5565 -56.2000 140 13
331.6000 -56.2173 140 13
331.6500 -56.2383 140 13
331.6765 -56.2500 140 13
331.7000 -56.2606 140 13
331.7500 -56.2843 140 13
331.7818 -56.3000 140 13
331.8000 -56.3094 140 13
331.8500 -56.3360 140 13
331.8754 -56.3500 140 13
331.9000 -56.3642 140 13
331.9500 -56.3940 140 13
331.9598 -56.4000 140 13
332.0000 -56.4258 140 13
332.0368 -56.4500 140 13
332.0500 -56.4592 140 13
332.1000 -56.4945 140 13
332.1077 -56.5000 140 13
332.1500 -56.5319 140 13
332.1737 -56.5500 140 13
332.2000 -56.5712 140 13
332.2355 -56.6000 140 13
332.2500 -56.6125 140 13
332.2935 -56.6500 140 13
332.3000 -56.6559 140 13
332.3483 -56.7000 140 13
332.3500 -56.7016 140 13
332.4000 -56.7499 140 13
332.4001 -56.7500 140 13
332.4490 -56.8000 140 13
332.4500 -56.8011 140 13
332.4950 -56.8500 140 13
332.5000 -56.8558 140 13
332.5381 -56.9000 140 13
332.5500 -56.9147 140 13
332.5784 -56.9500 140 13
332.6000 -56.9787 140 13
332.6158 -57.0000 140 13
332.6500 -57.0493 140 13
332.6505 -57.0500 140 13
332.6826 -57.1000 140 13
332.7000 -57.1293 140 13
332.7122 -57.1500 140 13
332.7396 -57.2000 140 13
332.7500 -57.2202 140 13
332.7651 -57.2500 140 13
332.7889 -57.3000 140 13
332.8000 -57.3247 140 13
332.8112 -57.3500 140 13
332.8325 -57.4000 140 13
332.8500 -57.4430 140 13
332.8528 -57.4500 140 13
332.8726 -57.5000 140 13
332.8919 -57.5500 140 13
332.9000 -57.5712 140 13
332.9110 -57.6000 140 13
332.9300 -57.6500 140 13
332.9490 -57.7000 140 13
332.9500 -57.7026 140 13
332.9682 -57.7500 140 13
332.9875 -57.8000 140 13
333.0000 -57.8322 140 13
333.0070 -57.8500 140 13
333.0266 -57.9000 140 13
333.0461 -57.9500 140 13
333.0500 -57.9600 140 13
333.0657 -58.0000 140 13
333.0851 -58.0500 140 13
333.1000 -58.0895 140 13
333.1040 -58.1000 140 13
333.1227 -58.1500 140 13
333.1405 -58.2000 140 13
333.1500 -58.2280 140 13
333.1575 -58.2500 140 13
333.1736 -58.3000 140 13
333.1882 -58.3500 140 13
333.2000 -58.3950 140 13
333.2013 -58.4000 140 13
333.2128 -58.4500 140 13
333.2224 -58.5000 140 13
333.2297 -58.5500 140 13
333.2348 -58.6000 140 13
333.2372 -58.6500 140 13
333.2370 -58.7000 140 13
333.2339 -58.7500 140 13
333.2278 -58.8000 140 13
333.2184 -58.8500 140 13
333.2057 -58.9000 140 13
333.2000 -58.9175 140 13
333.1893 -58.9500 140 13
333.1692 -59.0000 140 13
333.1500 -59.0400 140 13
333.1451 -59.0500 140 13
333.1167 -59.1000 140 13
333.1000 -59.1257 140 13
333.0839 -59.1500 140 13
333.0500 -59.1953 140 13
333.0464 -59.2000 140 13
333.0039 -59.2500 140 13
333.0000 -59.2542 140 13
332.9563 -59.3000 140 13
332.9500 -59.3061 140 13
332.9037 -59.3500 140 13
332.9000 -59.3532 140 13
332.8500 -59.3965 140 13
332.8458 -59.4000 140 13
332.8000 -59.4367 140 13
332.7830 -59.4500 140 13
332.7500 -59.4747 140 13
332.7155 -59.5000 140 13
332.7000 -59.5109 140 13
332.6500 -59.5456 140 13
332.6435 -59.5500 140 13
332.6000 -59.5787 140 13
332.5671 -59.6000 140 13
332.5500 -59.6108 140 13
332.5000 -59.6419 140 13
332.4868 -59.6500 140 13
332.4500 -59.6720 140 13
332.4025 -59.7000 140 13
332.4000 -59.7014 140 13
332.3500 -59.7300 140 13
332.3142 -59.7500 140 13
332.3000 -59.7579 140 13
332.2500 -59.7852 140 13
332.2222 -59.8000 140 13
332.2000 -59.8118 140 13
332.1500 -59.8380 140 13
332.1265 -59.8500 140 13
332.1000 -59.8636 140 13
332.0500 -59.8887 140 13
332.0270 -59.9000 140 13
332.0000 -59.9134 140 13
331.9500 -59.9376 140 13
331.9238 -59.9500 140 13
331.9000 -59.9614 140 13
331.8500 -59.9849 140 13
331.8171 -60.0000 140 13
331.8000 -60.0080 140 13
331.7500 -60.0309 140 13
331.7073 -60.0500 140 13
331.7000 -60.0533 140 13
331.6500 -60.0758 140 13
331.6000 -60.0978 140 13
331.5950 -60.1000 140 13
331.5500 -60.1199 140 13
331.5000 -60.1418 140 13
331.4811 -60.1500 140 13
331.4500 -60.1637 140 13
331.4000 -60.1856 140 13
331.3670 -60.2000 140 13
331.3500 -60.2076 140 13
331.3000 -60.2298 140 13
331.2543 -60.2500 140 13
331.2500 -60.2519 140 13
331.2000 -60.2747 140 13
331.1500 -60.2975 140 13
331.1445 -60.3000 140 13
> Contour Depth = 120
330.2500 -55.8292 120 14
330.3000 -55.8380 120 14
330.3500 -55.8464 120 14
330.3723 -55.8500 120 14
330.4000 -55.8543 120 14
330.4500 -55.8617 120 14
330.5000 -55.8690 120 14
330.5500 -55.8762 120 14
330.6000 -55.8834 120 14
330.6500 -55.8906 120 14
330.7000 -55.8980 120 14
330.7131 -55.9000 120 14
330.7500 -55.9054 120 14
330.8000 -55.9129 120 14
330.8500 -55.9208 120 14
330.9000 -55.9291 120 14
330.9500 -55.9379 120 14
331.0000 -55.9472 120 14
331.0143 -55.9500 120 14
331.0500 -55.9568 120 14
331.1000 -55.9670 120 14
331.1500 -55.9778 120 14
331.2000 -55.9893 120 14
331.2439 -56.0000 120 14
331.2500 -56.0015 120 14
331.3000 -56.0141 120 14
331.3500 -56.0275 120 14
331.4000 -56.0417 120 14
331.4276 -56.0500 120 14
331.4500 -56.0567 120 14
331.5000 -56.0724 120 14
331.5500 -56.0890 120 14
331.5816 -56.1000 120 14
331.6000 -56.1065 120 14
331.6500 -56.1249 120 14
331.7000 -56.1443 120 14
331.7141 -56.1500 120 14
331.7500 -56.1648 120 14
331.8000 -56.1863 120 14
331.8304 -56.2000 120 14
331.8500 -56.2091 120 14
331.9000 -56.2330 120 14
331.9340 -56.2500 120 14
331.9500 -56.2582 120 14
332.0000 -56.2848 120 14
332.0277 -56.3000 120 14
332.0500 -56.3127 120 14
332.1000 -56.3420 120 14
332.1134 -56.3500 120 14
332.1500 -56.3728 120 14
332.1925 -56.4000 120 14
332.2000 -56.4050 120 14
332.2500 -56.4389 120 14
332.2662 -56.4500 120 14
332.3000 -56.4743 120 14
332.3353 -56.5000 120 14
332.3500 -56.5113 120 14
332.4000 -56.5499 120 14
332.4002 -56.5500 120 14
332.4500 -56.5906 120 14
332.4615 -56.6000 120 14
332.5000 -56.6332 120 14
332.5192 -56.6500 120 14
332.5500 -56.6782 120 14
332.5735 -56.7000 120 14
332.6000 -56.7259 120 14
332.6244 -56.7500 120 14
332.6500 -56.7768 120 14
332.6718 -56.8000 120 14
332.7000 -56.8318 120 14
332.7159 -56.8500 120 14
332.7500 -56.8918 120 14
332.7566 -56.9000 120 14
332.7941 -56.9500 120 14
332.8000 -56.9584 120 14
332.8286 -57.0000 120 14
332.8500 -57.0337 120 14
332.8602 -57.0500 120 14
332.8893 -57.1000 120 14
332.9000 -57.1199 120 14
332.9161 -57.1500 120 14
332.9408 -57.2000 120 14
332.9500 -57.2200 120 14
332.9638 -57.2500 120 14
332.9853 -57.3000 120 14
333.0000 -57.3362 120 14
333.0056 -57.3500 120 14
333.0251 -57.4000 120 14
333.0438 -57.4500 120 14
333.0500 -57.4668 120 14
333.0622 -57.5000 120 14
333.0803 -57.5500 120 14
333.0983 -57.6000 120 14
333.1000 -57.6048 120 14
333.1165 -57.6500 120 14
333.1348 -57.7000 120 14
333.1500 -57.7413 120 14
333.1533 -57.7500 120 14
333.1722 -57.8000 120 14
333.1913 -57.8500 120 14
333.2000 -57.8726 120 14
333.2107 -57.9000 120 14
333.2303 -57.9500 120 14
333.2498 -58.0000 120 14
333.2500 -58.0005 120 14
333.2696 -58.0500 120 14
333.2889 -58.1000 120 14
333.3000 -58.1297 120 14
333.3077 -58.1500 120 14
333.3261 -58.2000 120 14
333.3434 -58.2500 120 14
333.3500 -58.2705 120 14
333.3597 -58.3000 120 14
333.3746 -58.3500 120 14
333.3878 -58.4000 120 14
333.3991 -58.4500 120 14
333.4000 -58.4549 120 14
333.4085 -58.5000 120 14
333.4156 -58.5500 120 14
333.4202 -58.6000 120 14
333.4222 -58.6500 120 14
333.4215 -58.7000 120 14
333.4181 -58.7500 120 14
333.4117 -58.8000 120 14
333.4023 -58.8500 120 14
333.4000 -58.8593 120 14
333.3899 -58.9000 120 14
333.3743 -58.9500 120 14
333.3552 -59.0000 120 14
333.3500 -59.0117 120 14
333.3327 -59.0500 120 14
333.3065 -59.1000 120 14
333.3000 -59.1108 120 14
333.2763 -59.1500 120 14
333.2500 -59.1884 120 14
333.2419 -59.2000 120 14
333.2032 -59.2500 120 14
333.2000 -59.2537 120 14
333.1597 -59.3000 120 14
333.1500 -59.3103 120 14
333.1115 -59.3500 120 14
333.1000 -59.3610 120 14
333.0582 -59.4000 120 14
333.0500 -59.4072 120 14
333.0000 -59.4500 120 14
333.0000 -59.4500 120 14
332.9500 -59.4898 120 14
332.9369 -59.5000 120 14
332.9000 -59.5275 120 14
332.8692 -59.5500 120 14
332.8500 -59.5636 120 14
332.8000 -59.5982 120 14
332.7973 -59.6000 120 14
332.7500 -59.6314 120 14
332.7216 -59.6500 120 14
332.7000 -59.6638 120 14
332.6500 -59.6953 120 14
332.6424 -59.7000 120 14
332.6000 -59.7259 120 14
332.5601 -59.7500 120 14
332.5500 -59.7560 120 14
332.5000 -59.7855 120 14
332.4749 -59.8000 120 14
332.4500 -59.8144 120 14
332.4000 -59.8428 120 14
332.3871 -59.8500 120 14
332.3500 -59.8708 120 14
332.3000 -59.8982 120 14
332.2967 -59.9000 120 14
332.2500 -59.9254 120 14
332.2036 -59.9500 120 14
332.2000 -59.9519 120 14
332.1500 -59.9782 120 14
332.1076 -60.0000 120 14
332.1000 -60.0040 120 14
332.0500 -60.0295 120 14
332.0088 -60.0500 120 14
332.0000 -60.0545 120 14
331.9500 -60.0792 120 14
331.9070 -60.1000 120 14
331.9000 -60.1035 120 14
331.8500 -60.1276 120 14
331.8025 -60.1500 120 14
331.8000 -60.1512 120 14
331.7500 -60.1748 120 14
331.7000 -60.1980 120 14
331.6957 -60.2000 120 14
331.6500 -60.2213 120 14
331.6000 -60.2443 120 14
331.5875 -60.2500 120 14
331.5500 -60.2675 120 14
331.5000 -60.2906 120 14
331.4794 -60.3000 120 14
> Contour Depth = 100
330.4000 -55.7421 100 15
330.4414 -55.7500 100 15
330.4500 -55.7515 100 15
330.5000 -55.7602 100 15
330.5500 -55.7686 100 15
330.6000 -55.7769 100 15
330.6500 -55.7851 100 15
330.7000 -55.7933 100 15
330.7405 -55.8000 100 15
330.7500 -55.8015 100 15
330.8000 -55.8095 100 15
330.8500 -55.8177 100 15
330.9000 -55.8262 100 15
330.9500 -55.8351 100 15
331.0000 -55.8444 100 15
331.0287 -55.8500 100 15
331.0500 -55.8540 100 15
331.1000 -55.8638 100 15
331.1500 -55.8741 100 15
331.2000 -55.8850 100 15
331.2500 -55.8965 100 15
331.2647 -55.9000 100 15
331.3000 -55.9083 100 15
331.3500 -55.9206 100 15
331.4000 -55.9336 100 15
331.4500 -55.9473 100 15
331.4594 -55.9500 100 15
331.5000 -55.9614 100 15
331.5500 -55.9762 100 15
331.6000 -55.9919 100 15
331.6246 -56.0000 100 15
331.6500 -56.0083 100 15
331.7000 -56.0253 100 15
331.7500 -56.0433 100 15
331.7678 -56.0500 100 15
331.8000 -56.0621 100 15
331.8500 -56.0818 100 15
331.8938 -56.1000 100 15
331.9000 -56.1026 100 15
331.9500 -56.1242 100 15
332.0000 -56.1470 100 15
332.0065 -56.1500 100 15
332.0500 -56.1707 100 15
332.1000 -56.1957 100 15
332.1085 -56.2000 100 15
332.1500 -56.2217 100 15
332.2000 -56.2490 100 15
332.2018 -56.2500 100 15
332.2500 -56.2775 100 15
332.2881 -56.3000 100 15
332.3000 -56.3072 100 15
332.3500 -56.3382 100 15
332.3685 -56.3500 100 15
332.4000 -56.3706 100 15
332.4437 -56.4000 100 15
332.4500 -56.4044 100 15
332.5000 -56.4397 100 15
332.5144 -56.4500 100 15
332.5500 -56.4765 100 15
332.5809 -56.5000 100 15
332.6000 -56.5151 100 15
332.6434 -56.5500 100 15
332.6500 -56.5556 100 15
332.7000 -56.5983 100 15
332.7020 -56.6000 100 15
332.7500 -56.6436 100 15
332.7569 -56.6500 100 15
332.8000 -56.6921 100 15
332.8080 -56.7000 100 15
332.8500 -56.7442 100 15
332.8554 -56.7500 100 15
332.8992 -56.8000 100 15
332.9000 -56.8009 100 15
332.9397 -56.8500 100 15
332.9500 -56.8637 100 15
332.9770 -56.9000 100 15
333.0000 -56.9336 100 15
333.0112 -56.9500 100 15
333.0427 -57.0000 100 15
333.0500 -57.0126 100 15
333.0717 -57.0500 100 15
333.0985 -57.1000 100 15
333.1000 -57.1031 100 15
333.1235 -57.1500 100 15
333.1466 -57.2000 100 15
333.1500 -57.2079 100 15
333.1685 -57.2500 100 15
333.1892 -57.3000 100 15
333.2000 -57.3277 100 15
333.2089 -57.3500 100 15
333.2281 -57.4000 100 15
333.2465 -57.4500 100 15
333.2500 -57.4595 100 15
333.2650 -57.5000 100 15
333.2832 -57.5500 100 15
333.3000 -57.5964 100 15
333.3013 -57.6000 100 15
333.3200 -57.6500 100 15
333.3386 -57.7000 100 15
333.3500 -57.7304 100 15
333.3576 -57.7500 100 15
333.3770 -57.8000 100 15
333.3965 -57.8500 100 15
333.4000 -57.8589 100 15
333.4166 -57.9000 100 15
333.4367 -57.9500 100 15
333.4500 -57.9833 100 15
333.4568 -58.0000 100 15
333.4770 -58.0500 100 15
333.4966 -58.1000 100 15
333.5000 -58.1091 100 15
333.5158 -58.1500 100 15
333.5341 -58.2000 100 15
333.5500 -58.2468 100 15
333.5511 -58.2500 100 15
333.5670 -58.3000 100 15
333.5811 -58.3500 100 15
333.5932 -58.4000 100 15
333.6000 -58.4342 100 15
333.6032 -58.4500 100 15
333.6110 -58.5000 100 15
333.6164 -58.5500 100 15
333.6192 -58.6000 100 15
333.6194 -58.6500 100 15
333.6169 -58.7000 100 15
333.6117 -58.7500 100 15
333.6037 -58.8000 100 15
333.6000 -58.8173 100 15
333.5931 -58.8500 100 15
333.5798 -58.9000 100 15
333.5636 -58.9500 100 15
333.5500 -58.9852 100 15
333.5444 -59.0000 100 15
333.5223 -59.0500 100 15
333.5000 -59.0938 100 15
333.4969 -59.1000 100 15
333.4682 -59.1500 100 15
333.4500 -59.1784 100 15
333.4360 -59.2000 100 15
333.4000 -59.2500 100 15
333.4000 -59.2500 100 15
333.3600 -59.3000 100 15
333.3500 -59.3115 100 15
333.3158 -59.3500 100 15
333.3000 -59.3664 100 15
333.2670 -59.4000 100 15
333.2500 -59.4161 100 15
333.2135 -59.4500 100 15
333.2000 -59.4618 100 15
333.1552 -59.5000 100 15
333.1500 -59.5042 100 15
333.1000 -59.5439 100 15
333.0922 -59.5500 100 15
333.0500 -59.5815 100 15
333.0246 -59.6000 100 15
333.0000 -59.6174 100 15
332.9529 -59.6500 100 15
332.9500 -59.6520 100 15
332.9000 -59.6853 100 15
332.8776 -59.7000 100 15
332.8500 -59.7178 100 15
332.8000 -59.7495 100 15
332.7992 -59.7500 100 15
332.7500 -59.7806 100 15
332.7184 -59.8000 100 15
332.7000 -59.8112 100 15
332.6500 -59.8414 100 15
332.6355 -59.8500 100 15
332.6000 -59.8712 100 15
332.5510 -59.9000 100 15
332.5500 -59.9006 100 15
332.5000 -59.9299 100 15
332.4650 -59.9500 100 15
332.4500 -59.9588 100 15
332.4000 -59.9874 100 15
332.3776 -60.0000 100 15
332.3500 -60.0158 100 15
332.3000 -60.0438 100 15
332.2887 -60.0500 100 15
332.2500 -60.0717 100 15
332.2000 -60.0989 100 15
332.1980 -60.1000 100 15
332.1500 -60.1262 100 15
332.1051 -60.1500 100 15
332.1000 -60.1528 100 15
332.0500 -60.1793 100 15
332.0098 -60.2000 100 15
332.0000 -60.2051 100 15
331.9500 -60.2309 100 15
331.9118 -60.2500 100 15
331.9000 -60.2560 100 15
331.8500 -60.2811 100 15
331.8115 -60.3000 100 15
> Contour Depth = 80
330.5500 -55.6444 80 16
330.5772 -55.6500 80 16
330.6000 -55.6544 80 16
330.6500 -55.6637 80 16
330.7000 -55.6729 80 16
330.7500 -55.6822 80 16
330.8000 -55.6915 80 16
330.8454 -55.7000 80 16
330.8500 -55.7008 80 16
330.9000 -55.7097 80 16
330.9500 -55.7189 80 16
331.0000 -55.7284 80 16
331.0500 -55.7382 80 16
331.1000 -55.7484 80 16
331.1074 -55.7500 80 16
331.1500 -55.7585 80 16
331.2000 -55.7689 80 16
331.2500 -55.7798 80 16
331.3000 -55.7913 80 16
331.3366 -55.8000 80 16
331.3500 -55.8031 80 16
331.4000 -55.8149 80 16
331.4500 -55.8274 80 16
331.5000 -55.8405 80 16
331.5346 -55.8500 80 16
331.5500 -55.8541 80 16
331.6000 -55.8679 80 16
331.6500 -55.8825 80 16
331.7000 -55.8980 80 16
331.7063 -55.9000 80 16
331.7500 -55.9137 80 16
331.8000 -55.9301 80 16
331.8500 -55.9476 80 16
331.8567 -55.9500 80 16
331.9000 -55.9654 80 16
331.9500 -55.9842 80 16
331.9898 -56.0000 80 16
332.0000 -56.0040 80 16
332.0500 -56.0244 80 16
332.1000 -56.0459 80 16
332.1092 -56.0500 80 16
332.1500 -56.0682 80 16
332.2000 -56.0916 80 16
332.2174 -56.1000 80 16
332.2500 -56.1159 80 16
332.3000 -56.1414 80 16
332.3165 -56.1500 80 16
332.3500 -56.1678 80 16
332.4000 -56.1955 80 16
332.4079 -56.2000 80 16
332.4500 -56.2242 80 16
332.4930 -56.2500 80 16
332.5000 -56.2543 80 16
332.5500 -56.2854 80 16
332.5727 -56.3000 80 16
332.6000 -56.3180 80 16
332.6472 -56.3500 80 16
332.6500 -56.3519 80 16
332.7000 -56.3873 80 16
332.7175 -56.4000 80 16
332.7500 -56.4243 80 16
332.7834 -56.4500 80 16
332.8000 -56.4632 80 16
332.8452 -56.5000 80 16
332.8500 -56.5041 80 16
332.9000 -56.5473 80 16
332.9031 -56.5500 80 16
332.9500 -56.5933 80 16
332.9572 -56.6000 80 16
333.0000 -56.6424 80 16
333.0075 -56.6500 80 16
333.0500 -56.6954 80 16
333.0542 -56.7000 80 16
333.0976 -56.7500 80 16
333.1000 -56.7530 80 16
333.1378 -56.8000 80 16
333.1500 -56.8163 80 16
333.1751 -56.8500 80 16
333.2000 -56.8862 80 16
333.2095 -56.9000 80 16
333.2415 -56.9500 80 16
333.2500 -56.9643 80 16
333.2714 -57.0000 80 16
333.2990 -57.0500 80 16
333.3000 -57.0518 80 16
333.3254 -57.1000 80 16
333.3498 -57.1500 80 16
333.3500 -57.1504 80 16
333.3735 -57.2000 80 16
333.3957 -57.2500 80 16
333.4000 -57.2603 80 16
333.4173 -57.3000 80 16
333.4381 -57.3500 80 16
333.4500 -57.3796 80 16
333.4585 -57.4000 80 16
333.4787 -57.4500 80 16
333.4983 -57.5000 80 16
333.5000 -57.5044 80 16
333.5184 -57.5500 80 16
333.5383 -57.6000 80 16
333.5500 -57.6296 80 16
333.5584 -57.6500 80 16
333.5789 -57.7000 80 16
333.5992 -57.7500 80 16
333.6000 -57.7519 80 16
333.6204 -57.8000 80 16
333.6414 -57.8500 80 16
333.6500 -57.8707 80 16
333.6626 -57.9000 80 16
333.6838 -57.9500 80 16
333.7000 -57.9893 80 16
333.7045 -58.0000 80 16
333.7251 -58.0500 80 16
333.7446 -58.1000 80 16
333.7500 -58.1146 80 16
333.7633 -58.1500 80 16
333.7806 -58.2000 80 16
333.7960 -58.2500 80 16
333.8000 -58.2645 80 16
333.8098 -58.3000 80 16
333.8215 -58.3500 80 16
333.8308 -58.4000 80 16
333.8377 -58.4500 80 16
333.8420 -58.5000 80 16
333.8438 -58.5500 80 16
333.8431 -58.6000 80 16
333.8398 -58.6500 80 16
333.8341 -58.7000 80 16
333.8258 -58.7500 80 16
333.8150 -58.8000 80 16
333.8016 -58.8500 80 16
333.8000 -58.8551 80 16
333.7862 -58.9000 80 16
333.7681 -58.9500 80 16
333.7500 -58.9938 80 16
333.7475 -59.0000 80 16
333.7246 -59.0500 80 16
333.7000 -59.0978 80 16
333.6989 -59.1000 80 16
333.6707 -59.1500 80 16
333.6500 -59.1830 80 16
333.6394 -59.2000 80 16
333.6050 -59.2500 80 16
333.6000 -59.2567 80 16
333.5675 -59.3000 80 16
333.5500 -59.3214 80 16
333.5263 -59.3500 80 16
333.5000 -59.3794 80 16
333.4813 -59.4000 80 16
333.4500 -59.4322 80 16
333.4323 -59.4500 80 16
333.4000 -59.4805 80 16
333.3789 -59.5000 80 16
333.3500 -59.5253 80 16
333.3210 -59.5500 80 16
333.3000 -59.5671 80 16
333.2585 -59.6000 80 16
333.2500 -59.6065 80 16
333.2000 -59.6439 80 16
333.1916 -59.6500 80 16
333.1500 -59.6796 80 16
333.1206 -59.7000 80 16
333.1000 -59.7140 80 16
333.0500 -59.7473 80 16
333.0458 -59.7500 80 16
333.0000 -59.7798 80 16
332.9682 -59.8000 80 16
332.9500 -59.8115 80 16
332.9000 -59.8427 80 16
332.8882 -59.8500 80 16
332.8500 -59.8737 80 16
332.8067 -59.9000 80 16
332.8000 -59.9041 80 16
332.7500 -59.9346 80 16
332.7243 -59.9500 80 16
332.7000 -59.9648 80 16
332.6500 -59.9948 80 16
332.6413 -60.0000 80 16
332.6000 -60.0250 80 16
332.5580 -60.0500 80 16
332.5500 -60.0549 80 16
332.5000 -60.0850 80 16
332.4746 -60.1000 80 16
332.4500 -60.1149 80 16
332.4000 -60.1445 80 16
332.3906 -60.1500 80 16
332.3500 -60.1743 80 16
332.3058 -60.2000 80 16
332.3000 -60.2034 80 16
332.2500 -60.2327 80 16
332.2195 -60.2500 80 16
332.2000 -60.2614 80 16
332.1500 -60.2897 80 16
332.1313 -60.3000 80 16
> Contour Depth = 60
330.6500 -55.5148 60 17
330.7000 -55.5260 60 17
330.7500 -55.5371 60 17
330.8000 -55.5482 60 17
330.8083 -55.5500 60 17
330.8500 -55.5585 60 17
330.9000 -55.5687 60 17
330.9500 -55.5791 60 17
331.0000 -55.5896 60 17
331.0481 -55.6000 60 17
331.0500 -55.6004 60 17
331.1000 -55.6105 60 17
331.1500 -55.6209 60 17
331.2000 -55.6317 60 17
331.2500 -55.6428 60 17
331.2817 -55.6500 60 17
331.3000 -55.6539 60 17
331.3500 -55.6649 60 17
331.4000 -55.6763 60 17
331.4500 -55.6881 60 17
331.4980 -55.7000 60 17
331.5000 -55.7005 60 17
331.5500 -55.7125 60 17
331.6000 -55.7251 60 17
331.6500 -55.7383 60 17
331.6922 -55.7500 60 17
331.7000 -55.7521 60 17
331.7500 -55.7658 60 17
331.8000 -55.7802 60 17
331.8500 -55.7956 60 17
331.8640 -55.8000 60 17
331.9000 -55.8110 60 17
331.9500 -55.8272 60 17
332.0000 -55.8444 60 17
332.0158 -55.8500 60 17
332.0500 -55.8619 60 17
332.1000 -55.8802 60 17
332.1500 -55.8996 60 17
332.1509 -55.9000 60 17
332.2000 -55.9193 60 17
332.2500 -55.9402 60 17
332.2724 -55.9500 60 17
332.3000 -55.9619 60 17
332.3500 -55.9845 60 17
332.3827 -56.0000 60 17
332.4000 -56.0082 60 17
332.4500 -56.0327 60 17
332.4837 -56.0500 60 17
332.5000 -56.0584 60 17
332.5500 -56.0850 60 17
332.5771 -56.1000 60 17
332.6000 -56.1127 60 17
332.6500 -56.1416 60 17
332.6641 -56.1500 60 17
332.7000 -56.1715 60 17
332.7455 -56.2000 60 17
332.7500 -56.2028 60 17
332.8000 -56.2352 60 17
332.8222 -56.2500 60 17
332.8500 -56.2689 60 17
332.8942 -56.3000 60 17
332.9000 -56.3042 60 17
332.9500 -56.3408 60 17
332.9622 -56.3500 60 17
333.0000 -56.3792 60 17
333.0261 -56.4000 60 17
333.0500 -56.4196 60 17
333.0862 -56.4500 60 17
333.1000 -56.4621 60 17
333.1424 -56.5000 60 17
333.1500 -56.5071 60 17
333.1952 -56.5500 60 17
333.2000 -56.5548 60 17
333.2445 -56.6000 60 17
333.2500 -56.6059 60 17
333.2908 -56.6500 60 17
333.3000 -56.6606 60 17
333.3340 -56.7000 60 17
333.3500 -56.7197 60 17
333.3746 -56.7500 60 17
333.4000 -56.7836 60 17
333.4125 -56.8000 60 17
333.4481 -56.8500 60 17
333.4500 -56.8529 60 17
333.4821 -56.9000 60 17
333.5000 -56.9284 60 17
333.5140 -56.9500 60 17
333.5443 -57.0000 60 17
333.5500 -57.0100 60 17
333.5735 -57.0500 60 17
333.6000 -57.0981 60 17
333.6011 -57.1000 60 17
333.6283 -57.1500 60 17
333.6500 -57.1924 60 17
333.6541 -57.2000 60 17
333.6796 -57.2500 60 17
333.7000 -57.2919 60 17
333.7041 -57.3000 60 17
333.7287 -57.3500 60 17
333.7500 -57.3953 60 17
333.7523 -57.4000 60 17
333.7764 -57.4500 60 17
333.7996 -57.5000 60 17
333.8000 -57.5009 60 17
333.8235 -57.5500 60 17
333.8467 -57.6000 60 17
333.8500 -57.6072 60 17
333.8705 -57.6500 60 17
333.8938 -57.7000 60 17
333.9000 -57.7135 60 17
333.9174 -57.7500 60 17
333.9405 -57.8000 60 17
333.9500 -57.8210 60 17
333.9635 -57.8500 60 17
333.9858 -57.9000 60 17
334.0000 -57.9336 60 17
334.0071 -57.9500 60 17
334.0277 -58.0000 60 17
334.0464 -58.0500 60 17
334.0500 -58.0603 60 17
334.0639 -58.1000 60 17
334.0794 -58.1500 60 17
334.0926 -58.2000 60 17
334.1000 -58.2339 60 17
334.1036 -58.2500 60 17
334.1123 -58.3000 60 17
334.1185 -58.3500 60 17
334.1222 -58.4000 60 17
334.1232 -58.4500 60 17
334.1218 -58.5000 60 17
334.1179 -58.5500 60 17
334.1114 -58.6000 60 17
334.1026 -58.6500 60 17
334.1000 -58.6615 60 17
334.0917 -58.7000 60 17
334.0787 -58.7500 60 17
334.0633 -58.8000 60 17
334.0500 -58.8377 60 17
334.0459 -58.8500 60 17
334.0267 -58.9000 60 17
334.0053 -58.9500 60 17
334.0000 -58.9611 60 17
333.9822 -59.0000 60 17
333.9568 -59.0500 60 17
333.9500 -59.0623 60 17
333.9298 -59.1000 60 17
333.9001 -59.1500 60 17
333.9000 -59.1502 60 17
333.8688 -59.2000 60 17
333.8500 -59.2275 60 17
333.8349 -59.2500 60 17
333.8000 -59.2975 60 17
333.7982 -59.3000 60 17
333.7591 -59.3500 60 17
333.7500 -59.3608 60 17
333.7169 -59.4000 60 17
333.7000 -59.4187 60 17
333.6714 -59.4500 60 17
333.6500 -59.4720 60 17
333.6224 -59.5000 60 17
333.6000 -59.5214 60 17
333.5695 -59.5500 60 17
333.5500 -59.5675 60 17
333.5126 -59.6000 60 17
333.5000 -59.6106 60 17
333.4515 -59.6500 60 17
333.4500 -59.6512 60 17
333.4000 -59.6897 60 17
333.3863 -59.7000 60 17
333.3500 -59.7265 60 17
333.3168 -59.7500 60 17
333.3000 -59.7617 60 17
333.2500 -59.7956 60 17
333.2434 -59.8000 60 17
333.2000 -59.8288 60 17
333.1669 -59.8500 60 17
333.1500 -59.8609 60 17
333.1000 -59.8924 60 17
333.0878 -59.9000 60 17
333.0500 -59.9237 60 17
333.0070 -59.9500 60 17
333.0000 -59.9543 60 17
332.9500 -59.9852 60 17
332.9255 -60.0000 60 17
332.9000 -60.0158 60 17
332.8500 -60.0463 60 17
332.8438 -60.0500 60 17
332.8000 -60.0773 60 17
332.7628 -60.1000 60 17
332.7500 -60.1081 60 17
332.7000 -60.1392 60 17
332.6825 -60.1500 60 17
332.6500 -60.1707 60 17
332.6029 -60.2000 60 17
332.6000 -60.2018 60 17
332.5500 -60.2338 60 17
332.5240 -60.2500 60 17
332.5000 -60.2655 60 17
332.4500 -60.2969 60 17
332.4450 -60.3000 60 17
332.4000 -60.3287 60 17
332.3655 -60.3500 60 17
> Contour Depth = 40
330.9000 -55.3793 40 18
330.9500 -55.3920 40 18
330.9814 -55.4000 40 18
331.0000 -55.4043 40 18
331.0500 -55.4160 40 18
331.1000 -55.4277 40 18
331.1500 -55.4396 40 18
331.1930 -55.4500 40 18
331.2000 -55.4515 40 18
331.2500 -55.4625 40 18
331.3000 -55.4737 40 18
331.3500 -55.4851 40 18
331.4000 -55.4968 40 18
331.4138 -55.5000 40 18
331.4500 -55.5078 40 18
331.5000 -55.5189 40 18
331.5500 -55.5303 40 18
331.6000 -55.5421 40 18
331.6327 -55.5500 40 18
331.6500 -55.5539 40 18
331.7000 -55.5655 40 18
331.7500 -55.5776 40 18
331.8000 -55.5904 40 18
331.8360 -55.6000 40 18
331.8500 -55.6035 40 18
331.9000 -55.6165 40 18
331.9500 -55.6302 40 18
332.0000 -55.6448 40 18
332.0171 -55.6500 40 18
332.0500 -55.6595 40 18
332.1000 -55.6747 40 18
332.1500 -55.6909 40 18
332.1768 -55.7000 40 18
332.2000 -55.7076 40 18
332.2500 -55.7247 40 18
332.3000 -55.7431 40 18
332.3181 -55.7500 40 18
332.3500 -55.7618 40 18
332.4000 -55.7814 40 18
332.4443 -55.8000 40 18
332.4500 -55.8023 40 18
332.5000 -55.8234 40 18
332.5500 -55.8460 40 18
332.5586 -55.8500 40 18
332.6000 -55.8689 40 18
332.6500 -55.8933 40 18
332.6633 -55.9000 40 18
332.7000 -55.9182 40 18
332.7500 -55.9445 40 18
332.7602 -55.9500 40 18
332.8000 -55.9713 40 18
332.8500 -55.9997 40 18
332.8506 -56.0000 40 18
332.9000 -56.0283 40 18
332.9359 -56.0500 40 18
332.9500 -56.0585 40 18
333.0000 -56.0896 40 18
333.0163 -56.1000 40 18
333.0500 -56.1217 40 18
333.0922 -56.1500 40 18
333.1000 -56.1552 40 18
333.1500 -56.1898 40 18
333.1644 -56.2000 40 18
333.2000 -56.2257 40 18
333.2325 -56.2500 40 18
333.2500 -56.2633 40 18
333.2968 -56.3000 40 18
333.3000 -56.3026 40 18
333.3500 -56.3435 40 18
333.3578 -56.3500 40 18
333.4000 -56.3864 40 18
333.4154 -56.4000 40 18
333.4500 -56.4316 40 18
333.4699 -56.4500 40 18
333.5000 -56.4791 40 18
333.5214 -56.5000 40 18
333.5500 -56.5292 40 18
333.5703 -56.5500 40 18
333.6000 -56.5820 40 18
333.6168 -56.6000 40 18
333.6500 -56.6374 40 18
333.6613 -56.6500 40 18
333.7000 -56.6954 40 18
333.7040 -56.7000 40 18
333.7453 -56.7500 40 18
333.7500 -56.7560 40 18
333.7856 -56.8000 40 18
333.8000 -56.8188 40 18
333.8247 -56.8500 40 18
333.8500 -56.8837 40 18
333.8627 -56.9000 40 18
333.8998 -56.9500 40 18
333.9000 -56.9503 40 18
333.9368 -57.0000 40 18
333.9500 -57.0187 40 18
333.9730 -57.0500 40 18
334.0000 -57.0886 40 18
334.0083 -57.1000 40 18
334.0431 -57.1500 40 18
334.0500 -57.1604 40 18
334.0774 -57.2000 40 18
334.1000 -57.2344 40 18
334.1107 -57.2500 40 18
334.1431 -57.3000 40 18
334.1500 -57.3111 40 18
334.1749 -57.3500 40 18
334.2000 -57.3915 40 18
334.2053 -57.4000 40 18
334.2350 -57.4500 40 18
334.2500 -57.4765 40 18
334.2635 -57.5000 40 18
334.2908 -57.5500 40 18
334.3000 -57.5676 40 18
334.3170 -57.6000 40 18
334.3418 -57.6500 40 18
334.3500 -57.6675 40 18
334.3653 -57.7000 40 18
334.3873 -57.7500 40 18
334.4000 -57.7811 40 18
334.4077 -57.8000 40 18
334.4266 -57.8500 40 18
334.4436 -57.9000 40 18
334.4500 -57.9209 40 18
334.4589 -57.9500 40 18
334.4723 -58.0000 40 18
334.4836 -58.0500 40 18
334.4929 -58.1000 40 18
334.4999 -58.1500 40 18
334.5000 -58.1506 40 18
334.5050 -58.2000 40 18
334.5078 -58.2500 40 18
334.5083 -58.3000 40 18
334.5065 -58.3500 40 18
334.5023 -58.4000 40 18
334.5000 -58.4175 40 18
334.4959 -58.4500 40 18
334.4873 -58.5000 40 18
334.4763 -58.5500 40 18
334.4629 -58.6000 40 18
334.4500 -58.6409 40 18
334.4473 -58.6500 40 18
334.4300 -58.7000 40 18
334.4103 -58.7500 40 18
334.4000 -58.7734 40 18
334.3889 -58.8000 40 18
334.3657 -58.8500 40 18
334.3500 -58.8808 40 18
334.3407 -58.9000 40 18
334.3143 -58.9500 40 18
334.3000 -58.9749 40 18
334.2863 -59.0000 40 18
334.2567 -59.0500 40 18
334.2500 -59.0606 40 18
334.2261 -59.1000 40 18
334.2000 -59.1397 40 18
334.1935 -59.1500 40 18
334.1597 -59.2000 40 18
334.1500 -59.2135 40 18
334.1244 -59.2500 40 18
334.1000 -59.2825 40 18
334.0872 -59.3000 40 18
334.0500 -59.3472 40 18
334.0478 -59.3500 40 18
334.0068 -59.4000 40 18
334.0000 -59.4078 40 18
333.9634 -59.4500 40 18
333.9500 -59.4646 40 18
333.9175 -59.5000 40 18
333.9000 -59.5180 40 18
333.8686 -59.5500 40 18
333.8500 -59.5681 40 18
333.8167 -59.6000 40 18
333.8000 -59.6154 40 18
333.7615 -59.6500 40 18
333.7500 -59.6600 40 18
333.7026 -59.7000 40 18
333.7000 -59.7022 40 18
333.6500 -59.7424 40 18
333.6403 -59.7500 40 18
333.6000 -59.7809 40 18
333.5742 -59.8000 40 18
333.5500 -59.8177 40 18
333.5040 -59.8500 40 18
333.5000 -59.8528 40 18
333.4500 -59.8872 40 18
333.4307 -59.9000 40 18
333.4000 -59.9204 40 18
333.3538 -59.9500 40 18
333.3500 -59.9525 40 18
333.3000 -59.9845 40 18
333.2749 -60.0000 40 18
333.2500 -60.0157 40 18
333.2000 -60.0464 40 18
333.1940 -60.0500 40 18
333.1500 -60.0775 40 18
333.1128 -60.1000 40 18
333.1000 -60.1080 40 18
333.0500 -60.1389 40 18
333.0319 -60.1500 40 18
333.0000 -60.1701 40 18
332.9516 -60.2000 40 18
332.9500 -60.2010 40 18
332.9000 -60.2332 40 18
332.8734 -60.2500 40 18
332.8500 -60.2654 40 18
332.8000 -60.2977 40 18
332.7964 -60.3000 40 18
332.7500 -60.3312 40 18
332.7214 -60.3500 40 18
> Contour Depth = 20
331.2122 -55.1500 20 19
331.2500 -55.1595 20 19
331.3000 -55.1719 20 19
331.3500 -55.1843 20 19
331.4000 -55.1965 20 19
331.4145 -55.2000 20 19
331.4500 -55.2076 20 19
331.5000 -55.2182 20 19
331.5500 -55.2288 20 19
331.6000 -55.2395 20 19
331.6489 -55.2500 20 19
331.6500 -55.2502 20 19
331.7000 -55.2598 20 19
331.7500 -55.2696 20 19
331.8000 -55.2797 20 19
331.8500 -55.2902 20 19
331.8946 -55.3000 20 19
331.9000 -55.3011 20 19
331.9500 -55.3112 20 19
332.0000 -55.3219 20 19
332.0500 -55.3333 20 19
332.1000 -55.3454 20 19
332.1184 -55.3500 20 19
332.1500 -55.3573 20 19
332.2000 -55.3695 20 19
332.2500 -55.3827 20 19
332.3000 -55.3968 20 19
332.3107 -55.4000 20 19
332.3500 -55.4108 20 19
332.4000 -55.4255 20 19
332.4500 -55.4414 20 19
332.4755 -55.4500 20 19
332.5000 -55.4577 20 19
332.5500 -55.4745 20 19
332.6000 -55.4927 20 19
332.6190 -55.5000 20 19
332.6500 -55.5112 20 19
332.7000 -55.5305 20 19
332.7467 -55.5500 20 19
332.7500 -55.5513 20 19
332.8000 -55.5718 20 19
332.8500 -55.5940 20 19
332.8630 -55.6000 20 19
332.9000 -55.6164 20 19
332.9500 -55.6400 20 19
332.9704 -55.6500 20 19
333.0000 -55.6641 20 19
333.0500 -55.6892 20 19
333.0707 -55.7000 20 19
333.1000 -55.7149 20 19
333.1500 -55.7416 20 19
333.1651 -55.7500 20 19
333.2000 -55.7688 20 19
333.2500 -55.7974 20 19
333.2544 -55.8000 20 19
333.3000 -55.8261 20 19
333.3392 -55.8500 20 19
333.3500 -55.8564 20 19
333.4000 -55.8873 20 19
333.4197 -55.9000 20 19
333.4500 -55.9193 20 19
333.4959 -55.9500 20 19
333.5000 -55.9527 20 19
333.5500 -55.9868 20 19
333.5686 -56.0000 20 19
333.6000 -56.0222 20 19
333.6376 -56.0500 20 19
333.6500 -56.0592 20 19
333.7000 -56.0975 20 19
333.7032 -56.1000 20 19
333.7500 -56.1368 20 19
333.7663 -56.1500 20 19
333.8000 -56.1775 20 19
333.8270 -56.2000 20 19
333.8500 -56.2194 20 19
333.8856 -56.2500 20 19
333.9000 -56.2625 20 19
333.9428 -56.3000 20 19
333.9500 -56.3064 20 19
333.9991 -56.3500 20 19
334.0000 -56.3508 20 19
334.0500 -56.3953 20 19
334.0554 -56.4000 20 19
334.1000 -56.4397 20 19
334.1118 -56.4500 20 19
334.1500 -56.4838 20 19
334.1687 -56.5000 20 19
334.2000 -56.5273 20 19
334.2265 -56.5500 20 19
334.2500 -56.5703 20 19
334.2852 -56.6000 20 19
334.3000 -56.6127 20 19
334.3446 -56.6500 20 19
334.3500 -56.6546 20 19
334.4000 -56.6962 20 19
334.4046 -56.7000 20 19
334.4500 -56.7380 20 19
334.4645 -56.7500 20 19
334.5000 -56.7804 20 19
334.5229 -56.8000 20 19
334.5500 -56.8240 20 19
334.5791 -56.8500 20 19
334.6000 -56.8695 20 19
334.6324 -56.9000 20 19
334.6500 -56.9175 20 19
334.6822 -56.9500 20 19
334.7000 -56.9690 20 19
334.7285 -57.0000 20 19
334.7500 -57.0250 20 19
334.7712 -57.0500 20 19
334.8000 -57.0866 20 19
334.8104 -57.1000 20 19
334.8464 -57.1500 20 19
334.8500 -57.1554 20 19
334.8797 -57.2000 20 19
334.9000 -57.2336 20 19
334.9100 -57.2500 20 19
334.9378 -57.3000 20 19
334.9500 -57.3242 20 19
334.9632 -57.3500 20 19
334.9864 -57.4000 20 19
335.0000 -57.4325 20 19
335.0075 -57.4500 20 19
335.0268 -57.5000 20 19
335.0440 -57.5500 20 19
335.0500 -57.5694 20 19
335.0597 -57.6000 20 19
335.0738 -57.6500 20 19
335.0862 -57.7000 20 19
335.0970 -57.7500 20 19
335.1000 -57.7658 20 19
335.1067 -57.8000 20 19
335.1151 -57.8500 20 19
335.1221 -57.9000 20 19
335.1277 -57.9500 20 19
335.1320 -58.0000 20 19
335.1348 -58.0500 20 19
335.1363 -58.1000 20 19
335.1362 -58.1500 20 19
335.1345 -58.2000 20 19
335.1310 -58.2500 20 19
335.1257 -58.3000 20 19
335.1183 -58.3500 20 19
335.1087 -58.4000 20 19
335.1000 -58.4363 20 19
335.0969 -58.4500 20 19
335.0833 -58.5000 20 19
335.0671 -58.5500 20 19
335.0500 -58.5945 20 19
335.0480 -58.6000 20 19
335.0273 -58.6500 20 19
335.0034 -58.7000 20 19
335.0000 -58.7064 20 19
334.9779 -58.7500 20 19
334.9500 -58.7984 20 19
334.9491 -58.8000 20 19
334.9191 -58.8500 20 19
334.9000 -58.8786 20 19
334.8864 -58.9000 20 19
334.8514 -58.9500 20 19
334.8500 -58.9518 20 19
334.8154 -59.0000 20 19
334.8000 -59.0198 20 19
334.7775 -59.0500 20 19
334.7500 -59.0843 20 19
334.7379 -59.1000 20 19
334.7000 -59.1461 20 19
334.6969 -59.1500 20 19
334.6553 -59.2000 20 19
334.6500 -59.2060 20 19
334.6128 -59.2500 20 19
334.6000 -59.2645 20 19
334.5694 -59.3000 20 19
334.5500 -59.3215 20 19
334.5250 -59.3500 20 19
334.5000 -59.3773 20 19
334.4797 -59.4000 20 19
334.4500 -59.4318 20 19
334.4333 -59.4500 20 19
334.4000 -59.4848 20 19
334.3858 -59.5000 20 19
334.3500 -59.5364 20 19
334.3368 -59.5500 20 19
334.3000 -59.5864 20 19
334.2863 -59.6000 20 19
334.2500 -59.6347 20 19
334.2340 -59.6500 20 19
334.2000 -59.6813 20 19
334.1796 -59.7000 20 19
334.1500 -59.7262 20 19
334.1228 -59.7500 20 19
334.1000 -59.7694 20 19
334.0634 -59.8000 20 19
334.0500 -59.8110 20 19
334.0011 -59.8500 20 19
334.0000 -59.8509 20 19
333.9500 -59.8899 20 19
333.9367 -59.9000 20 19
333.9000 -59.9276 20 19
333.8691 -59.9500 20 19
333.8500 -59.9639 20 19
333.8000 -59.9989 20 19
333.7983 -60.0000 20 19
333.7500 -60.0337 20 19
333.7256 -60.0500 20 19
333.7000 -60.0674 20 19
333.6500 -60.0998 20 19
333.6497 -60.1000 20 19
333.6000 -60.1328 20 19
333.5726 -60.1500 20 19
333.5500 -60.1647 20 19
333.5000 -60.1960 20 19
333.4935 -60.2000 20 19
333.4500 -60.2279 20 19
333.4140 -60.2500 20 19
333.4000 -60.2590 20 19
333.3500 -60.2904 20 19
333.3345 -60.3000 20 19
333.3000 -60.3222 20 19
333.2554 -60.3500 20 19
