> Contour Depth = -20
165.0000 -10.7092 -20 1
165.0500 -10.7110 -20 1
165.1000 -10.7169 -20 1
165.1500 -10.7284 -20 1
165.2000 -10.7466 -20 1
165.2067 -10.7500 -20 1
165.2500 -10.7733 -20 1
165.2890 -10.8000 -20 1
165.3000 -10.8080 -20 1
165.3500 -10.8498 -20 1
165.3502 -10.8500 -20 1
165.4000 -10.8970 -20 1
165.4031 -10.9000 -20 1
165.4500 -10.9467 -20 1
165.4533 -10.9500 -20 1
165.5000 -10.9972 -20 1
165.5028 -11.0000 -20 1
165.5500 -11.0473 -20 1
165.5527 -11.0500 -20 1
165.6000 -11.0968 -20 1
165.6033 -11.1000 -20 1
165.6500 -11.1461 -20 1
165.6540 -11.1500 -20 1
165.7000 -11.1962 -20 1
165.7037 -11.2000 -20 1
165.7500 -11.2492 -20 1
165.7508 -11.2500 -20 1
165.7931 -11.3000 -20 1
165.8000 -11.3090 -20 1
165.8295 -11.3500 -20 1
165.8500 -11.3822 -20 1
165.8603 -11.4000 -20 1
165.8857 -11.4500 -20 1
165.9000 -11.4820 -20 1
165.9072 -11.5000 -20 1
165.9251 -11.5500 -20 1
165.9415 -11.6000 -20 1
165.9500 -11.6275 -20 1
165.9563 -11.6500 -20 1
165.9701 -11.7000 -20 1
165.9838 -11.7500 -20 1
165.9981 -11.8000 -20 1
166.0000 -11.8066 -20 1
166.0120 -11.8500 -20 1
166.0266 -11.9000 -20 1
166.0422 -11.9500 -20 1
166.0500 -11.9736 -20 1
166.0584 -12.0000 -20 1
166.0751 -12.0500 -20 1
166.0926 -12.1000 -20 1
166.1000 -12.1206 -20 1
166.1103 -12.1500 -20 1
166.1279 -12.2000 -20 1
166.1456 -12.2500 -20 1
166.1500 -12.2631 -20 1
166.1620 -12.3000 -20 1
166.1771 -12.3500 -20 1
166.1909 -12.4000 -20 1
166.2000 -12.4374 -20 1
166.2029 -12.4500 -20 1
166.2123 -12.5000 -20 1
166.2201 -12.5500 -20 1
166.2264 -12.6000 -20 1
166.2317 -12.6500 -20 1
166.2362 -12.7000 -20 1
166.2405 -12.7500 -20 1
166.2449 -12.8000 -20 1
166.2497 -12.8500 -20 1
166.2500 -12.8527 -20 1
166.2547 -12.9000 -20 1
166.2604 -12.9500 -20 1
166.2668 -13.0000 -20 1
166.2738 -13.0500 -20 1
166.2813 -13.1000 -20 1
166.2893 -13.1500 -20 1
166.2977 -13.2000 -20 1
166.3000 -13.2135 -20 1
166.3059 -13.2500 -20 1
166.3143 -13.3000 -20 1
166.3229 -13.3500 -20 1
166.3319 -13.4000 -20 1
166.3412 -13.4500 -20 1
166.3500 -13.4948 -20 1
166.3510 -13.5000 -20 1
166.3606 -13.5500 -20 1
166.3706 -13.6000 -20 1
166.3811 -13.6500 -20 1
166.3921 -13.7000 -20 1
166.4000 -13.7348 -20 1
166.4033 -13.7500 -20 1
166.4144 -13.8000 -20 1
166.4260 -13.8500 -20 1
166.4379 -13.9000 -20 1
166.4500 -13.9491 -20 1
166.4502 -13.9500 -20 1
166.4623 -14.0000 -20 1
166.4748 -14.0500 -20 1
166.4881 -14.1000 -20 1
166.5000 -14.1418 -20 1
166.5022 -14.1500 -20 1
166.5163 -14.2000 -20 1
166.5317 -14.2500 -20 1
166.5485 -14.3000 -20 1
166.5500 -14.3042 -20 1
166.5656 -14.3500 -20 1
166.5840 -14.4000 -20 1
166.6000 -14.4406 -20 1
166.6036 -14.4500 -20 1
166.6230 -14.5000 -20 1
166.6426 -14.5500 -20 1
166.6500 -14.5703 -20 1
166.6608 -14.6000 -20 1
166.6767 -14.6500 -20 1
166.6897 -14.7000 -20 1
166.6990 -14.7500 -20 1
166.7000 -14.7586 -20 1
166.7047 -14.8000 -20 1
166.7077 -14.8500 -20 1
166.7086 -14.9000 -20 1
166.7086 -14.9500 -20 1
166.7082 -15.0000 -20 1
166.7080 -15.0500 -20 1
166.7084 -15.1000 -20 1
166.7095 -15.1500 -20 1
166.7117 -15.2000 -20 1
166.7152 -15.2500 -20 1
166.7200 -15.3000 -20 1
166.7264 -15.3500 -20 1
166.7343 -15.4000 -20 1
166.7440 -15.4500 -20 1
166.7500 -15.4762 -20 1
166.7558 -15.5000 -20 1
166.7699 -15.5500 -20 1
166.7860 -15.6000 -20 1
166.8000 -15.6381 -20 1
166.8047 -15.6500 -20 1
166.8262 -15.7000 -20 1
166.8496 -15.7500 -20 1
166.8500 -15.7507 -20 1
166.8762 -15.8000 -20 1
166.9000 -15.8429 -20 1
166.9042 -15.8500 -20 1
166.9343 -15.9000 -20 1
166.9500 -15.9259 -20 1
166.9653 -15.9500 -20 1
166.9965 -16.0000 -20 1
167.0000 -16.0058 -20 1
167.0277 -16.0500 -20 1
167.0500 -16.0876 -20 1
167.0574 -16.1000 -20 1
167.0857 -16.1500 -20 1
167.1000 -16.1770 -20 1
167.1120 -16.2000 -20 1
167.1363 -16.2500 -20 1
167.1500 -16.2798 -20 1
167.1589 -16.3000 -20 1
167.1801 -16.3500 -20 1
167.2000 -16.3990 -20 1
167.2004 -16.4000 -20 1
167.2201 -16.4500 -20 1
167.2399 -16.5000 -20 1
167.2500 -16.5244 -20 1
167.2602 -16.5500 -20 1
167.2811 -16.6000 -20 1
167.3000 -16.6431 -20 1
167.3030 -16.6500 -20 1
167.3254 -16.7000 -20 1
167.3489 -16.7500 -20 1
167.3500 -16.7523 -20 1
167.3725 -16.8000 -20 1
167.3966 -16.8500 -20 1
167.4000 -16.8570 -20 1
167.4200 -16.9000 -20 1
167.4427 -16.9500 -20 1
167.4500 -16.9665 -20 1
167.4640 -17.0000 -20 1
167.4836 -17.0500 -20 1
167.5000 -17.0937 -20 1
167.5022 -17.1000 -20 1
167.5194 -17.1500 -20 1
167.5364 -17.2000 -20 1
167.5500 -17.2395 -20 1
167.5535 -17.2500 -20 1
167.5705 -17.3000 -20 1
167.5882 -17.3500 -20 1
167.6000 -17.3821 -20 1
167.6064 -17.4000 -20 1
167.6245 -17.4500 -20 1
167.6430 -17.5000 -20 1
167.6500 -17.5189 -20 1
167.6611 -17.5500 -20 1
167.6786 -17.6000 -20 1
167.6960 -17.6500 -20 1
167.7000 -17.6618 -20 1
167.7123 -17.7000 -20 1
167.7280 -17.7500 -20 1
167.7434 -17.8000 -20 1
167.7500 -17.8217 -20 1
167.7582 -17.8500 -20 1
167.7725 -17.9000 -20 1
167.7868 -17.9500 -20 1
167.8000 -17.9949 -20 1
167.8015 -18.0000 -20 1
167.8158 -18.0500 -20 1
167.8307 -18.1000 -20 1
167.8464 -18.1500 -20 1
167.8500 -18.1613 -20 1
167.8623 -18.2000 -20 1
167.8788 -18.2500 -20 1
167.8959 -18.3000 -20 1
167.9000 -18.3118 -20 1
167.9131 -18.3500 -20 1
167.9303 -18.4000 -20 1
167.9477 -18.4500 -20 1
167.9500 -18.4568 -20 1
167.9646 -18.5000 -20 1
167.9815 -18.5500 -20 1
167.9985 -18.6000 -20 1
168.0000 -18.6045 -20 1
168.0155 -18.6500 -20 1
168.0329 -18.7000 -20 1
168.0500 -18.7469 -20 1
168.0511 -18.7500 -20 1
168.0701 -18.8000 -20 1
168.0899 -18.8500 -20 1
168.1000 -18.8742 -20 1
168.1107 -18.9000 -20 1
168.1323 -18.9500 -20 1
168.1500 -18.9896 -20 1
168.1546 -19.0000 -20 1
168.1773 -19.0500 -20 1
168.2000 -19.0988 -20 1
168.2006 -19.1000 -20 1
168.2238 -19.1500 -20 1
168.2472 -19.2000 -20 1
168.2500 -19.2059 -20 1
168.2706 -19.2500 -20 1
168.2942 -19.3000 -20 1
168.3000 -19.3120 -20 1
168.3179 -19.3500 -20 1
168.3421 -19.4000 -20 1
168.3500 -19.4159 -20 1
168.3666 -19.4500 -20 1
168.3916 -19.5000 -20 1
168.4000 -19.5161 -20 1
168.4172 -19.5500 -20 1
168.4434 -19.6000 -20 1
168.4500 -19.6122 -20 1
168.4701 -19.6500 -20 1
168.4975 -19.7000 -20 1
168.5000 -19.7044 -20 1
168.5251 -19.7500 -20 1
168.5500 -19.7936 -20 1
168.5536 -19.8000 -20 1
168.5819 -19.8500 -20 1
168.6000 -19.8811 -20 1
168.6108 -19.9000 -20 1
168.6395 -19.9500 -20 1
168.6500 -19.9679 -20 1
168.6683 -20.0000 -20 1
168.6973 -20.0500 -20 1
168.7000 -20.0547 -20 1
168.7255 -20.1000 -20 1
168.7500 -20.1424 -20 1
168.7543 -20.1500 -20 1
168.7822 -20.2000 -20 1
168.8000 -20.2314 -20 1
168.8103 -20.2500 -20 1
168.8378 -20.3000 -20 1
168.8500 -20.3220 -20 1
168.8650 -20.3500 -20 1
168.8919 -20.4000 -20 1
168.9000 -20.4148 -20 1
168.9183 -20.4500 -20 1
168.9450 -20.5000 -20 1
168.9500 -20.5093 -20 1
168.9713 -20.5500 -20 1
168.9987 -20.6000 -20 1
169.0000 -20.6023 -20 1
169.0262 -20.6500 -20 1
169.0500 -20.6908 -20 1
169.0553 -20.7000 -20 1
169.0852 -20.7500 -20 1
169.1000 -20.7735 -20 1
169.1164 -20.8000 -20 1
169.1488 -20.8500 -20 1
169.1500 -20.8517 -20 1
169.1812 -20.9000 -20 1
169.2000 -20.9284 -20 1
169.2139 -20.9500 -20 1
169.2462 -21.0000 -20 1
169.2500 -21.0059 -20 1
169.2769 -21.0500 -20 1
169.3000 -21.0878 -20 1
169.3071 -21.1000 -20 1
169.3357 -21.1500 -20 1
169.3500 -21.1747 -20 1
169.3640 -21.2000 -20 1
169.3923 -21.2500 -20 1
169.4000 -21.2631 -20 1
169.4209 -21.3000 -20 1
169.4500 -21.3481 -20 1
169.4511 -21.3500 -20 1
169.4821 -21.4000 -20 1
169.5000 -21.4268 -20 1
169.5155 -21.4500 -20 1
169.5500 -21.4984 -20 1
169.5512 -21.5000 -20 1
169.5889 -21.5500 -20 1
169.6000 -21.5640 -20 1
169.6295 -21.6000 -20 1
169.6500 -21.6241 -20 1
169.6729 -21.6500 -20 1
169.7000 -21.6797 -20 1
169.7193 -21.7000 -20 1
169.7500 -21.7317 -20 1
169.7684 -21.7500 -20 1
169.8000 -21.7809 -20 1
169.8200 -21.8000 -20 1
169.8500 -21.8282 -20 1
169.8736 -21.8500 -20 1
169.9000 -21.8741 -20 1
169.9287 -21.9000 -20 1
169.9500 -21.9191 -20 1
169.9848 -21.9500 -20 1
170.0000 -21.9634 -20 1
170.0418 -22.0000 -20 1
170.0500 -22.0071 -20 1
170.1000 -22.0499 -20 1
170.1001 -22.0500 -20 1
170.1500 -22.0919 -20 1
170.1600 -22.1000 -20 1
170.2000 -22.1324 -20 1
170.2230 -22.1500 -20 1
170.2500 -22.1708 -20 1
170.2906 -22.2000 -20 1
170.3000 -22.2069 -20 1
170.3500 -22.2409 -20 1
170.3644 -22.2500 -20 1
170.4000 -22.2729 -20 1
170.4462 -22.3000 -20 1
170.4500 -22.3023 -20 1
170.5000 -22.3304 -20 1
170.5380 -22.3500 -20 1
170.5500 -22.3564 -20 1
170.6000 -22.3811 -20 1
170.6410 -22.4000 -20 1
170.6500 -22.4042 -20 1
170.7000 -22.4266 -20 1
170.7500 -22.4474 -20 1
170.7566 -22.4500 -20 1
170.8000 -22.4678 -20 1
170.8500 -22.4871 -20 1
170.8851 -22.5000 -20 1
170.9000 -22.5057 -20 1
170.9500 -22.5239 -20 1
171.0000 -22.5410 -20 1
171.0275 -22.5500 -20 1
171.0500 -22.5577 -20 1
171.1000 -22.5741 -20 1
171.1500 -22.5895 -20 1
171.1852 -22.6000 -20 1
171.2000 -22.6046 -20 1
171.2500 -22.6198 -20 1
171.3000 -22.6344 -20 1
171.3500 -22.6486 -20 1
171.3547 -22.6500 -20 1
171.4000 -22.6635 -20 1
171.4500 -22.6782 -20 1
171.5000 -22.6925 -20 1
171.5268 -22.7000 -20 1
171.5500 -22.7068 -20 1
171.6000 -22.7207 -20 1
171.6500 -22.7337 -20 1
171.7000 -22.7455 -20 1
171.7211 -22.7500 -20 1
171.7500 -22.7563 -20 1
171.8000 -22.7656 -20 1
171.8500 -22.7732 -20 1
171.9000 -22.7790 -20 1
171.9500 -22.7830 -20 1
172.0000 -22.7852 -20 1
172.0500 -22.7857 -20 1
172.1000 -22.7843 -20 1
172.1500 -22.7812 -20 1
172.2000 -22.7764 -20 1
172.2500 -22.7699 -20 1
172.3000 -22.7616 -20 1
172.3500 -22.7517 -20 1
172.3575 -22.7500 -20 1
172.4000 -22.7406 -20 1
172.4500 -22.7283 -20 1
172.5000 -22.7149 -20 1
172.5500 -22.7005 -20 1
172.5517 -22.7000 -20 1
172.6000 -22.6863 -20 1
172.6500 -22.6720 -20 1
172.7000 -22.6576 -20 1
172.7269 -22.6500 -20 1
172.7500 -22.6438 -20 1
172.8000 -22.6310 -20 1
172.8500 -22.6184 -20 1
172.9000 -22.6062 -20 1
172.9256 -22.6000 -20 1
172.9500 -22.5945 -20 1
173.0000 -22.5834 -20 1
173.0500 -22.5721 -20 1
173.1000 -22.5605 -20 1
173.1438 -22.5500 -20 1
173.1500 -22.5486 -20 1
173.2000 -22.5368 -20 1
173.2500 -22.5244 -20 1
173.3000 -22.5113 -20 1
173.3407 -22.5000 -20 1
173.3500 -22.4975 -20 1
173.4000 -22.4838 -20 1
173.4500 -22.4694 -20 1
173.5000 -22.4543 -20 1
173.5146 -22.4500 -20 1
173.5500 -22.4399 -20 1
173.6000 -22.4264 -20 1
173.6500 -22.4149 -20 1
173.7000 -22.4073 -20 1
173.7500 -22.4058 -20 1
173.8000 -22.4125 -20 1
173.8500 -22.4291 -20 1
173.8881 -22.4500 -20 1
173.9000 -22.4573 -20 1
173.9500 -22.4997 -20 1
> Contour Depth = -40
165.2500 -10.3677 -40 2
165.3000 -10.3846 -40 2
165.3431 -10.4000 -40 2
165.3500 -10.4025 -40 2
165.4000 -10.4201 -40 2
165.4500 -10.4378 -40 2
165.4888 -10.4500 -40 2
165.5000 -10.4541 -40 2
165.5500 -10.4675 -40 2
165.6000 -10.4763 -40 2
165.6500 -10.4776 -40 2
165.7000 -10.4738 -40 2
165.7500 -10.4857 -40 2
165.7636 -10.5000 -40 2
165.7935 -10.5500 -40 2
165.8000 -10.5641 -40 2
165.8096 -10.6000 -40 2
165.8279 -10.6500 -40 2
165.8500 -10.6943 -40 2
165.8520 -10.7000 -40 2
165.8783 -10.7500 -40 2
165.9000 -10.7831 -40 2
165.9085 -10.8000 -40 2
165.9399 -10.8500 -40 2
165.9500 -10.8636 -40 2
165.9716 -10.9000 -40 2
166.0000 -10.9426 -40 2
166.0041 -10.9500 -40 2
166.0352 -11.0000 -40 2
166.0500 -11.0225 -40 2
166.0655 -11.0500 -40 2
166.0942 -11.1000 -40 2
166.1000 -11.1104 -40 2
166.1199 -11.1500 -40 2
166.1427 -11.2000 -40 2
166.1500 -11.2182 -40 2
166.1619 -11.2500 -40 2
166.1777 -11.3000 -40 2
166.1905 -11.3500 -40 2
166.2000 -11.3962 -40 2
166.2008 -11.4000 -40 2
166.2100 -11.4500 -40 2
166.2184 -11.5000 -40 2
166.2268 -11.5500 -40 2
166.2357 -11.6000 -40 2
166.2454 -11.6500 -40 2
166.2500 -11.6712 -40 2
166.2569 -11.7000 -40 2
166.2701 -11.7500 -40 2
166.2845 -11.8000 -40 2
166.2998 -11.8500 -40 2
166.3000 -11.8505 -40 2
166.3175 -11.9000 -40 2
166.3353 -11.9500 -40 2
166.3500 -11.9908 -40 2
166.3534 -12.0000 -40 2
166.3720 -12.0500 -40 2
166.3899 -12.1000 -40 2
166.4000 -12.1296 -40 2
166.4070 -12.1500 -40 2
166.4233 -12.2000 -40 2
166.4381 -12.2500 -40 2
166.4500 -12.2945 -40 2
166.4515 -12.3000 -40 2
166.4636 -12.3500 -40 2
166.4742 -12.4000 -40 2
166.4834 -12.4500 -40 2
166.4915 -12.5000 -40 2
166.4987 -12.5500 -40 2
166.5000 -12.5596 -40 2
166.5057 -12.6000 -40 2
166.5127 -12.6500 -40 2
166.5200 -12.7000 -40 2
166.5277 -12.7500 -40 2
166.5360 -12.8000 -40 2
166.5449 -12.8500 -40 2
166.5500 -12.8765 -40 2
166.5547 -12.9000 -40 2
166.5651 -12.9500 -40 2
166.5757 -13.0000 -40 2
166.5865 -13.0500 -40 2
166.5973 -13.1000 -40 2
166.6000 -13.1123 -40 2
166.6085 -13.1500 -40 2
166.6197 -13.2000 -40 2
166.6309 -13.2500 -40 2
166.6423 -13.3000 -40 2
166.6500 -13.3333 -40 2
166.6541 -13.3500 -40 2
166.6665 -13.4000 -40 2
166.6793 -13.4500 -40 2
166.6925 -13.5000 -40 2
166.7000 -13.5275 -40 2
166.7064 -13.5500 -40 2
166.7207 -13.6000 -40 2
166.7350 -13.6500 -40 2
166.7489 -13.7000 -40 2
166.7500 -13.7040 -40 2
166.7626 -13.7500 -40 2
166.7754 -13.8000 -40 2
166.7868 -13.8500 -40 2
166.7970 -13.9000 -40 2
166.8000 -13.9163 -40 2
166.8063 -13.9500 -40 2
166.8147 -14.0000 -40 2
166.8227 -14.0500 -40 2
166.8309 -14.1000 -40 2
166.8397 -14.1500 -40 2
166.8498 -14.2000 -40 2
166.8500 -14.2010 -40 2
166.8624 -14.2500 -40 2
166.8774 -14.3000 -40 2
166.8949 -14.3500 -40 2
166.9000 -14.3624 -40 2
166.9162 -14.4000 -40 2
166.9406 -14.4500 -40 2
166.9500 -14.4674 -40 2
166.9686 -14.5000 -40 2
166.9991 -14.5500 -40 2
167.0000 -14.5514 -40 2
167.0324 -14.6000 -40 2
167.0500 -14.6263 -40 2
167.0668 -14.6500 -40 2
167.1000 -14.6980 -40 2
167.1014 -14.7000 -40 2
167.1355 -14.7500 -40 2
167.1500 -14.7725 -40 2
167.1681 -14.8000 -40 2
167.1997 -14.8500 -40 2
167.2000 -14.8505 -40 2
167.2290 -14.9000 -40 2
167.2500 -14.9351 -40 2
167.2585 -14.9500 -40 2
167.2879 -15.0000 -40 2
167.3000 -15.0187 -40 2
167.3186 -15.0500 -40 2
167.3500 -15.0961 -40 2
167.3524 -15.1000 -40 2
167.3870 -15.1500 -40 2
167.4000 -15.1664 -40 2
167.4237 -15.2000 -40 2
167.4500 -15.2330 -40 2
167.4620 -15.2500 -40 2
167.5000 -15.2984 -40 2
167.5012 -15.3000 -40 2
167.5395 -15.3500 -40 2
167.5500 -15.3626 -40 2
167.5789 -15.4000 -40 2
167.6000 -15.4254 -40 2
167.6192 -15.4500 -40 2
167.6500 -15.4876 -40 2
167.6597 -15.5000 -40 2
167.6984 -15.5500 -40 2
167.7000 -15.5521 -40 2
167.7330 -15.6000 -40 2
167.7500 -15.6272 -40 2
167.7634 -15.6500 -40 2
167.7882 -15.7000 -40 2
167.8000 -15.7282 -40 2
167.8086 -15.7500 -40 2
167.8247 -15.8000 -40 2
167.8386 -15.8500 -40 2
167.8500 -15.8947 -40 2
167.8513 -15.9000 -40 2
167.8629 -15.9500 -40 2
167.8750 -16.0000 -40 2
167.8884 -16.0500 -40 2
167.9000 -16.0875 -40 2
167.9036 -16.1000 -40 2
167.9193 -16.1500 -40 2
167.9368 -16.2000 -40 2
167.9500 -16.2348 -40 2
167.9552 -16.2500 -40 2
167.9722 -16.3000 -40 2
167.9888 -16.3500 -40 2
168.0000 -16.3871 -40 2
168.0035 -16.4000 -40 2
168.0140 -16.4500 -40 2
168.0211 -16.5000 -40 2
168.0243 -16.5500 -40 2
168.0230 -16.6000 -40 2
168.0171 -16.6500 -40 2
168.0067 -16.7000 -40 2
168.0000 -16.7247 -40 2
167.9899 -16.7500 -40 2
167.9680 -16.8000 -40 2
167.9500 -16.8411 -40 2
167.9450 -16.8500 -40 2
167.9221 -16.9000 -40 2
167.9055 -16.9500 -40 2
167.9000 -16.9756 -40 2
167.8952 -17.0000 -40 2
167.8906 -17.0500 -40 2
167.8905 -17.1000 -40 2
167.8938 -17.1500 -40 2
167.8998 -17.2000 -40 2
167.9000 -17.2011 -40 2
167.9090 -17.2500 -40 2
167.9199 -17.3000 -40 2
167.9319 -17.3500 -40 2
167.9444 -17.4000 -40 2
167.9500 -17.4212 -40 2
167.9581 -17.4500 -40 2
167.9724 -17.5000 -40 2
167.9863 -17.5500 -40 2
167.9996 -17.6000 -40 2
168.0000 -17.6013 -40 2
168.0143 -17.6500 -40 2
168.0286 -17.7000 -40 2
168.0429 -17.7500 -40 2
168.0500 -17.7739 -40 2
168.0584 -17.8000 -40 2
168.0754 -17.8500 -40 2
168.0931 -17.9000 -40 2
168.1000 -17.9186 -40 2
168.1130 -17.9500 -40 2
168.1346 -18.0000 -40 2
168.1500 -18.0345 -40 2
168.1576 -18.0500 -40 2
168.1830 -18.1000 -40 2
168.2000 -18.1332 -40 2
168.2095 -18.1500 -40 2
168.2382 -18.2000 -40 2
168.2500 -18.2207 -40 2
168.2689 -18.2500 -40 2
168.3000 -18.2975 -40 2
168.3019 -18.3000 -40 2
168.3400 -18.3500 -40 2
168.3500 -18.3629 -40 2
168.3831 -18.4000 -40 2
168.4000 -18.4184 -40 2
168.4314 -18.4500 -40 2
168.4500 -18.4685 -40 2
168.4812 -18.5000 -40 2
168.5000 -18.5194 -40 2
168.5264 -18.5500 -40 2
168.5500 -18.5790 -40 2
168.5643 -18.6000 -40 2
168.5952 -18.6500 -40 2
168.6000 -18.6590 -40 2
168.6181 -18.7000 -40 2
168.6370 -18.7500 -40 2
168.6500 -18.7917 -40 2
168.6522 -18.8000 -40 2
168.6630 -18.8500 -40 2
168.6721 -18.9000 -40 2
168.6801 -18.9500 -40 2
168.6877 -19.0000 -40 2
168.6957 -19.0500 -40 2
168.7000 -19.0743 -40 2
168.7043 -19.1000 -40 2
168.7144 -19.1500 -40 2
168.7264 -19.2000 -40 2
168.7401 -19.2500 -40 2
168.7500 -19.2832 -40 2
168.7550 -19.3000 -40 2
168.7708 -19.3500 -40 2
168.7869 -19.4000 -40 2
168.8000 -19.4416 -40 2
168.8027 -19.4500 -40 2
168.8187 -19.5000 -40 2
168.8345 -19.5500 -40 2
168.8498 -19.6000 -40 2
168.8500 -19.6005 -40 2
168.8669 -19.6500 -40 2
168.8844 -19.7000 -40 2
168.9000 -19.7434 -40 2
168.9025 -19.7500 -40 2
168.9235 -19.8000 -40 2
168.9448 -19.8500 -40 2
168.9500 -19.8615 -40 2
168.9687 -19.9000 -40 2
168.9931 -19.9500 -40 2
169.0000 -19.9637 -40 2
169.0195 -20.0000 -40 2
169.0457 -20.0500 -40 2
169.0500 -20.0582 -40 2
169.0736 -20.1000 -40 2
169.0999 -20.1500 -40 2
169.1000 -20.1501 -40 2
169.1281 -20.2000 -40 2
169.1500 -20.2422 -40 2
169.1543 -20.2500 -40 2
169.1816 -20.3000 -40 2
169.2000 -20.3358 -40 2
169.2078 -20.3500 -40 2
169.2348 -20.4000 -40 2
169.2500 -20.4287 -40 2
169.2618 -20.4500 -40 2
169.2895 -20.5000 -40 2
169.3000 -20.5190 -40 2
169.3178 -20.5500 -40 2
169.3461 -20.6000 -40 2
169.3500 -20.6067 -40 2
169.3754 -20.6500 -40 2
169.4000 -20.6928 -40 2
169.4042 -20.7000 -40 2
169.4336 -20.7500 -40 2
169.4500 -20.7784 -40 2
169.4626 -20.8000 -40 2
169.4913 -20.8500 -40 2
169.5000 -20.8653 -40 2
169.5200 -20.9000 -40 2
169.5478 -20.9500 -40 2
169.5500 -20.9541 -40 2
169.5761 -21.0000 -40 2
169.6000 -21.0436 -40 2
169.6037 -21.0500 -40 2
169.6327 -21.1000 -40 2
169.6500 -21.1304 -40 2
169.6620 -21.1500 -40 2
169.6927 -21.2000 -40 2
169.7000 -21.2116 -40 2
169.7260 -21.2500 -40 2
169.7500 -21.2850 -40 2
169.7610 -21.3000 -40 2
169.7986 -21.3500 -40 2
169.8000 -21.3518 -40 2
169.8400 -21.4000 -40 2
169.8500 -21.4117 -40 2
169.8839 -21.4500 -40 2
169.9000 -21.4674 -40 2
169.9304 -21.5000 -40 2
169.9500 -21.5203 -40 2
169.9788 -21.5500 -40 2
170.0000 -21.5711 -40 2
170.0289 -21.6000 -40 2
170.0500 -21.6205 -40 2
170.0804 -21.6500 -40 2
170.1000 -21.6686 -40 2
170.1336 -21.7000 -40 2
170.1500 -21.7150 -40 2
170.1893 -21.7500 -40 2
170.2000 -21.7593 -40 2
170.2489 -21.8000 -40 2
170.2500 -21.8009 -40 2
170.3000 -21.8385 -40 2
170.3167 -21.8500 -40 2
170.3500 -21.8724 -40 2
170.3949 -21.9000 -40 2
170.4000 -21.9030 -40 2
170.4500 -21.9295 -40 2
170.4924 -21.9500 -40 2
170.5000 -21.9536 -40 2
170.5500 -21.9751 -40 2
170.6000 -21.9959 -40 2
170.6101 -22.0000 -40 2
170.6500 -22.0160 -40 2
170.7000 -22.0369 -40 2
170.7296 -22.0500 -40 2
170.7500 -22.0589 -40 2
170.8000 -22.0821 -40 2
170.8361 -22.1000 -40 2
170.8500 -22.1066 -40 2
170.9000 -22.1315 -40 2
170.9359 -22.1500 -40 2
170.9500 -22.1568 -40 2
171.0000 -22.1810 -40 2
171.0396 -22.2000 -40 2
171.0500 -22.2046 -40 2
171.1000 -22.2262 -40 2
171.1500 -22.2472 -40 2
171.1569 -22.2500 -40 2
171.2000 -22.2659 -40 2
171.2500 -22.2835 -40 2
171.2991 -22.3000 -40 2
171.3000 -22.3003 -40 2
171.3500 -22.3147 -40 2
171.4000 -22.3282 -40 2
171.4500 -22.3408 -40 2
171.4893 -22.3500 -40 2
171.5000 -22.3524 -40 2
171.5500 -22.3622 -40 2
171.6000 -22.3712 -40 2
171.6500 -22.3793 -40 2
171.7000 -22.3864 -40 2
171.7500 -22.3925 -40 2
171.8000 -22.3975 -40 2
171.8323 -22.4000 -40 2
171.8500 -22.4012 -40 2
171.9000 -22.4036 -40 2
171.9500 -22.4051 -40 2
172.0000 -22.4059 -40 2
172.0500 -22.4061 -40 2
172.1000 -22.4056 -40 2
172.1500 -22.4040 -40 2
172.2000 -22.4014 -40 2
172.2175 -22.4000 -40 2
172.2500 -22.3971 -40 2
172.3000 -22.3913 -40 2
172.3500 -22.3848 -40 2
172.4000 -22.3778 -40 2
172.4500 -22.3705 -40 2
172.5000 -22.3632 -40 2
172.5500 -22.3557 -40 2
172.5870 -22.3500 -40 2
172.6000 -22.3480 -40 2
172.6500 -22.3397 -40 2
172.7000 -22.3311 -40 2
172.7500 -22.3222 -40 2
172.8000 -22.3127 -40 2
172.8500 -22.3025 -40 2
172.8615 -22.3000 -40 2
172.9000 -22.2910 -40 2
172.9500 -22.2785 -40 2
173.0000 -22.2653 -40 2
173.0500 -22.2514 -40 2
173.0549 -22.2500 -40 2
173.1000 -22.2359 -40 2
173.1500 -22.2198 -40 2
173.2000 -22.2035 -40 2
173.2103 -22.2000 -40 2
173.2500 -22.1857 -40 2
173.3000 -22.1675 -40 2
173.3476 -22.1500 -40 2
173.3500 -22.1490 -40 2
173.4000 -22.1288 -40 2
173.4500 -22.1084 -40 2
173.4704 -22.1000 -40 2
173.5000 -22.0867 -40 2
173.5500 -22.0644 -40 2
173.5836 -22.0500 -40 2
173.6000 -22.0421 -40 2
173.6500 -22.0199 -40 2
173.7000 -22.0003 -40 2
173.7009 -22.0000 -40 2
173.7500 -21.9825 -40 2
173.8000 -21.9700 -40 2
173.8500 -21.9640 -40 2
173.9000 -21.9658 -40 2
173.9500 -21.9768 -40 2
> Contour Depth = -60
165.7630 -9.8500 -60 3
165.8000 -9.8774 -60 3
165.8278 -9.9000 -60 3
165.8500 -9.9155 -60 3
165.8930 -9.9500 -60 3
165.9000 -9.9551 -60 3
165.9500 -9.9984 -60 3
165.9516 -10.0000 -60 3
166.0000 -10.0488 -60 3
166.0011 -10.0500 -60 3
166.0431 -10.1000 -60 3
166.0500 -10.1087 -60 3
166.0804 -10.1500 -60 3
166.1000 -10.1786 -60 3
166.1145 -10.2000 -60 3
166.1465 -10.2500 -60 3
166.1500 -10.2557 -60 3
166.1782 -10.3000 -60 3
166.2000 -10.3368 -60 3
166.2081 -10.3500 -60 3
166.2370 -10.4000 -60 3
166.2500 -10.4245 -60 3
166.2640 -10.4500 -60 3
166.2886 -10.5000 -60 3
166.3000 -10.5263 -60 3
166.3109 -10.5500 -60 3
166.3312 -10.6000 -60 3
166.3490 -10.6500 -60 3
166.3500 -10.6531 -60 3
166.3666 -10.7000 -60 3
166.3831 -10.7500 -60 3
166.3989 -10.8000 -60 3
166.4000 -10.8035 -60 3
166.4162 -10.8500 -60 3
166.4340 -10.9000 -60 3
166.4500 -10.9437 -60 3
166.4526 -10.9500 -60 3
166.4736 -11.0000 -60 3
166.4951 -11.0500 -60 3
166.5000 -11.0613 -60 3
166.5186 -11.1000 -60 3
166.5422 -11.1500 -60 3
166.5500 -11.1668 -60 3
166.5668 -11.2000 -60 3
166.5908 -11.2500 -60 3
166.6000 -11.2701 -60 3
166.6147 -11.3000 -60 3
166.6372 -11.3500 -60 3
166.6500 -11.3809 -60 3
166.6583 -11.4000 -60 3
166.6779 -11.4500 -60 3
166.6951 -11.5000 -60 3
166.7000 -11.5162 -60 3
166.7107 -11.5500 -60 3
166.7244 -11.6000 -60 3
166.7361 -11.6500 -60 3
166.7463 -11.7000 -60 3
166.7500 -11.7210 -60 3
166.7554 -11.7500 -60 3
166.7636 -11.8000 -60 3
166.7710 -11.8500 -60 3
166.7778 -11.9000 -60 3
166.7842 -11.9500 -60 3
166.7905 -12.0000 -60 3
166.7969 -12.0500 -60 3
166.8000 -12.0725 -60 3
166.8042 -12.1000 -60 3
166.8127 -12.1500 -60 3
166.8221 -12.2000 -60 3
166.8326 -12.2500 -60 3
166.8439 -12.3000 -60 3
166.8500 -12.3249 -60 3
166.8572 -12.3500 -60 3
166.8723 -12.4000 -60 3
166.8878 -12.4500 -60 3
166.9000 -12.4887 -60 3
166.9041 -12.5000 -60 3
166.9222 -12.5500 -60 3
166.9398 -12.6000 -60 3
166.9500 -12.6301 -60 3
166.9575 -12.6500 -60 3
166.9754 -12.7000 -60 3
166.9918 -12.7500 -60 3
167.0000 -12.7775 -60 3
167.0073 -12.8000 -60 3
167.0220 -12.8500 -60 3
167.0350 -12.9000 -60 3
167.0466 -12.9500 -60 3
167.0500 -12.9661 -60 3
167.0575 -13.0000 -60 3
167.0676 -13.0500 -60 3
167.0770 -13.1000 -60 3
167.0859 -13.1500 -60 3
167.0943 -13.2000 -60 3
167.1000 -13.2337 -60 3
167.1027 -13.2500 -60 3
167.1112 -13.3000 -60 3
167.1196 -13.3500 -60 3
167.1282 -13.4000 -60 3
167.1372 -13.4500 -60 3
167.1465 -13.5000 -60 3
167.1500 -13.5169 -60 3
167.1569 -13.5500 -60 3
167.1683 -13.6000 -60 3
167.1808 -13.6500 -60 3
167.1945 -13.7000 -60 3
167.2000 -13.7185 -60 3
167.2101 -13.7500 -60 3
167.2275 -13.8000 -60 3
167.2463 -13.8500 -60 3
167.2500 -13.8594 -60 3
167.2679 -13.9000 -60 3
167.2911 -13.9500 -60 3
167.3000 -13.9690 -60 3
167.3167 -14.0000 -60 3
167.3433 -14.0500 -60 3
167.3500 -14.0636 -60 3
167.3708 -14.1000 -60 3
167.3961 -14.1500 -60 3
167.4000 -14.1593 -60 3
167.4190 -14.2000 -60 3
167.4368 -14.2500 -60 3
167.4500 -14.2998 -60 3
167.4501 -14.3000 -60 3
167.4616 -14.3500 -60 3
167.4728 -14.4000 -60 3
167.4851 -14.4500 -60 3
167.4992 -14.5000 -60 3
167.5000 -14.5024 -60 3
167.5157 -14.5500 -60 3
167.5329 -14.6000 -60 3
167.5499 -14.6500 -60 3
167.5500 -14.6503 -60 3
167.5676 -14.7000 -60 3
167.5845 -14.7500 -60 3
167.6000 -14.7968 -60 3
167.6011 -14.8000 -60 3
167.6192 -14.8500 -60 3
167.6375 -14.9000 -60 3
167.6500 -14.9325 -60 3
167.6571 -14.9500 -60 3
167.6786 -15.0000 -60 3
167.7000 -15.0498 -60 3
167.7001 -15.0500 -60 3
167.7242 -15.1000 -60 3
167.7477 -15.1500 -60 3
167.7500 -15.1547 -60 3
167.7739 -15.2000 -60 3
167.8000 -15.2493 -60 3
167.8004 -15.2500 -60 3
167.8312 -15.3000 -60 3
167.8500 -15.3297 -60 3
167.8637 -15.3500 -60 3
167.8978 -15.4000 -60 3
167.9000 -15.4031 -60 3
167.9345 -15.4500 -60 3
167.9500 -15.4726 -60 3
167.9700 -15.5000 -60 3
168.0000 -15.5470 -60 3
168.0021 -15.5500 -60 3
168.0328 -15.6000 -60 3
168.0500 -15.6353 -60 3
168.0581 -15.6500 -60 3
168.0807 -15.7000 -60 3
168.0981 -15.7500 -60 3
168.1000 -15.7562 -60 3
168.1153 -15.8000 -60 3
168.1297 -15.8500 -60 3
168.1422 -15.9000 -60 3
168.1500 -15.9337 -60 3
168.1545 -15.9500 -60 3
168.1678 -16.0000 -60 3
168.1806 -16.0500 -60 3
168.1930 -16.1000 -60 3
168.2000 -16.1276 -60 3
168.2065 -16.1500 -60 3
168.2210 -16.2000 -60 3
168.2348 -16.2500 -60 3
168.2475 -16.3000 -60 3
168.2500 -16.3099 -60 3
168.2614 -16.3500 -60 3
168.2742 -16.4000 -60 3
168.2855 -16.4500 -60 3
168.2954 -16.5000 -60 3
168.3000 -16.5257 -60 3
168.3052 -16.5500 -60 3
168.3152 -16.6000 -60 3
168.3246 -16.6500 -60 3
168.3338 -16.7000 -60 3
168.3432 -16.7500 -60 3
168.3500 -16.7850 -60 3
168.3535 -16.8000 -60 3
168.3653 -16.8500 -60 3
168.3770 -16.9000 -60 3
168.3886 -16.9500 -60 3
168.3998 -17.0000 -60 3
168.4000 -17.0008 -60 3
168.4123 -17.0500 -60 3
168.4239 -17.1000 -60 3
168.4346 -17.1500 -60 3
168.4446 -17.2000 -60 3
168.4500 -17.2284 -60 3
168.4546 -17.2500 -60 3
168.4646 -17.3000 -60 3
168.4740 -17.3500 -60 3
168.4830 -17.4000 -60 3
168.4918 -17.4500 -60 3
168.5000 -17.4947 -60 3
168.5011 -17.5000 -60 3
168.5125 -17.5500 -60 3
168.5249 -17.6000 -60 3
168.5386 -17.6500 -60 3
168.5500 -17.6871 -60 3
168.5547 -17.7000 -60 3
168.5747 -17.7500 -60 3
168.5961 -17.8000 -60 3
168.6000 -17.8082 -60 3
168.6224 -17.8500 -60 3
168.6499 -17.9000 -60 3
168.6500 -17.9002 -60 3
168.6823 -17.9500 -60 3
168.7000 -17.9772 -60 3
168.7158 -18.0000 -60 3
168.7495 -18.0500 -60 3
168.7500 -18.0508 -60 3
168.7845 -18.1000 -60 3
168.8000 -18.1238 -60 3
168.8173 -18.1500 -60 3
168.8472 -18.2000 -60 3
168.8500 -18.2049 -60 3
168.8760 -18.2500 -60 3
168.9000 -18.2988 -60 3
168.9006 -18.3000 -60 3
168.9249 -18.3500 -60 3
168.9459 -18.4000 -60 3
168.9500 -18.4104 -60 3
168.9673 -18.4500 -60 3
168.9874 -18.5000 -60 3
169.0000 -18.5329 -60 3
169.0075 -18.5500 -60 3
169.0293 -18.6000 -60 3
169.0500 -18.6496 -60 3
169.0502 -18.6500 -60 3
169.0750 -18.7000 -60 3
169.0984 -18.7500 -60 3
169.1000 -18.7534 -60 3
169.1250 -18.8000 -60 3
169.1493 -18.8500 -60 3
169.1500 -18.8516 -60 3
169.1758 -18.9000 -60 3
169.1993 -18.9500 -60 3
169.2000 -18.9516 -60 3
169.2247 -19.0000 -60 3
169.2479 -19.0500 -60 3
169.2500 -19.0546 -60 3
169.2736 -19.1000 -60 3
169.2987 -19.1500 -60 3
169.3000 -19.1524 -60 3
169.3276 -19.2000 -60 3
169.3500 -19.2385 -60 3
169.3570 -19.2500 -60 3
169.3888 -19.3000 -60 3
169.4000 -19.3172 -60 3
169.4212 -19.3500 -60 3
169.4500 -19.3954 -60 3
169.4528 -19.4000 -60 3
169.4835 -19.4500 -60 3
169.5000 -19.4788 -60 3
169.5115 -19.5000 -60 3
169.5365 -19.5500 -60 3
169.5500 -19.5806 -60 3
169.5581 -19.6000 -60 3
169.5762 -19.6500 -60 3
169.5906 -19.7000 -60 3
169.6000 -19.7401 -60 3
169.6022 -19.7500 -60 3
169.6119 -19.8000 -60 3
169.6199 -19.8500 -60 3
169.6271 -19.9000 -60 3
169.6341 -19.9500 -60 3
169.6415 -20.0000 -60 3
169.6496 -20.0500 -60 3
169.6500 -20.0520 -60 3
169.6591 -20.1000 -60 3
169.6698 -20.1500 -60 3
169.6818 -20.2000 -60 3
169.6951 -20.2500 -60 3
169.7000 -20.2666 -60 3
169.7102 -20.3000 -60 3
169.7265 -20.3500 -60 3
169.7440 -20.4000 -60 3
169.7500 -20.4161 -60 3
169.7634 -20.4500 -60 3
169.7843 -20.5000 -60 3
169.8000 -20.5354 -60 3
169.8070 -20.5500 -60 3
169.8326 -20.6000 -60 3
169.8500 -20.6319 -60 3
169.8610 -20.6500 -60 3
169.8929 -20.7000 -60 3
169.9000 -20.7106 -60 3
169.9293 -20.7500 -60 3
169.9500 -20.7769 -60 3
169.9694 -20.8000 -60 3
170.0000 -20.8361 -60 3
170.0127 -20.8500 -60 3
170.0500 -20.8920 -60 3
170.0575 -20.9000 -60 3
170.1000 -20.9477 -60 3
170.1021 -20.9500 -60 3
170.1456 -21.0000 -60 3
170.1500 -21.0053 -60 3
170.1878 -21.0500 -60 3
170.2000 -21.0655 -60 3
170.2290 -21.1000 -60 3
170.2500 -21.1267 -60 3
170.2704 -21.1500 -60 3
170.3000 -21.1856 -60 3
170.3139 -21.2000 -60 3
170.3500 -21.2384 -60 3
170.3631 -21.2500 -60 3
170.4000 -21.2827 -60 3
170.4243 -21.3000 -60 3
170.4500 -21.3180 -60 3
170.5000 -21.3455 -60 3
170.5124 -21.3500 -60 3
170.5500 -21.3633 -60 3
170.6000 -21.3722 -60 3
170.6500 -21.3658 -60 3
170.6693 -21.3500 -60 3
170.6781 -21.3000 -60 3
170.6699 -21.2500 -60 3
170.6582 -21.2000 -60 3
170.6500 -21.1668 -60 3
170.6457 -21.1500 -60 3
170.6332 -21.1000 -60 3
170.6231 -21.0500 -60 3
170.6154 -21.0000 -60 3
170.6100 -20.9500 -60 3
170.6069 -20.9000 -60 3
170.6069 -20.8500 -60 3
170.6116 -20.8000 -60 3
170.6256 -20.7500 -60 3
170.6500 -20.7135 -60 3
170.6762 -20.7000 -60 3
170.7000 -20.6933 -60 3
170.7500 -20.6987 -60 3
170.7534 -20.7000 -60 3
170.8000 -20.7168 -60 3
170.8500 -20.7416 -60 3
170.8636 -20.7500 -60 3
170.9000 -20.7713 -60 3
170.9451 -20.8000 -60 3
170.9500 -20.8029 -60 3
171.0000 -20.8342 -60 3
171.0245 -20.8500 -60 3
171.0500 -20.8650 -60 3
171.1000 -20.8956 -60 3
171.1067 -20.9000 -60 3
171.1500 -20.9267 -60 3
171.1847 -20.9500 -60 3
171.2000 -20.9604 -60 3
171.2500 -20.9974 -60 3
171.2534 -21.0000 -60 3
171.3000 -21.0393 -60 3
171.3128 -21.0500 -60 3
171.3500 -21.0867 -60 3
171.3647 -21.1000 -60 3
171.4000 -21.1392 -60 3
171.4115 -21.1500 -60 3
171.4500 -21.1957 -60 3
171.4546 -21.2000 -60 3
171.4952 -21.2500 -60 3
171.5000 -21.2579 -60 3
171.5332 -21.3000 -60 3
171.5500 -21.3287 -60 3
171.5663 -21.3500 -60 3
171.5974 -21.4000 -60 3
171.6000 -21.4043 -60 3
171.6351 -21.4500 -60 3
171.6500 -21.4676 -60 3
171.6851 -21.5000 -60 3
171.7000 -21.5117 -60 3
171.7500 -21.5414 -60 3
171.7708 -21.5500 -60 3
171.8000 -21.5601 -60 3
171.8500 -21.5695 -60 3
171.9000 -21.5705 -60 3
171.9500 -21.5623 -60 3
171.9835 -21.5500 -60 3
> Contour Depth = -60
167.8000 -12.6008 -60 4
167.7989 -12.6000 -60 4
167.7524 -12.5500 -60 4
167.7500 -12.5461 -60 4
167.7265 -12.5000 -60 4
167.7099 -12.4500 -60 4
167.7000 -12.4065 -60 4
167.6985 -12.4000 -60 4
167.6899 -12.3500 -60 4
167.6841 -12.3000 -60 4
167.6804 -12.2500 -60 4
167.6784 -12.2000 -60 4
167.6784 -12.1500 -60 4
167.6813 -12.1000 -60 4
167.6895 -12.0500 -60 4
167.7000 -12.0208 -60 4
167.7500 -12.0020 -60 4
167.8000 -12.0284 -60 4
167.8249 -12.0500 -60 4
167.8500 -12.0676 -60 4
167.8839 -12.1000 -60 4
167.9000 -12.1133 -60 4
167.9359 -12.1500 -60 4
167.9500 -12.1631 -60 4
167.9844 -12.2000 -60 4
168.0000 -12.2161 -60 4
168.0300 -12.2500 -60 4
168.0500 -12.2739 -60 4
> Contour Depth = -60
169.0500 -17.1463 -60 5
169.0525 -17.1500 -60 5
169.0885 -17.2000 -60 5
169.1000 -17.2126 -60 5
169.1127 -17.2500 -60 5
169.1306 -17.3000 -60 5
169.1500 -17.3468 -60 5
169.1508 -17.3500 -60 5
169.1607 -17.4000 -60 5
169.1691 -17.4500 -60 5
169.1741 -17.5000 -60 5
169.1710 -17.5500 -60 5
169.1500 -17.5953 -60 5
169.1000 -17.5768 -60 5
169.0810 -17.5500 -60 5
169.0500 -17.5000 -60 5
169.0500 -17.4999 -60 5
169.0354 -17.4500 -60 5
169.0242 -17.4000 -60 5
169.0157 -17.3500 -60 5
169.0096 -17.3000 -60 5
169.0070 -17.2500 -60 5
169.0117 -17.2000 -60 5
169.0433 -17.1500 -60 5
169.0500 -17.1463 -60 5
> Contour Depth = -60
169.7000 -18.4915 -60 6
169.7163 -18.5000 -60 6
169.7500 -18.5230 -60 6
169.7632 -18.5500 -60 6
169.7634 -18.6000 -60 6
169.7500 -18.6149 -60 6
169.7281 -18.6000 -60 6
169.7000 -18.5729 -60 6
169.6898 -18.5500 -60 6
169.6905 -18.5000 -60 6
169.7000 -18.4915 -60 6
