# Seismic determinations of Moho depth from Assumpcao et al. (2013) as provided
# by Leonardo Uieda.
# This file was modified by Peter Haas (Kiel University):
# + Some receiver function points in Brazil were added (Luz and do Nascimento 2015)
# + Some Andean points based on gravity were removed 
# 
# References
# ----------
# 1. Assumpção, Marcelo; Feng, Mei; Tassara, Andrés; Julià, Jordi (2013): 
# Models of crustal thickness for South America from seismic refraction, 
# receiver functions and surface wave tomography. In: Tectonophysics 609, 
# p. 82–96. DOI: 10.1016/j.tecto.2012.11.014.
# 2. Uieda: https://github.com/pinga-lab/paper-moho-inversion-tesseroids/tree/master/data
# 3. Luz, R.M.N.; Julià, J.; do Nascimento, A. F. (2015): Bulk crustal properties of the 
# Borborema Province, NE Brazil, from P-wave receiver functions. Implications for models of 
# intraplate Cenozoic uplift. In: Tectonophysics 644-645, S. 81–91. 
# DOI: 10.1016/j.tecto.2014.12.017.
# 
# Description
# -----------
# Columns: Longitude, latitude, Moho depth [m]: negative down

-37.045,-9.0387,-34062
-50.233,-19.739,-42990
-52.025,-18.547,-47000
-52.074,-18.508,-45543
-55.699,-20.476,-32835
-51.808,-15.665,-30280
-46.123,-21.363,-39340
-42.861,-21.29,-40960
-59.414,-1.9156,-41629
-46.031,-20.04,-39960
-43.801,-21.222,-37000
-48.015,-15.642,-40975
-48.444,-1.4503,-44768
-48.508,-21.082,-39229
-44.149,-19.987,-42143
-45.585,-22.535,-38280
-44.764,-20.999,-36885
-46.733,-21.68,-40149
-41.429,-21.784,-35062
-50.378,-22.968,-42628
-51.016,-22.813,-42030
-36.01,-8.1769,-33831
-36.009,-8.1768,-33357
-51.213,-18.425,-43316
-44.718,-20.236,-39270
-52.839,-18.765,-39928
-54.169,-19.579,-41720
-48.689,-17.743,-38240
-57.331,-26.331,-34115
-50.155,-6.1702,-37023
-44.582,-13.432,-39558
-38.671,-5.4945,-30670
-47.377,-13.814,-41189
-47.224,-13.757,-39227
-46.01,-23.69,-33755
-45.639,-20.488,-36045
-46.278,-20.678,-39080
-49.086,-15.264,-42121
-48.814,-21.777,-41690
-46.116,-23.252,-33503
-47.608,-1.1272,-36125
-47.714,-20,-42219
-52.341,-27.308,-43741
-39.628,-15.989,-40493
-51.493,-17.893,-43003
-43.326,-21.728,-40634
-44.505,-15.468,-38388
-47.716,-24.093,-38686
-42.004,-21.055,-40955
-54.184,-21.434,-39456
-49.558,-28.61,-37995
-47.593,-19.375,-39510
-47.686,-20.663,-42712
-48.931,-20.879,-43920
-51.262,-21.607,-44103
-45.622,-23.338,-34593
-50.863,-15.137,-33590
-39.124,-12.531,-38010
-52.837,-22.456,-44847
-49.079,-13.33,-36045
-54.88,-17.6,-32857
-51.314,-22.033,-41810
-46.819,-17.27,-40213
-57.476,-21.463,-43660
-47.531,-22.419,-40480
-47.531,-22.419,-42770
-47.502,-20.074,-44140
-48.828,-24.697,-35337
-50.346,-16.57,-32830
-51.877,0.9051,-36792
-47.427,-23.593,-41443
-54.957,-2.7515,-42975
-51.326,-20.672,-46800
-44.929,-18.092,-37670
-43.196,-22.154,-37548
-42.706,-4.873,-38595
-46.966,-23.002,-43612
-52.732,5.207,-40990
-52.644,5.11,-40853
-35.901,-5.8274,-31730
-63.183,-9.2,-50348
-63.35,-8.8,-44748
-61.979,-38.057,-40460
-70.551,-40.733,-34950
-68.078,-16.173,-57283
-59.967,-0.7308,-50589
-48.015,-15.642,-40440
-48.29,-13.099,-39170
-38.768,-3.7783,-32320
-44.311,-15.058,-39810
-56.73,-11.612,-37110
-47.702,-17.971,-34574
-49.709,-3.792,-30540
-35.836,-8.4295,-33930
-38.292,-4.5813,-33060
-38.271,-6.1216,-29780
-40.272,-3.7452,-33390
-35.644,-6.7815,-29390
-59.8,-2,-37910
-60.1,-2.925,-39950
-47.45,-13.8,-40070
-47.27,-13.8,-36996
-40.895,-9.2088,-42076
-49.03,-10.58,-34700
-48.3,-9.85,-39570
-43.559,-6.6569,-35355
-40.846,-18.831,-34215
-50.853,-29.314,-40300
-53.49,-30.512,-36300
-44.44,-23.021,-29500
-49.564,-23.344,-40582
-50.27,-23.853,-39704
-51.504,-24.452,-39093
-48.301,-12.106,-37450
-53.646,-31.755,-36200
-51.135,-24.296,-41032
-45.877,-23.625,-40248
-49.46,-27.12,-38033
-41.185,-18.703,-37957
-46.438,-18.537,-40050
-67.747,-10.15,-26050
-74.61,-6.97,-38040
-73.75,-7.47,-34920
-74.21,-7.29,-35240
-74.75,-6.7,-39820
-74.46,-7.72,-37250
-73.87,-8.06,-41910
-36.275,-9.6686,-37240
-38.291,-4.2243,-31973
-39.181,-12.589,-38569
-37.789,-10.993,-30908
-36.95,-7.3645,-34876
-38.764,-7.3654,-37263
-40.041,-3.3107,-34205
-37.112,-5.7503,-32108
-39.584,-5.5432,-36837
-41.446,-4.394,-39887
-35.291,-6.4178,-33509
-35.127,-8.6795,-31144
-38.063,-9.1218,-35552
-40.725,-20.617,-37178
-41.657,-21.826,-34769
-42.374,-22.081,-34777
-48.102,-24.811,-36103
-43.964,-22.865,-31783
-47.275,-24.29,-39450
-40.394,-19.314,-37784
-45.156,-23.324,-32083
-49.005,-25.324,-38751
-43.443,-22.28,-35798
-52.51,4.57,-37400
-52.39,4.7,-37150
-52.25,4.87,-36800
-52.18,4.95,-36530
-52.04,5.11,-36060
-51.9,5.27,-35100
-51.68,5.53,-31850
-51.55,5.69,-27260
-51.44,5.81,-18000
-51.39,5.87,-16350
-51.17,6.13,-16950
-50.95,6.39,-17100
-50.73,6.64,-17150
-50.57,6.83,-16875
-50.4,7.02,-16750
-50.16,7.3,-16700
-54.09,5.42,-36900
-53.94,5.74,-36000
-53.72,6.24,-32035
-53.53,6.65,-29065
-53.34,7.06,-27150
-53.05,7.7,-26000
-52.9,8.03,-25700
-52.75,8.35,-25100
-52.64,8.6,-19000
-52.49,8.93,-16850
-52.34,9.26,-16500
-52.1,9.79,-16100
-39.717,-1.25,-16810
-40.417,-0.9833,-15810
-39.95,-0.6333,-16600
-40.5,-0.35,-16400
-38.917,0.9167,-15480
-39.25,1.05,-15080
-46.8,4.9667,-18270
-46.617,5.4167,-18030
-44.55,2.15,-17790
-44.65,2.8667,-16440
-42.8,2.8333,-15020
-81.5,-10.98,-14200
-82.13,-10.23,-14300
-82.13,-10.23,-13900
-83.07,-10.53,-14400
-82.32,-8.73,-17300
-82.62,-7.85,-15200
-82.62,-7.85,-15900
-81.68,-7.55,-16300
-79.3,-8.63,-30000
-80.05,-7.33,-30600
-86.3,-12,-15200
-81.7,-12,-16100
-80.45,-12,-19700
-79.95,-12,-17300
-79,-12,-16600
-80.8,-9.4,-17700
-49.18,-34.5,-18650
-48.28,-34,-18650
-47.88,-33.98,-18333
-46.6,-33.87,-18333
-45.43,-33.95,-15193
-44.07,-33.38,-15193
-42.42,-33.28,-15290
-41.82,-33.2,-15290
-40.77,-33.08,-14427
-39.77,-32.9,-14427
-40.08,-31.4,-13753
-39.72,-31.1,-14060
-40.08,-31.4,-13860
-39.45,-30.87,-14460
-41.52,-28.6,-13006
-41.07,-28.92,-14706
-43.45,-27.17,-17670
-43.07,-27.53,-17470
-76.2,1.7,-64300
-75.7,2.6,-65000
-75.2,3.4,-65600
-78.4,-0.4,-62900
-81.16,3.97,-32500
-80.76,3.92,-31100
-80.4,3.87,-29300
-80.07,3.85,-29200
-79.68,3.8,-20800
-79.23,3.78,-17300
-78.86,3.76,-16800
-78.48,3.77,-13900
-78.09,3.74,-23800
-77.69,3.77,-19500
-77.4,3.7,-23100
-77.34,3.68,-24080
-76.65,3.8,-31100
-76.4,3.74,-34000
-81.16,3.97,-19200
-80.76,3.92,-19800
-80.4,3.87,-20100
-80.07,3.85,-19200
-79.68,3.8,-18900
-79.23,3.78,-18300
-78.86,3.76,-19800
-78.48,3.77,-22900
-78.09,3.74,-26800
-81.06,3.56,-18200
-80.76,3.34,-19800
-80.44,3.06,-19500
-80.07,2.78,-17100
-79.7,2.5,-20400
-79.36,2.27,-22500
-79.08,2.08,-28500
-76.3,4.1,-28386
-64.61,9.7,-34500
-64.35,9.33,-34400
-64.19,8.94,-36600
-63.87,8.19,-37900
-63.6,7.8,-37530
-63.4,7.2,-42850
-50.256,-13.307,-41660
-49.713,-13.265,-43120
-49.29,-13.33,-35920
-48.874,-13.391,-36950
-48.578,-13.547,-37240
-48.35,-13.5,-38070
-48.09,-13.53,-44130
-47.795,-13.633,-43450
-47.375,-13.8,-40850
-46.877,-13.807,-39650
-46.335,-13.959,-41350
-45.975,-14.266,-41450
-45.657,-14.649,-41720
-39.95,-9.33,-42804
-40.03,-8.82,-42866
-40.12,-8.27,-42800
-40.33,-9.72,-44574
-40.78,-9.6,-44532
-41.35,-9.4,-44580
-47.64,4.32,-18400
-47.4,4.31,-18250
-47.17,4.32,-18300
-46.95,4.34,-17900
-46.71,4.37,-17800
-46.5,4.4,-17450
-46.28,4.41,-17100
-46.04,4.42,-16400
-47.44,4.62,-17600
-46.75,5.25,-17850
-46.37,5.6,-17900
-46,5.93,-18650
-39,-20.5,-18196
-40,-21,-22910
-39,-21,-15499
-38,-21,-16961
-41,-22,-28010
-40,-22,-24406
-39,-22,-15696
-38,-22,-17675
-42,-23,-29048
-41,-23,-26112
-40,-23,-21685
-39,-23,-19062
-38,-23,-17685
-43,-24,-23401
-42,-24,-19193
-41,-24,-26209
-40,-24,-21033
-39,-24,-15583
-38,-24,-19731
-47,-25,-32048
-46,-25,-31121
-45,-25,-25010
-44,-25,-24379
-43,-25,-25193
-42,-25,-21213
-41,-25,-18776
-40,-25,-13165
-39,-25,-17602
-38,-25,-17973
-47,-26,-34101
-46,-26,-34253
-45,-26,-24612
-44,-26,-26143
-43,-26,-24314
-42,-26,-21600
-41,-26,-19803
-40,-26,-19793
-39,-26,-18072
-47,-27,-35142
-46,-27,-34393
-45,-27,-17538
-44,-27,-23648
-43,-27,-22401
-42,-27,-22605
-41,-27,-24189
-40,-27,-16787
-39,-27,-21194
-47,-28,-30604
-46,-28,-20472
-45,-28,-15106
-44,-28,-16448
-43,-28,-23907
-42,-28,-20059
-41,-28,-12934
-40,-28,-13416
-39,-28,-12139
-47,-28.8,-30785
-46,-28.8,-22692
-45,-28.8,-19591
-44,-28.8,-17799
-43,-28.9,-15943
-42,-28.9,-17984
-41,-28.9,-22830
-40,-28.9,-19809
-38.073,-5.901,-31836
-37.84,-6.115,-31744
-37.508,-6.42,-31825
-37.501,-6.426,-30529
-37.272,-6.637,-30401
-37.042,-6.847,-30126
-37.009,-6.878,-31414
-36.776,-7.091,-31421
-36.742,-7.121,-32424
-36.475,-7.365,-32539
-36.209,-7.608,-32561
-36.175,-7.639,-31009
-35.841,-7.943,-31219
-35.606,-8.155,-34038
-35.355,-8.383,-34317
-35.104,-8.61,-34493
-40.82,-3.35,-31176
-40.49,-3.66,-32118
-40.16,-3.96,-34610
-39.82,-4.27,-30175
-39.49,-4.57,-29395
-39.15,-4.88,-28581
-38.65,-5.34,-29864
-38.15,-5.8,-32849
-36.83,-5.64,-29938
-37.09,-6.36,-32738
-37.23,-6.79,-32626
-37.49,-7.52,-33809
-37.74,-8.24,-39402
-37.98,-8.93,-34559
-38.12,-9.36,-36797
-38.48,-10.38,-32095
-38.78,-11.24,-32323
-39.07,-12.1,-44667
-45.4,-25.7,-19660
-69.9,-6.15,-44900
-69.9,-6.5,-44830
-37.75,-5.55,-27890
-75,4,-30400
-80.12,2.01,-13400
-79.95,1.85,-14000
-79.72,1.65,-16500
-79.49,1.45,-21700
-43,-19.1,-39500
-36.99,-11.08,-24050
-36.75,-11.28,-17100
-36.5,-11.49,-16200
-36.25,-11.69,-17800
-61.461,5.8433,-35120
-61.639,6.7126,-36177
-66.843,6.5861,-37504
-66.322,7.3262,-38624
-61.826,7.3429,-34824
-65.188,7.4169,-40548
-64.073,7.6508,-38357
-63.085,7.7598,-37307
-62.066,7.8605,-34942
-61.815,8.069,-35168
-67.656,5.4205,-31310
-62.655,8.0344,-43331
-63.057,9.3596,-46364
-62.943,10.145,-48336
-62.744,8.9876,-47357
-63.797,9.7438,-49504
-63.625,8.5019,-39858
-64.294,9.5825,-48880
-64.796,8.9653,-52579
-66.254,8.1365,-50321
-65.944,8.3276,-47869
-66.436,8.9485,-38238
-66.297,9.2617,-46032
-66.322,8.5127,-39280
-67.386,8.8571,-42598
-68.041,8.9433,-42194
-69.483,7.0011,-47699
-64.59,10.163,-31005
-65.806,10.064,-42266
-66.269,10.476,-39800
-62.208,10.638,-28150
-63.184,10.617,-23892
-63.651,10.478,-26054
-63.53,10.194,-28503
-63.827,10.651,-28189
-63.826,10.158,-29197
-66.385,9.9092,-22568
-67.397,9.8872,-29302
-67.838,10.447,-25000
-69.287,9.9586,-27765
-68.834,11.087,-26031
-69.961,10.013,-35950
-69.808,10.649,-37200
-70.523,10.206,-37852
-70.636,10.922,-30953
-69.537,9.501,-38017
-70.626,8.8863,-51320
-70.857,8.2842,-39675
-71.364,8.8401,-50670
-72.314,7.8649,-44622
-72.406,10.503,-50852
-63.132,11.355,-23206
-63.993,10.786,-27285
-64.598,11.822,-23990
-69.971,11.955,-26161
-70.902,12.358,-16134
-65.418,11.85,-23197
-63.77,11.752,-19617
-66.491,13.95,-21797
-65.22,10.68,-19103
-66.501,11.249,-16008
-67.35,11.271,-18060
-64.931,12.721,-17853
-64,7.45,-46962
-64.6,7.45,-46974
-63.13,7,-42998
-63.27,7.2,-44040
-62.7,7.5,-44959
-67.34,9.55,-37978
-67.82,11,-36024
-67.62,11,-36416
-66.24,11.2,-35592
-66.24,11.6,-30850
-69.54,10.6,-40043
-69.64,11.48,-34999
-68.43,-17.83,-59000
-68.11,-17.36,-61000
-68.17,-16.62,-61000
-67.82,-16.3,-54000
-67.54,-15.93,-51000
-68.51,-16.41,-50600
-68.74,-17.28,-66600
-68.17,-17.53,-58400
-67.83,-17.89,-57950
-68.23,-18.1,-57950
-67.6,-18.56,-69700
-70,-19.99,-50300
-69.31,-19.89,-55540
-68.86,-19.34,-73500
-68.86,-19.74,-67600
-68.29,-19.56,-59800
-67.83,-19.18,-58580
-67.83,-19.38,-56680
-67.83,-19.58,-53280
-67.31,-18.83,-63530
-67.31,-19.23,-54130
-66.8,-19.03,-62900
-66.8,-19.43,-67000
-66.34,-19.29,-63300
-66.34,-19.69,-68300
-65.31,-19.11,-57300
-65.31,-19.51,-54500
-64.74,-19.24,-48000
-64.74,-19.64,-43600
-64.29,-19.59,-44700
-63.89,-19.85,-45500
-63.54,-20.05,-44450
-62.51,-19.23,-33400
-60.74,-18.52,-32200
-65.2,-30.9,-34212
-65.7,-32.4,-34100
-66.9,-30.5,-49400
-68,-30.5,-53500
-57.93,-34.91,-31490
-78.5,-0.2,-48163
-71.2,-31,-49229
-69.8,-30.3,-59338
-68.7,-30.2,-70569
-67.75,-30.3,-39609
-66.5,-30.4,-39327
-65.2,-30.9,-47212
-72.3,-35.5,-39762
-70.5,-35.8,-46447
-69.6,-35.8,-50897
-69,-36,-38217
-68.4,-36.2,-23890
-64.07,-29.15,-34609
-64.05,-29.46,-33872
-64.02,-29.75,-34642
-64.41,-30.78,-36265
-64.64,-31.02,-34844
-64.96,-31.14,-35489
-65.22,-31.27,-36419
-64.55,-31.59,-37416
-64.66,-31.91,-37251
-65,-32.15,-36514
-65.71,-32.41,-38091
-66.08,-32.83,-39538
-65.2,-30.9,-33712
-66.25,-28.8,-38488
-67.12,-29.93,-41976
-67.3,-30.2,-42323
-66.54,-30.38,-38304
-66.64,-30.8,-44996
-66.77,-31.19,-48115
-66.24,-31.51,-47082
-67.19,-32.28,-43313
-67.84,-30.16,-53898
-67.74,-30.28,-53122
-67.52,-30.68,-54149
-67.3,-31.06,-51828
-67.88,-31.57,-51928
-69.38,-32.21,-57055
-69.51,-33.59,-45779
-70.29,-33.32,-37779
-70.66,-33.14,-35411
-71.24,-31.03,-31344
-71,-30,-45857
-70.5,-30,-51495
-70,-30,-68000
-69.5,-30,-67791
-69,-30,-58248
-68.5,-30,-57949
-68,-30,-55324
-70.5,-30.5,-51190
-70,-30.5,-67038
-69.5,-30.5,-67714
-69,-30.5,-57714
-68.5,-30.5,-57101
-69.5,-31,-64257
-69,-31,-60355
-68.5,-31,-60116
-68,-31,-55177
-70.5,-31.5,-53190
-70,-31.5,-58266
-69.5,-31.5,-62409
-69,-31.5,-59477
-68.5,-31.5,-54405
-70.5,-32,-48342
-70,-32,-57876
-69.5,-32,-58562
-69,-32,-53781
-68.5,-32,-54451
-69.5,-32.6,-58253
-68.144,-27.424,-56145
-68.09,-27.111,-56190
-69.257,-27.488,-54920
-69.021,-26.54,-52080
-66.944,-27.112,-50800
-67.147,-27.508,-51230
-66.598,-27.641,-48965
-66.37,-27.341,-47245
-69.237,-26.157,-48945
-69.426,-25.367,-42690
-68.098,-27.833,-55685
-68.277,-26.851,-54895
-68.552,-26.906,-54525
-68.666,-26.881,-54025
-68.767,-26.91,-53945
-67.688,-27.051,-56515
-67.774,-27.336,-56480
-67.694,-27.444,-55860
-67.603,-27.48,-55355
-67.613,-27.569,-55090
-67.625,-27.708,-54905
-67.629,-27.901,-54325
-72.62,-51.57,-30250
-70,-52.06,-30950
-72.03,-52.55,-28067
-70.93,-53.61,-30167
-68.71,-54.14,-33490
-70.142,-15.426,-65754
-70.168,-15.379,-66736
-70.2,-15.321,-63730
-70.242,-15.296,-68435
-70.28,-15.26,-69441
-70.33,-15.228,-69738
-70.357,-15.169,-70825
-70.413,-15.046,-66704
-70.404,-14.991,-69385
-70.459,-14.979,-68783
-70.524,-14.942,-71863
-70.562,-14.924,-69979
-70.609,-14.884,-72108
-70.658,-14.832,-72057
-70.726,-14.79,-70431
-70.745,-14.724,-64185
-70.75,-14.649,-67375
-70.788,-14.613,-69898
-70.853,-14.594,-67321
-70.883,-14.538,-60820
-70.94,-14.496,-61724
-70.989,-14.483,-68108
-71.045,-14.474,-68778
-71.074,-14.451,-68186
-71.132,-14.405,-65929
-71.156,-14.362,-62332
-71.194,-14.331,-68342
-71.229,-14.28,-68374
-71.265,-14.242,-69531
-71.314,-14.201,-72027
-71.37,-14.186,-74266
-71.403,-14.142,-69757
-71.434,-14.099,-68321
-71.448,-14.043,-63653
-71.486,-13.985,-70948
-71.519,-13.871,-68343
-71.506,-13.826,-64856
-71.575,-13.78,-63390
-71.599,-13.737,-73843
-71.624,-13.688,-66196
-71.685,-13.659,-70329
-71.723,-13.615,-67206
-71.771,-13.6,-71641
-71.824,-13.573,-66372
-71.886,-13.55,-65362
-71.942,-13.528,-67950
-75.16,-15.363,-38990
-74.98,-15.143,-23004
-74.99,-14.975,-33908
-74.941,-14.825,-32981
-74.878,-14.826,-36088
-74.704,-14.831,-39518
-74.642,-14.826,-44561
-74.405,-14.669,-60254
-74.273,-14.603,-58197
-74.198,-14.651,-57445
-74.125,-14.695,-56293
-73.997,-14.605,-62373
-73.964,-14.623,-68101
-73.757,-14.645,-65940
-73.647,-14.61,-70304
-73.572,-14.602,-62366
-73.468,-14.558,-61936
-73.468,-14.559,-57835
-73.36,-14.55,-63579
-73.277,-14.52,-63664
-73.206,-14.428,-55150
-73.323,-14.174,-57489
-73.299,-14.039,-58670
-73.229,-14.038,-59303
-73.181,-13.962,-61512
-73.102,-13.941,-61645
-73.057,-13.881,-60281
-72.979,-13.849,-60739
-72.942,-13.776,-62630
-72.926,-13.67,-69867
-72.877,-13.624,-65627
-72.796,-13.552,-71984
-72.738,-13.555,-70668
-72.608,-13.551,-73055
-72.504,-13.505,-66109
-72.445,-13.481,-71378
-72.344,-13.443,-71889
-72.249,-13.487,-70548
-72.166,-13.495,-73046
-72.089,-13.479,-71153
-72.099,-17,-23767
-72.031,-17.017,-20023
-71.789,-17.164,-25741
-71.788,-17.112,-24425
-71.724,-17.071,-28994
-71.707,-17.034,-31180
-71.948,-16.716,-31760
-71.89,-16.681,-37300
-71.873,-16.627,-37290
-71.838,-16.581,-37901
-71.841,-16.497,-39821
-71.824,-16.426,-41528
-71.709,-16.463,-40099
-71.653,-16.418,-46349
-71.615,-16.402,-52473
-71.493,-16.466,-52739
-71.556,-16.325,-52776
-71.414,-16.406,-55879
-71.486,-16.234,-63858
-71.411,-16.213,-62457
-71.347,-16.245,-61543
-71.411,-16.055,-64075
-71.361,-16.063,-63109
-71.282,-16.029,-65247
-71.268,-15.985,-64755
-71.21,-15.958,-63844
-71.192,-15.915,-65136
-71.129,-15.877,-62375
-71.091,-15.837,-66605
-71.062,-15.8,-65759
-71.024,-15.775,-64753
-70.976,-15.763,-68122
-70.899,-15.759,-66392
-70.824,-15.721,-71245
-70.782,-15.681,-65111
-70.757,-15.665,-69029
-70.614,-15.714,-70681
-70.573,-15.674,-72645
-70.493,-15.688,-71246
-70.43,-15.675,-70133
-70.375,-15.672,-70156
-70.346,-15.622,-70044
-70.293,-15.603,-73721
-70.255,-15.576,-74316
-70.182,-15.543,-67845
-70.182,-15.514,-70552
-70.108,-15.469,-67583
-70.071,-15.425,-71962
-70.051,-15.353,-66141
-70.034,-15.318,-66447
-72,-30.1,-22993
-71.75,-30.15,-24264
-71.2,-30.2,-25106
-70.75,-30.25,-44257
-70.5,-30.3,-54082
-70.2,-30.35,-57671
-69.2,-30.4,-57235
-68,-30.45,-54407
-67,-30.55,-48457
-66.5,-30.6,-40208
-66,-30.65,-38741
-65.5,-30.68,-32608
-64.5,-30.7,-35948
-71.5,-30.5,-32589
-69.5,-30.5,-60714
-68.7,-30.5,-59994
-68.3,-30.5,-59117
-67.8,-30.5,-53307
-66.7,-30.5,-39077
-66.2,-30.5,-38621
-65.6,-30.5,-34728
-65.1,-30.5,-34638
-64.5,-30.5,-33071
-71,-36,-49867
-70.5,-36,-47409
-70,-36,-38096
-69.4,-36,-35497
-68.8,-36,-33118
-67.8,-36,-34399
-72.03,-13.61,-66175
-72.61,-14.21,-56431
-72.67,-15.01,-64279
-71.65,-15.1,-63571
-71.13,-15.59,-57512
-71.35,-15.85,-56590
-71.71,-16.53,-42354
-69.92,-17.85,-48772
-68.97,-18.48,-51121
-68.58,-18.04,-52474
-68.74,-18.66,-56137
-67.88,-18.98,-71305
-67.39,-18.61,-73314
-66.5,-19.11,-62691
-66.7,-19.62,-64397
-66.21,-19.4,-60654
-66.33,-20.06,-73120
-66.71,-20.72,-78114
-66.01,-20.79,-69504
-66.62,-21.26,-70825
-66.89,-21.85,-71573
-66.39,-21.9,-66851
-66.52,-22.75,-53478
-66.91,-23.36,-58045
-67.93,-24.08,-44793
-68.14,-22.75,-54081
-67.83,-22.09,-62206
-67.62,-20.97,-71209
-67.85,-20.2,-69343
-68.2,-20.15,-66347
-69.13,-20.64,-52229
-68.88,-20.95,-58589
-68.57,-21.18,-57474
-68.93,-21.47,-56309
-69.2,-21.7,-50927
-67.16,-22.53,-56305
-67.35,-22.61,-55190
-67.45,-22.42,-58382
-67.39,-22.3,-57325
-67.31,-22.37,-58220
-68.84,-27.8,-65094
-67.58,-29.84,-44495
-68.47,-30.93,-51113
-68.4,-31.58,-53345
-69.76,-30.79,-58070
-69.58,-30.98,-55360
-69.57,-31.68,-56973
-69.38,-31.79,-53033
-69.9,-31.93,-55588
-69.57,-32.01,-50584
-69.51,-32.72,-46771
-70.4,-33.78,-39299
-67.44,-33.6,-39601
-69.51,-33.62,-47695
-70.14,-33.48,-45875
-70.21,-33.84,-46386
-70.41,-33.58,-37362
-71.19,-33.39,-34564
-67.42,-32.86,-39573
-68.17,-32.87,-44448
-68.83,-33.09,-44216
-69.65,-32.79,-45660
-70.27,-32.83,-46750
-70.71,-32.85,-48543
-71.1,-32.83,-34091
-67.19,-32.27,-49315
-68.05,-32.39,-49493
-68.77,-32.1,-54366
-69.34,-32.22,-57476
-70.58,-32.5,-42087
-70.58,-32.03,-36652
-67.33,-31.46,-44407
-67.87,-31.58,-49425
-68.68,-31.55,-59319
-70.75,-31.71,-41796
-71.17,-31.75,-28786
-68,-21.7,-55223
-68,-22.7,-55344
-69,-21,-65962
-69,-21.7,-64396
-69,-22.9,-62153
-69,-23.5,-66333
-68.45,-21,-68172
-68,-21,-63190
-67.5,-21,-63159
-67,-21,-71083
-66,-21,-71251
-65,-21,-56409
-64.35,-21,-47868
-68.4,-25.5,-57561
-68,-25.5,-55657
-67.6,-25.5,-54926
-67.1,-25.5,-52869
-66.78,-25.5,-65682
-66.2,-25.5,-62519
-70,-22.5,-33476
-69.5,-22.5,-47446
-69,-22.5,-57409
-68,-22.5,-80123
-67,-22.5,-74352
-66.5,-22.5,-73581
-66,-22.5,-66388
-65,-22.5,-60171
-69,-23.5,-62333
-68.6,-23.5,-69410
-68,-23.5,-65961
-67.5,-23.5,-63505
-67,-23.5,-62810
-66,-23.5,-57419
-65,-23.5,-47867
-70,-24.5,-40248
-69.5,-24.5,-49485
-69,-24.5,-56724
-68.5,-24.5,-63505
-68,-24.5,-52434
-67.5,-24.5,-45961
-66.6,-24.5,-56460
-66,-24.5,-49419
-65.5,-24.5,-48553
-67.5,-17.5,-63037
-66.5,-18.7,-68962
-68.5,-19.5,-66313
-67.5,-19.5,-53068
-65.5,-19.5,-58800
-64.5,-19.5,-49943
-63.5,-20,-42192
-62.5,-19.5,-29650
-68.5,-20.5,-62764
-66.5,-20.5,-76023
-68.5,-21.5,-60809
-69.5,-22.5,-33446
-66.5,-22.5,-61581
-65.5,-22.5,-53809
-68.5,-23.5,-64562
-67.5,-23.5,-54505
-66.5,-23.5,-53962
-65.5,-23.5,-47266
-69.5,-24.5,-33485
-68.5,-24.5,-51505
-67.5,-24.5,-37961
-66.5,-24.5,-53581
-65.5,-24.5,-43553
-68.4,-21,-66257
-64.5,-21,-48552
-63.5,-21,-39345
-68.4,-23,-62623
-67.5,-24,-55733
-72.4,-39,-31799
-71.8,-39,-36869
-70.8,-39,-36313
-70.5,-39,-28934
-70,-39,-28933
-69.6,-39,-32229
-68.7,-39,-32634
