> Contour Depth = -20
236.0223 50.0000 -20 1
236.0500 49.9826 -20 1
236.0994 49.9500 -20 1
236.1000 49.9496 -20 1
236.1500 49.9144 -20 1
236.1694 49.9000 -20 1
236.2000 49.8772 -20 1
236.2350 49.8500 -20 1
236.2500 49.8382 -20 1
236.2968 49.8000 -20 1
236.3000 49.7974 -20 1
236.3500 49.7546 -20 1
236.3552 49.7500 -20 1
236.4000 49.7100 -20 1
236.4109 49.7000 -20 1
236.4500 49.6637 -20 1
236.4645 49.6500 -20 1
236.5000 49.6157 -20 1
236.5160 49.6000 -20 1
236.5500 49.5658 -20 1
236.5655 49.5500 -20 1
236.6000 49.5139 -20 1
236.6131 49.5000 -20 1
236.6500 49.4599 -20 1
236.6591 49.4500 -20 1
236.7000 49.4041 -20 1
236.7036 49.4000 -20 1
236.7470 49.3500 -20 1
236.7500 49.3464 -20 1
236.7894 49.3000 -20 1
236.8000 49.2872 -20 1
236.8316 49.2500 -20 1
236.8500 49.2278 -20 1
236.8739 49.2000 -20 1
236.9000 49.1690 -20 1
236.9169 49.1500 -20 1
236.9500 49.1117 -20 1
236.9607 49.1000 -20 1
237.0000 49.0561 -20 1
237.0058 49.0500 -20 1
237.0500 49.0021 -20 1
237.0520 49.0000 -20 1
237.0990 48.9500 -20 1
237.1000 48.9488 -20 1
237.1457 48.9000 -20 1
237.1500 48.8952 -20 1
237.1914 48.8500 -20 1
237.2000 48.8402 -20 1
237.2353 48.8000 -20 1
237.2500 48.7827 -20 1
237.2775 48.7500 -20 1
237.3000 48.7229 -20 1
237.3186 48.7000 -20 1
237.3500 48.6621 -20 1
237.3599 48.6500 -20 1
237.4000 48.6031 -20 1
237.4026 48.6000 -20 1
237.4480 48.5500 -20 1
237.4500 48.5480 -20 1
237.4975 48.5000 -20 1
237.5000 48.4977 -20 1
237.5500 48.4513 -20 1
237.5514 48.4500 -20 1
237.6000 48.4075 -20 1
237.6083 48.4000 -20 1
237.6500 48.3646 -20 1
237.6662 48.3500 -20 1
237.7000 48.3210 -20 1
237.7226 48.3000 -20 1
237.7500 48.2751 -20 1
237.7750 48.2500 -20 1
237.8000 48.2249 -20 1
237.8220 48.2000 -20 1
237.8500 48.1674 -20 1
237.8632 48.1500 -20 1
237.8986 48.1000 -20 1
237.9000 48.0979 -20 1
237.9268 48.0500 -20 1
237.9500 48.0028 -20 1
237.9512 48.0000 -20 1
237.9695 47.9500 -20 1
237.9845 47.9000 -20 1
237.9965 47.8500 -20 1
238.0000 47.8306 -20 1
238.0050 47.8000 -20 1
238.0109 47.7500 -20 1
238.0147 47.7000 -20 1
238.0166 47.6500 -20 1
238.0166 47.6000 -20 1
238.0149 47.5500 -20 1
238.0116 47.5000 -20 1
238.0067 47.4500 -20 1
238.0005 47.4000 -20 1
238.0000 47.3963 -20 1
237.9921 47.3500 -20 1
237.9826 47.3000 -20 1
237.9723 47.2500 -20 1
237.9617 47.2000 -20 1
237.9510 47.1500 -20 1
237.9500 47.1456 -20 1
237.9380 47.1000 -20 1
237.9250 47.0500 -20 1
237.9123 47.0000 -20 1
237.9000 46.9509 -20 1
237.8997 46.9500 -20 1
237.8845 46.9000 -20 1
237.8693 46.8500 -20 1
237.8539 46.8000 -20 1
237.8500 46.7882 -20 1
237.8350 46.7500 -20 1
237.8141 46.7000 -20 1
237.8000 46.6696 -20 1
237.7894 46.6500 -20 1
237.7593 46.6000 -20 1
237.7500 46.5863 -20 1
237.7224 46.5500 -20 1
237.7000 46.5234 -20 1
237.6791 46.5000 -20 1
237.6500 46.4700 -20 1
237.6305 46.4500 -20 1
237.6000 46.4201 -20 1
237.5805 46.4000 -20 1
237.5500 46.3689 -20 1
237.5333 46.3500 -20 1
237.5000 46.3114 -20 1
237.4913 46.3000 -20 1
237.4554 46.2500 -20 1
237.4500 46.2418 -20 1
237.4255 46.2000 -20 1
237.4009 46.1500 -20 1
237.4000 46.1479 -20 1
237.3810 46.1000 -20 1
237.3651 46.0500 -20 1
237.3527 46.0000 -20 1
237.3500 45.9862 -20 1
237.3432 45.9500 -20 1
237.3363 45.9000 -20 1
237.3315 45.8500 -20 1
237.3285 45.8000 -20 1
237.3270 45.7500 -20 1
237.3268 45.7000 -20 1
237.3275 45.6500 -20 1
237.3289 45.6000 -20 1
237.3309 45.5500 -20 1
237.3332 45.5000 -20 1
237.3357 45.4500 -20 1
237.3381 45.4000 -20 1
237.3405 45.3500 -20 1
237.3426 45.3000 -20 1
237.3445 45.2500 -20 1
237.3460 45.2000 -20 1
237.3473 45.1500 -20 1
237.3482 45.1000 -20 1
237.3489 45.0500 -20 1
237.3494 45.0000 -20 1
237.3496 44.9500 -20 1
237.3497 44.9000 -20 1
237.3494 44.8500 -20 1
237.3490 44.8000 -20 1
237.3483 44.7500 -20 1
237.3473 44.7000 -20 1
237.3459 44.6500 -20 1
237.3441 44.6000 -20 1
237.3419 44.5500 -20 1
237.3390 44.5000 -20 1
237.3355 44.4500 -20 1
237.3311 44.4000 -20 1
237.3258 44.3500 -20 1
237.3194 44.3000 -20 1
237.3117 44.2500 -20 1
237.3026 44.2000 -20 1
237.3000 44.1879 -20 1
237.2912 44.1500 -20 1
237.2779 44.1000 -20 1
237.2626 44.0500 -20 1
237.2500 44.0135 -20 1
237.2448 44.0000 -20 1
237.2233 43.9500 -20 1
237.2000 43.9017 -20 1
237.1991 43.9000 -20 1
237.1690 43.8500 -20 1
237.1500 43.8215 -20 1
237.1338 43.8000 -20 1
237.1000 43.7588 -20 1
237.0920 43.7500 -20 1
237.0500 43.7068 -20 1
237.0430 43.7000 -20 1
237.0000 43.6603 -20 1
236.9887 43.6500 -20 1
236.9500 43.6155 -20 1
236.9334 43.6000 -20 1
236.9000 43.5690 -20 1
236.8812 43.5500 -20 1
236.8500 43.5184 -20 1
236.8336 43.5000 -20 1
236.8000 43.4621 -20 1
236.7903 43.4500 -20 1
236.7502 43.4000 -20 1
236.7500 43.3998 -20 1
236.7122 43.3500 -20 1
236.7000 43.3341 -20 1
236.6752 43.3000 -20 1
236.6500 43.2656 -20 1
236.6389 43.2500 -20 1
236.6029 43.2000 -20 1
236.6000 43.1960 -20 1
236.5667 43.1500 -20 1
236.5500 43.1266 -20 1
236.5307 43.1000 -20 1
236.5000 43.0565 -20 1
236.4953 43.0500 -20 1
236.4600 43.0000 -20 1
236.4500 42.9850 -20 1
236.4256 42.9500 -20 1
236.4000 42.9102 -20 1
236.3931 42.9000 -20 1
236.3619 42.8500 -20 1
236.3500 42.8290 -20 1
236.3328 42.8000 -20 1
236.3065 42.7500 -20 1
236.3000 42.7360 -20 1
236.2822 42.7000 -20 1
236.2609 42.6500 -20 1
236.2500 42.6205 -20 1
236.2419 42.6000 -20 1
236.2249 42.5500 -20 1
236.2107 42.5000 -20 1
236.2000 42.4554 -20 1
236.1986 42.4500 -20 1
236.1877 42.4000 -20 1
236.1789 42.3500 -20 1
236.1722 42.3000 -20 1
236.1673 42.2500 -20 1
236.1643 42.2000 -20 1
236.1632 42.1500 -20 1
236.1639 42.1000 -20 1
236.1664 42.0500 -20 1
236.1708 42.0000 -20 1
236.1772 41.9500 -20 1
236.1854 41.9000 -20 1
236.1956 41.8500 -20 1
236.2000 41.8313 -20 1
236.2070 41.8000 -20 1
236.2197 41.7500 -20 1
236.2341 41.7000 -20 1
236.2500 41.6505 -20 1
236.2502 41.6500 -20 1
236.2667 41.6000 -20 1
236.2848 41.5500 -20 1
236.3000 41.5109 -20 1
236.3042 41.5000 -20 1
236.3246 41.4500 -20 1
236.3465 41.4000 -20 1
236.3500 41.3924 -20 1
236.3699 41.3500 -20 1
236.3950 41.3000 -20 1
236.4000 41.2904 -20 1
236.4223 41.2500 -20 1
236.4500 41.2029 -20 1
236.4519 41.2000 -20 1
236.4844 41.1500 -20 1
236.5000 41.1271 -20 1
236.5201 41.1000 -20 1
236.5500 41.0613 -20 1
236.5596 41.0500 -20 1
236.6000 41.0032 -20 1
236.6031 41.0000 -20 1
236.6500 40.9510 -20 1
236.6510 40.9500 -20 1
236.7000 40.9030 -20 1
236.7034 40.9000 -20 1
236.7500 40.8581 -20 1
236.7599 40.8500 -20 1
236.8000 40.8157 -20 1
236.8199 40.8000 -20 1
236.8500 40.7752 -20 1
236.8831 40.7500 -20 1
236.9000 40.7364 -20 1
236.9495 40.7000 -20 1
236.9500 40.6996 -20 1
237.0000 40.6630 -20 1
237.0194 40.6500 -20 1
237.0500 40.6281 -20 1
237.0928 40.6000 -20 1
237.1000 40.5949 -20 1
237.1500 40.5608 -20 1
237.1659 40.5500 -20 1
237.2000 40.5250 -20 1
237.2324 40.5000 -20 1
237.2500 40.4854 -20 1
237.2877 40.4500 -20 1
237.3000 40.4375 -20 1
237.3309 40.4000 -20 1
237.3500 40.3751 -20 1
237.3656 40.3500 -20 1
237.3946 40.3000 -20 1
237.4000 40.2899 -20 1
237.4169 40.2500 -20 1
237.4368 40.2000 -20 1
237.4500 40.1648 -20 1
237.4544 40.1500 -20 1
237.4677 40.1000 -20 1
237.4797 40.0500 -20 1
237.4900 40.0000 -20 1
237.4980 39.9500 -20 1
237.5000 39.9311 -20 1
237.5025 39.9000 -20 1
237.5040 39.8500 -20 1
237.5030 39.8000 -20 1
237.5000 39.7594 -20 1
237.4991 39.7500 -20 1
237.4910 39.7000 -20 1
237.4802 39.6500 -20 1
237.4670 39.6000 -20 1
> Contour Depth = -20
237.6500 42.3657 -20 2
237.6826 42.3500 -20 2
237.7000 42.3405 -20 2
237.7235 42.3000 -20 2
237.7494 42.2500 -20 2
237.7500 42.2486 -20 2
237.7610 42.2000 -20 2
237.7680 42.1500 -20 2
237.7692 42.1000 -20 2
237.7625 42.0500 -20 2
237.7500 42.0122 -20 2
237.7396 42.0000 -20 2
237.7000 41.9716 -20 2
237.6500 41.9822 -20 2
237.6312 42.0000 -20 2
237.6000 42.0391 -20 2
237.5947 42.0500 -20 2
237.5781 42.1000 -20 2
237.5687 42.1500 -20 2
237.5665 42.2000 -20 2
237.5717 42.2500 -20 2
237.5854 42.3000 -20 2
237.6000 42.3322 -20 2
237.6219 42.3500 -20 2
237.6500 42.3657 -20 2
> Contour Depth = -40
236.9149 49.9500 -40 3
236.9500 49.9041 -40 3
236.9531 49.9000 -40 3
236.9919 49.8500 -40 3
237.0000 49.8398 -40 3
237.0314 49.8000 -40 3
237.0500 49.7768 -40 3
237.0717 49.7500 -40 3
237.1000 49.7161 -40 3
237.1137 49.7000 -40 3
237.1500 49.6589 -40 3
237.1581 49.6500 -40 3
237.2000 49.6061 -40 3
237.2061 49.6000 -40 3
237.2500 49.5580 -40 3
237.2588 49.5500 -40 3
237.3000 49.5142 -40 3
237.3171 49.5000 -40 3
237.3500 49.4739 -40 3
237.3813 49.4500 -40 3
237.4000 49.4361 -40 3
237.4498 49.4000 -40 3
237.4500 49.3998 -40 3
237.5000 49.3654 -40 3
237.5219 49.3500 -40 3
237.5500 49.3303 -40 3
237.5914 49.3000 -40 3
237.6000 49.2936 -40 3
237.6500 49.2547 -40 3
237.6557 49.2500 -40 3
237.7000 49.2122 -40 3
237.7134 49.2000 -40 3
237.7500 49.1646 -40 3
237.7644 49.1500 -40 3
237.8000 49.1112 -40 3
237.8100 49.1000 -40 3
237.8500 49.0522 -40 3
237.8519 49.0500 -40 3
237.8921 49.0000 -40 3
237.9000 48.9898 -40 3
237.9314 48.9500 -40 3
237.9500 48.9258 -40 3
237.9703 48.9000 -40 3
238.0000 48.8614 -40 3
238.0090 48.8500 -40 3
238.0476 48.8000 -40 3
238.0500 48.7969 -40 3
238.0860 48.7500 -40 3
238.1000 48.7310 -40 3
238.1228 48.7000 -40 3
238.1500 48.6607 -40 3
238.1573 48.6500 -40 3
238.1901 48.6000 -40 3
238.2000 48.5840 -40 3
238.2209 48.5500 -40 3
238.2493 48.5000 -40 3
238.2500 48.4987 -40 3
238.2768 48.4500 -40 3
238.3000 48.4035 -40 3
238.3018 48.4000 -40 3
238.3261 48.3500 -40 3
238.3477 48.3000 -40 3
238.3500 48.2944 -40 3
238.3687 48.2500 -40 3
238.3873 48.2000 -40 3
238.4000 48.1613 -40 3
238.4039 48.1500 -40 3
238.4195 48.1000 -40 3
238.4329 48.0500 -40 3
238.4441 48.0000 -40 3
238.4500 47.9692 -40 3
238.4539 47.9500 -40 3
238.4625 47.9000 -40 3
238.4692 47.8500 -40 3
238.4742 47.8000 -40 3
238.4776 47.7500 -40 3
238.4795 47.7000 -40 3
238.4797 47.6500 -40 3
238.4782 47.6000 -40 3
238.4751 47.5500 -40 3
238.4703 47.5000 -40 3
238.4638 47.4500 -40 3
238.4557 47.4000 -40 3
238.4500 47.3710 -40 3
238.4462 47.3500 -40 3
238.4356 47.3000 -40 3
238.4237 47.2500 -40 3
238.4107 47.2000 -40 3
238.4000 47.1619 -40 3
238.3968 47.1500 -40 3
238.3828 47.1000 -40 3
238.3681 47.0500 -40 3
238.3529 47.0000 -40 3
238.3500 46.9909 -40 3
238.3378 46.9500 -40 3
238.3227 46.9000 -40 3
238.3075 46.8500 -40 3
238.3000 46.8254 -40 3
238.2925 46.8000 -40 3
238.2779 46.7500 -40 3
238.2633 46.7000 -40 3
238.2500 46.6541 -40 3
238.2488 46.6500 -40 3
238.2348 46.6000 -40 3
238.2208 46.5500 -40 3
238.2068 46.5000 -40 3
238.2000 46.4754 -40 3
238.1928 46.4500 -40 3
238.1788 46.4000 -40 3
238.1649 46.3500 -40 3
238.1510 46.3000 -40 3
238.1500 46.2961 -40 3
238.1369 46.2500 -40 3
238.1228 46.2000 -40 3
238.1089 46.1500 -40 3
238.1000 46.1167 -40 3
238.0947 46.1000 -40 3
238.0790 46.0500 -40 3
238.0619 46.0000 -40 3
238.0500 45.9687 -40 3
238.0407 45.9500 -40 3
238.0114 45.9000 -40 3
238.0000 45.8837 -40 3
237.9677 45.8500 -40 3
237.9500 45.8340 -40 3
237.9050 45.8000 -40 3
237.9000 45.7964 -40 3
237.8500 45.7571 -40 3
237.8427 45.7500 -40 3
237.8000 45.7039 -40 3
237.7973 45.7000 -40 3
237.7689 45.6500 -40 3
237.7500 45.6074 -40 3
237.7476 45.6000 -40 3
237.7353 45.5500 -40 3
237.7265 45.5000 -40 3
237.7206 45.4500 -40 3
237.7166 45.4000 -40 3
237.7141 45.3500 -40 3
237.7124 45.3000 -40 3
237.7114 45.2500 -40 3
237.7108 45.2000 -40 3
237.7106 45.1500 -40 3
237.7106 45.1000 -40 3
237.7110 45.0500 -40 3
237.7118 45.0000 -40 3
237.7131 44.9500 -40 3
237.7149 44.9000 -40 3
237.7172 44.8500 -40 3
237.7201 44.8000 -40 3
237.7235 44.7500 -40 3
237.7274 44.7000 -40 3
237.7318 44.6500 -40 3
237.7366 44.6000 -40 3
237.7418 44.5500 -40 3
237.7473 44.5000 -40 3
237.7500 44.4764 -40 3
237.7532 44.4500 -40 3
237.7593 44.4000 -40 3
237.7656 44.3500 -40 3
237.7718 44.3000 -40 3
237.7779 44.2500 -40 3
237.7836 44.2000 -40 3
237.7889 44.1500 -40 3
237.7935 44.1000 -40 3
237.7972 44.0500 -40 3
237.7999 44.0000 -40 3
237.8000 43.9965 -40 3
237.8015 43.9500 -40 3
237.8020 43.9000 -40 3
237.8015 43.8500 -40 3
237.8004 43.8000 -40 3
237.8000 43.7884 -40 3
237.7988 43.7500 -40 3
237.7973 43.7000 -40 3
237.7963 43.6500 -40 3
237.7963 43.6000 -40 3
237.7977 43.5500 -40 3
237.8000 43.5171 -40 3
237.8011 43.5000 -40 3
237.8064 43.4500 -40 3
237.8141 43.4000 -40 3
237.8244 43.3500 -40 3
237.8374 43.3000 -40 3
237.8500 43.2596 -40 3
237.8526 43.2500 -40 3
237.8679 43.2000 -40 3
237.8847 43.1500 -40 3
237.9000 43.1070 -40 3
237.9021 43.1000 -40 3
237.9182 43.0500 -40 3
237.9343 43.0000 -40 3
237.9500 42.9500 -40 3
237.9500 42.9500 -40 3
237.9641 42.9000 -40 3
237.9776 42.8500 -40 3
237.9904 42.8000 -40 3
238.0000 42.7608 -40 3
238.0025 42.7500 -40 3
238.0139 42.7000 -40 3
238.0248 42.6500 -40 3
238.0353 42.6000 -40 3
238.0456 42.5500 -40 3
238.0500 42.5286 -40 3
238.0558 42.5000 -40 3
238.0659 42.4500 -40 3
238.0759 42.4000 -40 3
238.0857 42.3500 -40 3
238.0951 42.3000 -40 3
238.1000 42.2732 -40 3
238.1043 42.2500 -40 3
238.1128 42.2000 -40 3
238.1203 42.1500 -40 3
238.1263 42.1000 -40 3
238.1307 42.0500 -40 3
238.1329 42.0000 -40 3
238.1326 41.9500 -40 3
238.1296 41.9000 -40 3
238.1237 41.8500 -40 3
238.1148 41.8000 -40 3
238.1030 41.7500 -40 3
238.1000 41.7397 -40 3
238.0882 41.7000 -40 3
238.0706 41.6500 -40 3
238.0504 41.6000 -40 3
238.0500 41.5991 -40 3
238.0272 41.5500 -40 3
238.0019 41.5000 -40 3
238.0000 41.4962 -40 3
237.9740 41.4500 -40 3
237.9500 41.4078 -40 3
237.9451 41.4000 -40 3
237.9153 41.3500 -40 3
237.9000 41.3220 -40 3
237.8868 41.3000 -40 3
237.8610 41.2500 -40 3
237.8500 41.2240 -40 3
237.8392 41.2000 -40 3
237.8222 41.1500 -40 3
237.8109 41.1000 -40 3
237.8045 41.0500 -40 3
237.8023 41.0000 -40 3
237.8038 40.9500 -40 3
237.8082 40.9000 -40 3
237.8148 40.8500 -40 3
237.8231 40.8000 -40 3
237.8326 40.7500 -40 3
237.8429 40.7000 -40 3
237.8500 40.6677 -40 3
237.8537 40.6500 -40 3
237.8648 40.6000 -40 3
237.8759 40.5500 -40 3
237.8872 40.5000 -40 3
237.8985 40.4500 -40 3
237.9000 40.4434 -40 3
237.9099 40.4000 -40 3
237.9213 40.3500 -40 3
237.9325 40.3000 -40 3
237.9436 40.2500 -40 3
237.9500 40.2201 -40 3
237.9544 40.2000 -40 3
237.9648 40.1500 -40 3
237.9745 40.1000 -40 3
237.9833 40.0500 -40 3
237.9909 40.0000 -40 3
237.9973 39.9500 -40 3
238.0000 39.9222 -40 3
238.0022 39.9000 -40 3
238.0056 39.8500 -40 3
238.0072 39.8000 -40 3
238.0070 39.7500 -40 3
238.0049 39.7000 -40 3
238.0011 39.6500 -40 3
238.0000 39.6402 -40 3
237.9956 39.6000 -40 3
237.9887 39.5500 -40 3
237.9805 39.5000 -40 3
237.9711 39.4500 -40 3
237.9609 39.4000 -40 3
> Contour Depth = -40
241.0413 47.4500 -40 4
241.0318 47.4000 -40 4
241.0150 47.3500 -40 4
241.0000 47.3179 -40 4
240.9877 47.3000 -40 4
240.9500 47.2543 -40 4
240.9441 47.2500 -40 4
240.9000 47.2187 -40 4
240.8500 47.2019 -40 4
240.8000 47.2002 -40 4
240.7500 47.2123 -40 4
240.7000 47.2379 -40 4
240.6844 47.2500 -40 4
240.6500 47.2749 -40 4
240.6240 47.3000 -40 4
240.6000 47.3223 -40 4
240.5759 47.3500 -40 4
240.5500 47.3798 -40 4
240.5350 47.4000 -40 4
240.5000 47.4496 -40 4
240.4997 47.4500 -40 4
240.4708 47.5000 -40 4
240.4500 47.5425 -40 4
240.4466 47.5500 -40 4
240.4288 47.6000 -40 4
240.4171 47.6500 -40 4
240.4122 47.7000 -40 4
240.4151 47.7500 -40 4
240.4271 47.8000 -40 4
240.4500 47.8500 -40 4
240.4500 47.8500 -40 4
240.4917 47.9000 -40 4
240.5000 47.9073 -40 4
240.5500 47.9382 -40 4
240.5853 47.9500 -40 4
240.6000 47.9541 -40 4
240.6500 47.9580 -40 4
240.7000 47.9522 -40 4
240.7072 47.9500 -40 4
240.7500 47.9371 -40 4
240.8000 47.9138 -40 4
240.8219 47.9000 -40 4
240.8500 47.8813 -40 4
> Contour Depth = -60
240.1161 49.5500 -60 5
240.1500 49.5213 -60 5
240.1721 49.5000 -60 5
240.2000 49.4706 -60 5
240.2173 49.4500 -60 5
240.2500 49.4079 -60 5
240.2556 49.4000 -60 5
240.2884 49.3500 -60 5
240.3000 49.3313 -60 5
240.3182 49.3000 -60 5
240.3463 49.2500 -60 5
240.3500 49.2433 -60 5
240.3727 49.2000 -60 5
240.3995 49.1500 -60 5
240.4000 49.1491 -60 5
240.4255 49.1000 -60 5
240.4500 49.0560 -60 5
240.4533 49.0500 -60 5
240.4814 49.0000 -60 5
240.5000 48.9697 -60 5
240.5120 48.9500 -60 5
240.5448 48.9000 -60 5
240.5500 48.8926 -60 5
240.5797 48.8500 -60 5
240.6000 48.8236 -60 5
240.6180 48.8000 -60 5
240.6500 48.7611 -60 5
240.6592 48.7500 -60 5
240.7000 48.7033 -60 5
240.7028 48.7000 -60 5
240.7484 48.6500 -60 5
240.7500 48.6483 -60 5
240.7954 48.6000 -60 5
240.8000 48.5953 -60 5
240.8433 48.5500 -60 5
240.8500 48.5432 -60 5
240.8918 48.5000 -60 5
240.9000 48.4918 -60 5
240.9407 48.4500 -60 5
240.9500 48.4407 -60 5
240.9898 48.4000 -60 5
241.0000 48.3898 -60 5
241.0389 48.3500 -60 5
> Contour Depth = -60
240.5500 40.8480 -60 6
240.5472 40.8500 -60 6
240.5000 40.8793 -60 6
240.4721 40.9000 -60 6
240.4500 40.9139 -60 6
240.4000 40.9496 -60 6
240.3995 40.9500 -60 6
240.3500 40.9831 -60 6
240.3264 41.0000 -60 6
240.3000 41.0161 -60 6
240.2500 41.0483 -60 6
240.2475 41.0500 -60 6
240.2000 41.0782 -60 6
240.1651 41.1000 -60 6
240.1500 41.1084 -60 6
240.1000 41.1378 -60 6
240.0803 41.1500 -60 6
240.0500 41.1672 -60 6
240.0000 41.1976 -60 6
239.9962 41.2000 -60 6
239.9500 41.2278 -60 6
239.9155 41.2500 -60 6
239.9000 41.2596 -60 6
239.8500 41.2925 -60 6
239.8391 41.3000 -60 6
239.8000 41.3265 -60 6
239.7672 41.3500 -60 6
239.7500 41.3623 -60 6
239.7000 41.3995 -60 6
239.6993 41.4000 -60 6
239.6500 41.4374 -60 6
239.6334 41.4500 -60 6
239.6000 41.4760 -60 6
239.5686 41.5000 -60 6
239.5500 41.5146 -60 6
239.5025 41.5500 -60 6
239.5000 41.5519 -60 6
239.4500 41.5859 -60 6
239.4258 41.6000 -60 6
239.4000 41.6155 -60 6
239.3500 41.6385 -60 6
239.3108 41.6500 -60 6
239.3000 41.6533 -60 6
239.2500 41.6586 -60 6
239.2000 41.6540 -60 6
239.1855 41.6500 -60 6
239.1500 41.6399 -60 6
239.1000 41.6178 -60 6
239.0675 41.6000 -60 6
239.0500 41.5900 -60 6
239.0000 41.5590 -60 6
238.9857 41.5500 -60 6
238.9500 41.5267 -60 6
238.9069 41.5000 -60 6
238.9000 41.4955 -60 6
238.8500 41.4666 -60 6
238.8142 41.4500 -60 6
238.8000 41.4425 -60 6
238.7500 41.4261 -60 6
238.7000 41.4241 -60 6
238.6515 41.4500 -60 6
238.6500 41.4509 -60 6
238.6192 41.5000 -60 6
238.6000 41.5419 -60 6
238.5978 41.5500 -60 6
238.5860 41.6000 -60 6
238.5764 41.6500 -60 6
238.5686 41.7000 -60 6
238.5616 41.7500 -60 6
238.5552 41.8000 -60 6
238.5500 41.8402 -60 6
238.5490 41.8500 -60 6
238.5437 41.9000 -60 6
238.5379 41.9500 -60 6
238.5316 42.0000 -60 6
238.5247 42.0500 -60 6
238.5174 42.1000 -60 6
238.5098 42.1500 -60 6
238.5019 42.2000 -60 6
238.5000 42.2124 -60 6
238.4951 42.2500 -60 6
238.4887 42.3000 -60 6
238.4825 42.3500 -60 6
238.4765 42.4000 -60 6
238.4707 42.4500 -60 6
238.4651 42.5000 -60 6
238.4595 42.5500 -60 6
238.4540 42.6000 -60 6
238.4500 42.6353 -60 6
238.4486 42.6500 -60 6
238.4438 42.7000 -60 6
238.4388 42.7500 -60 6
238.4336 42.8000 -60 6
238.4281 42.8500 -60 6
238.4225 42.9000 -60 6
238.4166 42.9500 -60 6
238.4107 43.0000 -60 6
238.4049 43.0500 -60 6
238.4000 43.0942 -60 6
238.3994 43.1000 -60 6
238.3950 43.1500 -60 6
238.3911 43.2000 -60 6
238.3879 43.2500 -60 6
238.3855 43.3000 -60 6
238.3839 43.3500 -60 6
238.3833 43.4000 -60 6
238.3835 43.4500 -60 6
238.3846 43.5000 -60 6
238.3863 43.5500 -60 6
238.3883 43.6000 -60 6
238.3905 43.6500 -60 6
238.3924 43.7000 -60 6
238.3937 43.7500 -60 6
238.3941 43.8000 -60 6
238.3932 43.8500 -60 6
238.3908 43.9000 -60 6
238.3869 43.9500 -60 6
238.3812 44.0000 -60 6
238.3738 44.0500 -60 6
238.3649 44.1000 -60 6
238.3548 44.1500 -60 6
238.3500 44.1721 -60 6
238.3443 44.2000 -60 6
238.3338 44.2500 -60 6
238.3235 44.3000 -60 6
238.3140 44.3500 -60 6
238.3061 44.4000 -60 6
238.3005 44.4500 -60 6
238.3000 44.4604 -60 6
238.2983 44.5000 -60 6
238.2998 44.5500 -60 6
238.3000 44.5517 -60 6
238.3063 44.6000 -60 6
238.3183 44.6500 -60 6
238.3360 44.7000 -60 6
238.3500 44.7301 -60 6
238.3600 44.7500 -60 6
238.3899 44.8000 -60 6
238.4000 44.8148 -60 6
238.4243 44.8500 -60 6
238.4500 44.8849 -60 6
238.4609 44.9000 -60 6
238.4977 44.9500 -60 6
238.5000 44.9530 -60 6
238.5334 45.0000 -60 6
238.5500 45.0241 -60 6
238.5671 45.0500 -60 6
238.5983 45.1000 -60 6
238.6000 45.1029 -60 6
238.6275 45.1500 -60 6
238.6500 45.1922 -60 6
238.6542 45.2000 -60 6
238.6791 45.2500 -60 6
238.7000 45.2973 -60 6
238.7013 45.3000 -60 6
238.7223 45.3500 -60 6
238.7406 45.4000 -60 6
238.7500 45.4295 -60 6
238.7572 45.4500 -60 6
238.7723 45.5000 -60 6
238.7850 45.5500 -60 6
238.7955 45.6000 -60 6
238.8000 45.6276 -60 6
238.8044 45.6500 -60 6
238.8115 45.7000 -60 6
238.8163 45.7500 -60 6
238.8185 45.8000 -60 6
238.8181 45.8500 -60 6
238.8150 45.9000 -60 6
238.8091 45.9500 -60 6
238.8006 46.0000 -60 6
238.8000 46.0028 -60 6
238.7917 46.0500 -60 6
238.7820 46.1000 -60 6
238.7724 46.1500 -60 6
238.7640 46.2000 -60 6
238.7581 46.2500 -60 6
238.7555 46.3000 -60 6
238.7571 46.3500 -60 6
238.7629 46.4000 -60 6
238.7729 46.4500 -60 6
238.7865 46.5000 -60 6
238.8000 46.5404 -60 6
238.8038 46.5500 -60 6
238.8268 46.6000 -60 6
238.8500 46.6476 -60 6
238.8514 46.6500 -60 6
238.8819 46.7000 -60 6
238.9000 46.7296 -60 6
238.9144 46.7500 -60 6
238.9491 46.8000 -60 6
238.9500 46.8014 -60 6
238.9884 46.8500 -60 6
239.0000 46.8653 -60 6
239.0302 46.9000 -60 6
239.0500 46.9240 -60 6
239.0749 46.9500 -60 6
239.1000 46.9776 -60 6
239.1244 47.0000 -60 6
239.1500 47.0249 -60 6
239.1822 47.0500 -60 6
239.2000 47.0645 -60 6
239.2500 47.0947 -60 6
239.2651 47.1000 -60 6
239.3000 47.1127 -60 6
239.3500 47.1163 -60 6
239.4000 47.1022 -60 6
239.4033 47.1000 -60 6
239.4500 47.0623 -60 6
239.4595 47.0500 -60 6
239.4901 47.0000 -60 6
239.5000 46.9783 -60 6
239.5100 46.9500 -60 6
239.5230 46.9000 -60 6
239.5319 46.8500 -60 6
239.5376 46.8000 -60 6
239.5409 46.7500 -60 6
239.5425 46.7000 -60 6
239.5430 46.6500 -60 6
239.5429 46.6000 -60 6
239.5427 46.5500 -60 6
239.5429 46.5000 -60 6
239.5439 46.4500 -60 6
239.5463 46.4000 -60 6
239.5500 46.3542 -60 6
239.5503 46.3500 -60 6
239.5560 46.3000 -60 6
239.5640 46.2500 -60 6
239.5743 46.2000 -60 6
239.5871 46.1500 -60 6
239.6000 46.1070 -60 6
239.6019 46.1000 -60 6
239.6172 46.0500 -60 6
239.6338 46.0000 -60 6
239.6500 45.9532 -60 6
239.6510 45.9500 -60 6
239.6670 45.9000 -60 6
239.6826 45.8500 -60 6
239.6976 45.8000 -60 6
239.7000 45.7915 -60 6
239.7107 45.7500 -60 6
239.7223 45.7000 -60 6
239.7323 45.6500 -60 6
239.7405 45.6000 -60 6
239.7469 45.5500 -60 6
239.7500 45.5135 -60 6
239.7511 45.5000 -60 6
239.7531 45.4500 -60 6
239.7531 45.4000 -60 6
239.7508 45.3500 -60 6
239.7500 45.3409 -60 6
239.7463 45.3000 -60 6
239.7396 45.2500 -60 6
239.7307 45.2000 -60 6
239.7197 45.1500 -60 6
239.7067 45.1000 -60 6
239.7000 45.0775 -60 6
239.6918 45.0500 -60 6
239.6754 45.0000 -60 6
239.6577 44.9500 -60 6
239.6500 44.9292 -60 6
239.6392 44.9000 -60 6
239.6205 44.8500 -60 6
239.6021 44.8000 -60 6
239.6000 44.7940 -60 6
239.5847 44.7500 -60 6
239.5693 44.7000 -60 6
239.5564 44.6500 -60 6
239.5500 44.6153 -60 6
239.5471 44.6000 -60 6
239.5424 44.5500 -60 6
239.5430 44.5000 -60 6
239.5500 44.4500 -60 6
239.5500 44.4498 -60 6
239.5648 44.4000 -60 6
239.5886 44.3500 -60 6
239.6000 44.3324 -60 6
239.6245 44.3000 -60 6
239.6500 44.2735 -60 6
239.6774 44.2500 -60 6
239.7000 44.2336 -60 6
239.7500 44.2043 -60 6
239.7590 44.2000 -60 6
239.8000 44.1822 -60 6
239.8500 44.1649 -60 6
239.9000 44.1511 -60 6
239.9046 44.1500 -60 6
239.9500 44.1399 -60 6
240.0000 44.1306 -60 6
240.0500 44.1225 -60 6
240.1000 44.1152 -60 6
> Contour Depth = -60
239.7234 38.7500 -60 7
239.7473 38.8000 -60 7
239.7500 38.8051 -60 7
239.7736 38.8500 -60 7
239.8000 38.8962 -60 7
239.8022 38.9000 -60 7
239.8331 38.9500 -60 7
239.8500 38.9758 -60 7
239.8662 39.0000 -60 7
239.9000 39.0479 -60 7
239.9016 39.0500 -60 7
239.9405 39.1000 -60 7
239.9500 39.1118 -60 7
239.9839 39.1500 -60 7
240.0000 39.1673 -60 7
240.0346 39.2000 -60 7
240.0500 39.2139 -60 7
240.0977 39.2500 -60 7
240.1000 39.2517 -60 7
240.1500 39.2816 -60 7
240.1889 39.3000 -60 7
240.2000 39.3050 -60 7
240.2500 39.3231 -60 7
240.3000 39.3370 -60 7
240.3500 39.3476 -60 7
240.3640 39.3500 -60 7
240.4000 39.3560 -60 7
240.4500 39.3627 -60 7
240.5000 39.3684 -60 7
240.5500 39.3736 -60 7
240.6000 39.3787 -60 7
240.6500 39.3841 -60 7
240.7000 39.3901 -60 7
