> Contour Depth = -20
124.3000 7.6923 -20 1
124.2740 7.7000 -20 1
124.2500 7.7107 -20 1
124.2000 7.7337 -20 1
124.1660 7.7500 -20 1
124.1500 7.7656 -20 1
124.1154 7.8000 -20 1
124.1140 7.8500 -20 1
124.1500 7.8933 -20 1
124.1555 7.9000 -20 1
124.2000 7.9268 -20 1
124.2414 7.9500 -20 1
124.2500 7.9533 -20 1
> Contour Depth = -20
123.5000 7.1473 -20 2
123.5027 7.1500 -20 2
123.5500 7.1974 -20 2
123.5526 7.2000 -20 2
123.6000 7.2474 -20 2
123.6500 7.2472 -20 2
123.6528 7.2500 -20 2
123.7000 7.2974 -20 2
123.7026 7.3000 -20 2
123.7500 7.3475 -20 2
123.8000 7.3473 -20 2
123.8027 7.3500 -20 2
123.8500 7.3975 -20 2
123.9000 7.3974 -20 2
123.9500 7.3972 -20 2
123.9528 7.4000 -20 2
124.0000 7.4475 -20 2
124.0500 7.4474 -20 2
124.1000 7.4473 -20 2
124.1500 7.4473 -20 2
124.2000 7.4472 -20 2
124.2500 7.4472 -20 2
124.3000 7.4473 -20 2
124.3500 7.4474 -20 2
124.4000 7.4476 -20 2
124.4473 7.4000 -20 2
124.4500 7.3973 -20 2
> Contour Depth = -20
123.3500 6.4474 -20 3
123.3526 6.4500 -20 3
123.4000 6.4972 -20 3
123.4028 6.5000 -20 3
123.4026 6.5500 -20 3
123.4026 6.6000 -20 3
123.4026 6.6500 -20 3
123.4027 6.7000 -20 3
123.4028 6.7500 -20 3
123.4000 6.7528 -20 3
123.3523 6.8000 -20 3
123.3524 6.8500 -20 3
123.3524 6.9000 -20 3
123.3523 6.9500 -20 3
123.4000 6.9973 -20 3
123.4027 7.0000 -20 3
> Contour Depth = -40
123.5000 7.1445 -40 4
123.5055 7.1500 -40 4
123.5500 7.1946 -40 4
123.5554 7.2000 -40 4
123.6000 7.2447 -40 4
123.6500 7.2444 -40 4
123.6556 7.2500 -40 4
123.7000 7.2946 -40 4
123.7054 7.3000 -40 4
123.7500 7.3447 -40 4
123.8000 7.3445 -40 4
123.8055 7.3500 -40 4
123.8500 7.3947 -40 4
123.9000 7.3946 -40 4
123.9500 7.3944 -40 4
123.9556 7.4000 -40 4
124.0000 7.4447 -40 4
124.0500 7.4446 -40 4
124.1000 7.4445 -40 4
124.1500 7.4445 -40 4
124.2000 7.4444 -40 4
124.2500 7.4444 -40 4
124.3000 7.4445 -40 4
124.3500 7.4446 -40 4
124.4000 7.4448 -40 4
124.4445 7.4000 -40 4
124.4500 7.3945 -40 4
> Contour Depth = -40
123.3500 6.4446 -40 5
123.3554 6.4500 -40 5
123.4000 6.4944 -40 5
123.4056 6.5000 -40 5
123.4054 6.5500 -40 5
123.4054 6.6000 -40 5
123.4054 6.6500 -40 5
123.4055 6.7000 -40 5
123.4056 6.7500 -40 5
123.4000 6.7555 -40 5
123.3551 6.8000 -40 5
123.3552 6.8500 -40 5
123.3552 6.9000 -40 5
123.3551 6.9500 -40 5
123.4000 6.9946 -40 5
123.4055 7.0000 -40 5
> Contour Depth = -60
123.5000 7.1417 -60 6
123.5083 7.1500 -60 6
123.5500 7.1918 -60 6
123.5582 7.2000 -60 6
123.6000 7.2419 -60 6
123.6500 7.2416 -60 6
123.6584 7.2500 -60 6
123.7000 7.2918 -60 6
123.7082 7.3000 -60 6
123.7500 7.3419 -60 6
123.8000 7.3417 -60 6
123.8082 7.3500 -60 6
123.8500 7.3919 -60 6
123.9000 7.3918 -60 6
123.9500 7.3916 -60 6
123.9583 7.4000 -60 6
124.0000 7.4419 -60 6
124.0500 7.4418 -60 6
124.1000 7.4417 -60 6
124.1500 7.4417 -60 6
124.2000 7.4416 -60 6
124.2500 7.4416 -60 6
124.3000 7.4417 -60 6
124.3500 7.4418 -60 6
124.4000 7.4420 -60 6
124.4417 7.4000 -60 6
124.4500 7.3917 -60 6
> Contour Depth = -60
123.3500 6.4418 -60 7
123.3582 6.4500 -60 7
123.4000 6.4916 -60 7
123.4084 6.5000 -60 7
123.4083 6.5500 -60 7
123.4082 6.6000 -60 7
123.4082 6.6500 -60 7
123.4083 6.7000 -60 7
123.4084 6.7500 -60 7
123.4000 6.7583 -60 7
123.3579 6.8000 -60 7
123.3580 6.8500 -60 7
123.3580 6.9000 -60 7
123.3579 6.9500 -60 7
123.4000 6.9918 -60 7
123.4083 7.0000 -60 7
> Contour Depth = -80
123.5000 7.1389 -80 8
123.5111 7.1500 -80 8
123.5500 7.1890 -80 8
123.5610 7.2000 -80 8
123.6000 7.2391 -80 8
123.6500 7.2388 -80 8
123.6611 7.2500 -80 8
123.7000 7.2890 -80 8
123.7110 7.3000 -80 8
123.7500 7.3391 -80 8
123.8000 7.3389 -80 8
123.8110 7.3500 -80 8
123.8500 7.3891 -80 8
123.9000 7.3890 -80 8
123.9500 7.3888 -80 8
123.9611 7.4000 -80 8
124.0000 7.4391 -80 8
124.0500 7.4390 -80 8
124.1000 7.4389 -80 8
124.1500 7.4388 -80 8
124.2000 7.4388 -80 8
124.2500 7.4388 -80 8
124.3000 7.4389 -80 8
124.3500 7.4390 -80 8
124.4000 7.4392 -80 8
124.4389 7.4000 -80 8
124.4500 7.3889 -80 8
> Contour Depth = -80
123.3500 6.4390 -80 9
123.3610 6.4500 -80 9
123.4000 6.4888 -80 9
123.4112 6.5000 -80 9
123.4111 6.5500 -80 9
123.4110 6.6000 -80 9
123.4110 6.6500 -80 9
123.4111 6.7000 -80 9
123.4112 6.7500 -80 9
123.4000 6.7611 -80 9
123.3607 6.8000 -80 9
123.3608 6.8500 -80 9
123.3608 6.9000 -80 9
123.3607 6.9500 -80 9
123.4000 6.9890 -80 9
123.4111 7.0000 -80 9
> Contour Depth = -100
123.5000 7.1361 -100 10
123.5138 7.1500 -100 10
123.5500 7.1862 -100 10
123.5638 7.2000 -100 10
123.6000 7.2363 -100 10
123.6500 7.2360 -100 10
123.6639 7.2500 -100 10
123.7000 7.2862 -100 10
123.7138 7.3000 -100 10
123.7500 7.3363 -100 10
123.8000 7.3361 -100 10
123.8138 7.3500 -100 10
123.8500 7.3863 -100 10
123.9000 7.3862 -100 10
123.9500 7.3860 -100 10
123.9639 7.4000 -100 10
124.0000 7.4363 -100 10
124.0500 7.4362 -100 10
124.1000 7.4361 -100 10
124.1500 7.4360 -100 10
124.2000 7.4360 -100 10
124.2500 7.4360 -100 10
124.3000 7.4361 -100 10
124.3500 7.4362 -100 10
124.4000 7.4364 -100 10
124.4362 7.4000 -100 10
124.4500 7.3861 -100 10
> Contour Depth = -100
123.3500 6.4362 -100 11
123.3638 6.4500 -100 11
123.4000 6.4860 -100 11
123.4140 6.5000 -100 11
123.4139 6.5500 -100 11
123.4138 6.6000 -100 11
123.4138 6.6500 -100 11
123.4139 6.7000 -100 11
123.4140 6.7500 -100 11
123.4000 6.7639 -100 11
123.3636 6.8000 -100 11
123.3636 6.8500 -100 11
123.3636 6.9000 -100 11
123.3635 6.9500 -100 11
123.4000 6.9862 -100 11
123.4139 7.0000 -100 11
> Contour Depth = -120
123.5000 7.1334 -120 12
123.5166 7.1500 -120 12
123.5500 7.1834 -120 12
123.5666 7.2000 -120 12
123.6000 7.2335 -120 12
123.6500 7.2332 -120 12
123.6667 7.2500 -120 12
123.7000 7.2834 -120 12
123.7166 7.3000 -120 12
123.7500 7.3335 -120 12
123.8000 7.3333 -120 12
123.8166 7.3500 -120 12
123.8500 7.3835 -120 12
123.9000 7.3834 -120 12
123.9500 7.3832 -120 12
123.9667 7.4000 -120 12
124.0000 7.4335 -120 12
124.0500 7.4334 -120 12
124.1000 7.4333 -120 12
124.1500 7.4332 -120 12
124.2000 7.4332 -120 12
124.2500 7.4332 -120 12
124.3000 7.4333 -120 12
124.3500 7.4334 -120 12
124.4000 7.4336 -120 12
124.4334 7.4000 -120 12
124.4500 7.3833 -120 12
> Contour Depth = -120
123.3500 6.4334 -120 13
123.3666 6.4500 -120 13
123.4000 6.4833 -120 13
123.4168 6.5000 -120 13
123.4167 6.5500 -120 13
123.4166 6.6000 -120 13
123.4166 6.6500 -120 13
123.4167 6.7000 -120 13
123.4168 6.7500 -120 13
123.4000 6.7667 -120 13
123.3664 6.8000 -120 13
123.3664 6.8500 -120 13
123.3664 6.9000 -120 13
123.3663 6.9500 -120 13
123.4000 6.9834 -120 13
123.4167 7.0000 -120 13
> Contour Depth = -140
123.5000 7.1306 -140 14
123.5194 7.1500 -140 14
123.5500 7.1806 -140 14
123.5694 7.2000 -140 14
123.6000 7.2307 -140 14
123.6500 7.2304 -140 14
123.6695 7.2500 -140 14
123.7000 7.2806 -140 14
123.7194 7.3000 -140 14
123.7500 7.3307 -140 14
123.8000 7.3305 -140 14
123.8194 7.3500 -140 14
123.8500 7.3807 -140 14
123.9000 7.3806 -140 14
123.9500 7.3804 -140 14
123.9695 7.4000 -140 14
124.0000 7.4307 -140 14
124.0500 7.4306 -140 14
124.1000 7.4305 -140 14
124.1500 7.4304 -140 14
124.2000 7.4304 -140 14
124.2500 7.4304 -140 14
124.3000 7.4305 -140 14
124.3500 7.4306 -140 14
124.4000 7.4308 -140 14
124.4306 7.4000 -140 14
124.4500 7.3805 -140 14
> Contour Depth = -140
123.3500 6.4306 -140 15
123.3694 6.4500 -140 15
123.4000 6.4805 -140 15
123.4196 6.5000 -140 15
123.4195 6.5500 -140 15
123.4194 6.6000 -140 15
123.4194 6.6500 -140 15
123.4195 6.7000 -140 15
123.4196 6.7500 -140 15
123.4000 6.7694 -140 15
123.3692 6.8000 -140 15
123.3692 6.8500 -140 15
123.3692 6.9000 -140 15
123.3691 6.9500 -140 15
123.4000 6.9806 -140 15
123.4195 7.0000 -140 15
> Contour Depth = -160
123.5000 7.1278 -160 16
123.5222 7.1500 -160 16
123.5500 7.1778 -160 16
123.5722 7.2000 -160 16
123.6000 7.2279 -160 16
123.6500 7.2276 -160 16
123.6723 7.2500 -160 16
123.7000 7.2778 -160 16
123.7222 7.3000 -160 16
123.7500 7.3279 -160 16
123.8000 7.3277 -160 16
123.8222 7.3500 -160 16
123.8500 7.3779 -160 16
123.9000 7.3778 -160 16
123.9500 7.3776 -160 16
123.9723 7.4000 -160 16
124.0000 7.4279 -160 16
124.0500 7.4278 -160 16
124.1000 7.4277 -160 16
124.1500 7.4276 -160 16
124.2000 7.4276 -160 16
124.2500 7.4276 -160 16
124.3000 7.4277 -160 16
124.3500 7.4278 -160 16
124.4000 7.4279 -160 16
124.4278 7.4000 -160 16
124.4500 7.3777 -160 16
> Contour Depth = -160
123.3500 6.4278 -160 17
123.3722 6.4500 -160 17
123.4000 6.4777 -160 17
123.4224 6.5000 -160 17
123.4223 6.5500 -160 17
123.4222 6.6000 -160 17
123.4222 6.6500 -160 17
123.4223 6.7000 -160 17
123.4224 6.7500 -160 17
123.4000 6.7722 -160 17
123.3720 6.8000 -160 17
123.3720 6.8500 -160 17
123.3720 6.9000 -160 17
123.3719 6.9500 -160 17
123.4000 6.9778 -160 17
123.4223 7.0000 -160 17
> Contour Depth = -180
123.5000 7.1250 -180 18
123.5250 7.1500 -180 18
123.5500 7.1750 -180 18
123.5750 7.2000 -180 18
123.6000 7.2251 -180 18
123.6500 7.2248 -180 18
123.6751 7.2500 -180 18
123.7000 7.2750 -180 18
123.7249 7.3000 -180 18
123.7500 7.3251 -180 18
123.8000 7.3249 -180 18
123.8250 7.3500 -180 18
123.8500 7.3751 -180 18
123.9000 7.3750 -180 18
123.9500 7.3748 -180 18
123.9751 7.4000 -180 18
124.0000 7.4251 -180 18
124.0500 7.4250 -180 18
124.1000 7.4249 -180 18
124.1500 7.4248 -180 18
124.2000 7.4248 -180 18
124.2500 7.4248 -180 18
124.3000 7.4248 -180 18
124.3500 7.4250 -180 18
124.4000 7.4251 -180 18
124.4250 7.4000 -180 18
124.4500 7.3749 -180 18
> Contour Depth = -180
123.3500 6.4250 -180 19
123.3750 6.4500 -180 19
123.4000 6.4749 -180 19
123.4252 6.5000 -180 19
123.4251 6.5500 -180 19
123.4250 6.6000 -180 19
123.4250 6.6500 -180 19
123.4251 6.7000 -180 19
123.4252 6.7500 -180 19
123.4000 6.7750 -180 19
123.3748 6.8000 -180 19
123.3748 6.8500 -180 19
123.3748 6.9000 -180 19
123.3747 6.9500 -180 19
123.4000 6.9751 -180 19
123.4251 7.0000 -180 19
> Contour Depth = -200
123.5000 7.1222 -200 20
123.5278 7.1500 -200 20
123.5500 7.1722 -200 20
123.5778 7.2000 -200 20
123.6000 7.2223 -200 20
123.6500 7.2221 -200 20
123.6779 7.2500 -200 20
123.7000 7.2722 -200 20
123.7277 7.3000 -200 20
123.7500 7.3223 -200 20
123.8000 7.3221 -200 20
123.8278 7.3500 -200 20
123.8500 7.3723 -200 20
123.9000 7.3722 -200 20
123.9500 7.3720 -200 20
123.9778 7.4000 -200 20
124.0000 7.4223 -200 20
124.0500 7.4222 -200 20
124.1000 7.4221 -200 20
124.1500 7.4220 -200 20
124.2000 7.4220 -200 20
124.2500 7.4220 -200 20
124.3000 7.4220 -200 20
124.3500 7.4222 -200 20
124.4000 7.4223 -200 20
124.4222 7.4000 -200 20
124.4500 7.3721 -200 20
> Contour Depth = -200
123.3500 6.4222 -200 21
123.3778 6.4500 -200 21
123.4000 6.4721 -200 21
123.4280 6.5000 -200 21
123.4279 6.5500 -200 21
123.4278 6.6000 -200 21
123.4278 6.6500 -200 21
123.4279 6.7000 -200 21
123.4280 6.7500 -200 21
123.4000 6.7778 -200 21
123.3776 6.8000 -200 21
123.3776 6.8500 -200 21
123.3776 6.9000 -200 21
123.3776 6.9500 -200 21
123.4000 6.9723 -200 21
123.4279 7.0000 -200 21
> Contour Depth = -220
123.5000 7.1194 -220 22
123.5306 7.1500 -220 22
123.5500 7.1694 -220 22
123.5806 7.2000 -220 22
123.6000 7.2195 -220 22
123.6500 7.2193 -220 22
123.6807 7.2500 -220 22
123.7000 7.2694 -220 22
123.7305 7.3000 -220 22
123.7500 7.3195 -220 22
123.8000 7.3193 -220 22
123.8305 7.3500 -220 22
123.8500 7.3695 -220 22
123.9000 7.3694 -220 22
123.9500 7.3692 -220 22
123.9806 7.4000 -220 22
124.0000 7.4195 -220 22
124.0500 7.4194 -220 22
124.1000 7.4193 -220 22
124.1500 7.4192 -220 22
124.2000 7.4192 -220 22
124.2500 7.4192 -220 22
124.3000 7.4192 -220 22
124.3500 7.4193 -220 22
124.4000 7.4195 -220 22
124.4194 7.4000 -220 22
124.4500 7.3693 -220 22
> Contour Depth = -220
123.3500 6.4194 -220 23
123.3806 6.4500 -220 23
123.4000 6.4693 -220 23
123.4308 6.5000 -220 23
123.4307 6.5500 -220 23
123.4306 6.6000 -220 23
123.4306 6.6500 -220 23
123.4307 6.7000 -220 23
123.4308 6.7500 -220 23
123.4000 6.7806 -220 23
123.3804 6.8000 -220 23
123.3804 6.8500 -220 23
123.3804 6.9000 -220 23
123.3804 6.9500 -220 23
123.4000 6.9695 -220 23
123.4307 7.0000 -220 23
> Contour Depth = -240
123.5000 7.1166 -240 24
123.5334 7.1500 -240 24
123.5500 7.1666 -240 24
123.5833 7.2000 -240 24
123.6000 7.2167 -240 24
123.6500 7.2165 -240 24
123.6835 7.2500 -240 24
123.7000 7.2666 -240 24
123.7333 7.3000 -240 24
123.7500 7.3167 -240 24
123.8000 7.3165 -240 24
123.8333 7.3500 -240 24
123.8500 7.3667 -240 24
123.9000 7.3666 -240 24
123.9500 7.3664 -240 24
123.9834 7.4000 -240 24
124.0000 7.4167 -240 24
124.0500 7.4166 -240 24
124.1000 7.4165 -240 24
124.1500 7.4164 -240 24
124.2000 7.4164 -240 24
124.2500 7.4164 -240 24
124.3000 7.4164 -240 24
124.3500 7.4165 -240 24
124.4000 7.4167 -240 24
124.4166 7.4000 -240 24
124.4500 7.3665 -240 24
> Contour Depth = -240
123.3500 6.4166 -240 25
123.3834 6.4500 -240 25
123.4000 6.4665 -240 25
123.4336 6.5000 -240 25
123.4335 6.5500 -240 25
123.4334 6.6000 -240 25
123.4334 6.6500 -240 25
123.4335 6.7000 -240 25
123.4336 6.7500 -240 25
123.4000 6.7834 -240 25
123.3832 6.8000 -240 25
123.3832 6.8500 -240 25
123.3832 6.9000 -240 25
123.3832 6.9500 -240 25
123.4000 6.9667 -240 25
123.4335 7.0000 -240 25
> Contour Depth = -260
123.5000 7.1138 -260 26
123.5362 7.1500 -260 26
123.5500 7.1638 -260 26
123.5861 7.2000 -260 26
123.6000 7.2139 -260 26
123.6500 7.2137 -260 26
123.6862 7.2500 -260 26
123.7000 7.2638 -260 26
123.7361 7.3000 -260 26
123.7500 7.3139 -260 26
123.8000 7.3137 -260 26
123.8361 7.3500 -260 26
123.8500 7.3639 -260 26
123.9000 7.3638 -260 26
123.9500 7.3636 -260 26
123.9862 7.4000 -260 26
124.0000 7.4139 -260 26
124.0500 7.4138 -260 26
124.1000 7.4137 -260 26
124.1500 7.4136 -260 26
124.2000 7.4135 -260 26
124.2500 7.4136 -260 26
124.3000 7.4136 -260 26
124.3500 7.4137 -260 26
124.4000 7.4139 -260 26
124.4138 7.4000 -260 26
124.4500 7.3637 -260 26
> Contour Depth = -260
123.3500 6.4138 -260 27
123.3862 6.4500 -260 27
123.4000 6.4637 -260 27
123.4364 6.5000 -260 27
123.4363 6.5500 -260 27
123.4362 6.6000 -260 27
123.4363 6.6500 -260 27
123.4363 6.7000 -260 27
123.4364 6.7500 -260 27
123.4000 6.7861 -260 27
123.3860 6.8000 -260 27
123.3861 6.8500 -260 27
123.3860 6.9000 -260 27
123.3860 6.9500 -260 27
123.4000 6.9639 -260 27
123.4363 7.0000 -260 27
> Contour Depth = -280
123.5000 7.1110 -280 28
123.5390 7.1500 -280 28
123.5500 7.1610 -280 28
123.5889 7.2000 -280 28
123.6000 7.2111 -280 28
123.6500 7.2109 -280 28
123.6890 7.2500 -280 28
123.7000 7.2610 -280 28
123.7389 7.3000 -280 28
123.7500 7.3111 -280 28
123.8000 7.3110 -280 28
123.8389 7.3500 -280 28
123.8500 7.3611 -280 28
123.9000 7.3610 -280 28
123.9500 7.3608 -280 28
123.9890 7.4000 -280 28
124.0000 7.4111 -280 28
124.0500 7.4110 -280 28
124.1000 7.4109 -280 28
124.1500 7.4108 -280 28
124.2000 7.4107 -280 28
124.2500 7.4107 -280 28
124.3000 7.4108 -280 28
124.3500 7.4109 -280 28
124.4000 7.4111 -280 28
124.4110 7.4000 -280 28
124.4500 7.3609 -280 28
> Contour Depth = -280
123.3500 6.4110 -280 29
123.3890 6.4500 -280 29
123.4000 6.4609 -280 29
123.4392 6.5000 -280 29
123.4391 6.5500 -280 29
123.4390 6.6000 -280 29
123.4391 6.6500 -280 29
123.4391 6.7000 -280 29
123.4392 6.7500 -280 29
123.4000 6.7889 -280 29
123.3888 6.8000 -280 29
123.3889 6.8500 -280 29
123.3889 6.9000 -280 29
123.3888 6.9500 -280 29
123.4000 6.9611 -280 29
123.4391 7.0000 -280 29
> Contour Depth = -300
123.5000 7.1082 -300 30
123.5418 7.1500 -300 30
123.5500 7.1582 -300 30
123.5917 7.2000 -300 30
123.6000 7.2083 -300 30
123.6500 7.2081 -300 30
123.6918 7.2500 -300 30
123.7000 7.2582 -300 30
123.7417 7.3000 -300 30
123.7500 7.3083 -300 30
123.8000 7.3082 -300 30
123.8417 7.3500 -300 30
123.8500 7.3583 -300 30
123.9000 7.3582 -300 30
123.9500 7.3580 -300 30
123.9918 7.4000 -300 30
124.0000 7.4083 -300 30
124.0500 7.4082 -300 30
124.1000 7.4081 -300 30
124.1500 7.4080 -300 30
124.2000 7.4079 -300 30
124.2500 7.4079 -300 30
124.3000 7.4080 -300 30
124.3500 7.4081 -300 30
124.4000 7.4083 -300 30
124.4083 7.4000 -300 30
124.4500 7.3581 -300 30
> Contour Depth = -300
123.3500 6.4082 -300 31
123.3918 6.4500 -300 31
123.4000 6.4581 -300 31
123.4421 6.5000 -300 31
123.4419 6.5500 -300 31
123.4418 6.6000 -300 31
123.4419 6.6500 -300 31
123.4419 6.7000 -300 31
123.4420 6.7500 -300 31
123.4000 6.7917 -300 31
123.3916 6.8000 -300 31
123.3917 6.8500 -300 31
123.3917 6.9000 -300 31
123.3916 6.9500 -300 31
123.4000 6.9583 -300 31
123.4419 7.0000 -300 31
> Contour Depth = -300
123.5121 5.9000 -300 32
123.5500 5.9381 -300 32
123.5678 5.9500 -300 32
123.6000 5.9717 -300 32
123.6500 5.9854 -300 32
123.7000 5.9683 -300 32
123.7151 5.9500 -300 32
123.7400 5.9000 -300 32
123.7500 5.8631 -300 32
123.7525 5.8500 -300 32
123.7581 5.8000 -300 32
123.7609 5.7500 -300 32
> Contour Depth = -300
125.0500 5.9502 -300 33
125.0513 5.9500 -300 33
125.0831 5.9000 -300 33
125.0560 5.8500 -300 33
125.0500 5.8435 -300 33
125.0094 5.8000 -300 33
125.0000 5.7919 -300 33
124.9500 5.7500 -300 33
124.9500 5.7500 -300 33
124.9000 5.7218 -300 33
124.8614 5.7000 -300 33
124.8500 5.6946 -300 33
124.8000 5.6817 -300 33
124.7514 5.7000 -300 33
124.7726 5.7500 -300 33
124.8000 5.7917 -300 33
124.8053 5.8000 -300 33
124.8500 5.8494 -300 33
124.8505 5.8500 -300 33
124.9000 5.8887 -300 33
124.9157 5.9000 -300 33
124.9500 5.9185 -300 33
125.0000 5.9396 -300 33
125.0484 5.9500 -300 33
125.0500 5.9502 -300 33
> Contour Depth = -320
123.5000 7.1054 -320 34
123.5446 7.1500 -320 34
123.5500 7.1554 -320 34
123.5945 7.2000 -320 34
123.6000 7.2055 -320 34
123.6500 7.2053 -320 34
123.6946 7.2500 -320 34
123.7000 7.2554 -320 34
123.7445 7.3000 -320 34
123.7500 7.3055 -320 34
123.8000 7.3054 -320 34
123.8445 7.3500 -320 34
123.8500 7.3555 -320 34
123.9000 7.3554 -320 34
123.9500 7.3552 -320 34
123.9946 7.4000 -320 34
124.0000 7.4055 -320 34
124.0500 7.4054 -320 34
124.1000 7.4052 -320 34
124.1500 7.4052 -320 34
124.2000 7.4051 -320 34
124.2500 7.4051 -320 34
124.3000 7.4052 -320 34
124.3500 7.4053 -320 34
124.4000 7.4055 -320 34
124.4055 7.4000 -320 34
124.4500 7.3553 -320 34
> Contour Depth = -320
123.3500 6.4055 -320 35
123.3946 6.4500 -320 35
123.4000 6.4553 -320 35
123.4449 6.5000 -320 35
123.4447 6.5500 -320 35
123.4446 6.6000 -320 35
123.4447 6.6500 -320 35
123.4447 6.7000 -320 35
123.4448 6.7500 -320 35
123.4000 6.7945 -320 35
123.3944 6.8000 -320 35
123.3945 6.8500 -320 35
123.3945 6.9000 -320 35
123.3944 6.9500 -320 35
123.4000 6.9556 -320 35
123.4447 7.0000 -320 35
> Contour Depth = -320
123.4038 6.0000 -320 36
123.4448 6.0500 -320 36
123.4500 6.0559 -320 36
123.4919 6.1000 -320 36
123.5000 6.1081 -320 36
123.5467 6.1500 -320 36
123.5500 6.1529 -320 36
123.6000 6.1906 -320 36
123.6158 6.2000 -320 36
123.6500 6.2216 -320 36
123.7000 6.2454 -320 36
123.7162 6.2500 -320 36
123.7500 6.2611 -320 36
123.8000 6.2667 -320 36
123.8500 6.2581 -320 36
123.8660 6.2500 -320 36
123.9000 6.2234 -320 36
123.9177 6.2000 -320 36
123.9403 6.1500 -320 36
123.9500 6.1121 -320 36
123.9530 6.1000 -320 36
123.9616 6.0500 -320 36
123.9676 6.0000 -320 36
123.9725 5.9500 -320 36
123.9775 5.9000 -320 36
123.9842 5.8500 -320 36
123.9945 5.8000 -320 36
124.0000 5.7828 -320 36
124.0313 5.7500 -320 36
124.0500 5.7390 -320 36
124.1000 5.7449 -320 36
124.1107 5.7500 -320 36
124.1500 5.7669 -320 36
124.2000 5.7953 -320 36
124.2069 5.8000 -320 36
124.2500 5.8275 -320 36
124.2824 5.8500 -320 36
124.3000 5.8615 -320 36
124.3500 5.8965 -320 36
124.3547 5.9000 -320 36
124.4000 5.9324 -320 36
124.4238 5.9500 -320 36
124.4500 5.9687 -320 36
124.4928 6.0000 -320 36
124.5000 6.0051 -320 36
124.5500 6.0418 -320 36
124.5609 6.0500 -320 36
124.6000 6.0787 -320 36
124.6291 6.1000 -320 36
124.6500 6.1152 -320 36
124.6986 6.1500 -320 36
124.7000 6.1510 -320 36
124.7500 6.1864 -320 36
124.7706 6.2000 -320 36
124.8000 6.2202 -320 36
124.8479 6.2500 -320 36
124.8500 6.2513 -320 36
124.9000 6.2811 -320 36
124.9356 6.3000 -320 36
124.9500 6.3079 -320 36
125.0000 6.3332 -320 36
125.0358 6.3500 -320 36
125.0500 6.3567 -320 36
125.1000 6.3798 -320 36
125.1443 6.4000 -320 36
125.1500 6.4025 -320 36
125.2000 6.4256 -320 36
125.2500 6.4493 -320 36
125.2513 6.4500 -320 36
125.3000 6.4734 -320 36
125.3500 6.4986 -320 36
> Contour Depth = -320
124.9567 5.4500 -320 37
125.0000 5.4758 -320 37
125.0401 5.5000 -320 37
125.0500 5.5066 -320 37
125.1000 5.5403 -320 37
125.1140 5.5500 -320 37
125.1500 5.5771 -320 37
125.1798 5.6000 -320 37
125.2000 5.6166 -320 37
125.2402 5.6500 -320 37
125.2500 5.6585 -320 37
125.2979 5.7000 -320 37
125.3000 5.7019 -320 37
125.3500 5.7449 -320 37
125.3562 5.7500 -320 37
125.4000 5.7857 -320 37
125.4186 5.8000 -320 37
125.4500 5.8232 -320 37
125.4894 5.8500 -320 37
125.5000 5.8569 -320 37
125.5500 5.8866 -320 37
125.5750 5.9000 -320 37
125.6000 5.9129 -320 37
125.6500 5.9357 -320 37
> Contour Depth = -340
123.5000 7.1026 -340 38
123.5474 7.1500 -340 38
123.5500 7.1526 -340 38
123.5973 7.2000 -340 38
123.6000 7.2027 -340 38
123.6500 7.2025 -340 38
123.6974 7.2500 -340 38
123.7000 7.2526 -340 38
123.7473 7.3000 -340 38
123.7500 7.3027 -340 38
123.8000 7.3026 -340 38
123.8473 7.3500 -340 38
123.8500 7.3527 -340 38
123.9000 7.3526 -340 38
123.9500 7.3524 -340 38
123.9973 7.4000 -340 38
124.0000 7.4027 -340 38
124.0500 7.4026 -340 38
124.1000 7.4024 -340 38
124.1500 7.4024 -340 38
124.2000 7.4023 -340 38
124.2500 7.4023 -340 38
124.3000 7.4024 -340 38
124.3500 7.4025 -340 38
124.4000 7.4027 -340 38
124.4027 7.4000 -340 38
124.4500 7.3525 -340 38
> Contour Depth = -340
123.3500 6.4027 -340 39
123.3974 6.4500 -340 39
123.4000 6.4525 -340 39
123.4477 6.5000 -340 39
123.4475 6.5500 -340 39
123.4474 6.6000 -340 39
123.4475 6.6500 -340 39
123.4475 6.7000 -340 39
123.4476 6.7500 -340 39
123.4000 6.7973 -340 39
123.3972 6.8000 -340 39
123.3973 6.8500 -340 39
123.3973 6.9000 -340 39
123.3972 6.9500 -340 39
123.4000 6.9528 -340 39
123.4475 7.0000 -340 39
> Contour Depth = -340
123.3500 6.1532 -340 40
123.3950 6.2000 -340 40
123.4000 6.2049 -340 40
123.4471 6.2500 -340 40
123.4500 6.2528 -340 40
123.5000 6.2994 -340 40
123.5007 6.3000 -340 40
123.5500 6.3473 -340 40
123.5529 6.3500 -340 40
123.6000 6.3983 -340 40
123.6018 6.4000 -340 40
123.6464 6.4500 -340 40
123.6500 6.4550 -340 40
123.6871 6.5000 -340 40
123.7000 6.5195 -340 40
123.7242 6.5500 -340 40
123.7500 6.5895 -340 40
123.7585 6.6000 -340 40
123.7929 6.6500 -340 40
123.8000 6.6615 -340 40
123.8304 6.7000 -340 40
123.8500 6.7259 -340 40
123.8740 6.7500 -340 40
123.9000 6.7764 -340 40
123.9310 6.8000 -340 40
123.9500 6.8146 -340 40
124.0000 6.8428 -340 40
124.0192 6.8500 -340 40
124.0500 6.8624 -340 40
124.1000 6.8732 -340 40
124.1500 6.8744 -340 40
124.2000 6.8656 -340 40
124.2425 6.8500 -340 40
124.2500 6.8475 -340 40
124.3000 6.8234 -340 40
124.3415 6.8000 -340 40
124.3500 6.7954 -340 40
124.4000 6.7672 -340 40
124.4342 6.7500 -340 40
124.4500 6.7420 -340 40
124.5000 6.7218 -340 40
124.5500 6.7090 -340 40
124.6000 6.7028 -340 40
124.6500 6.7020 -340 40
124.7000 6.7047 -340 40
124.7500 6.7094 -340 40
124.8000 6.7147 -340 40
124.8500 6.7197 -340 40
124.9000 6.7237 -340 40
124.9500 6.7264 -340 40
125.0000 6.7278 -340 40
125.0500 6.7282 -340 40
125.1000 6.7280 -340 40
> Contour Depth = -340
125.6928 5.6000 -340 41
125.7000 5.6021 -340 41
125.7129 5.6000 -340 41
