> Contour Depth = -20
75.4000 33.8012 -20 1
75.4500 33.8147 -20 1
75.4588 33.8000 -20 1
75.4796 33.7500 -20 1
75.4914 33.7000 -20 1
75.4867 33.6500 -20 1
75.4500 33.6046 -20 1
75.4052 33.6500 -20 1
75.4000 33.6583 -20 1
75.3919 33.7000 -20 1
75.3910 33.7500 -20 1
75.3995 33.8000 -20 1
75.4000 33.8012 -20 1
> Contour Depth = -20
76.5500 32.9096 -20 2
76.6000 32.9079 -20 2
76.6148 32.9000 -20 2
76.6500 32.8769 -20 2
76.6768 32.8500 -20 2
76.7000 32.8230 -20 2
76.7158 32.8000 -20 2
76.7500 32.7512 -20 2
76.7508 32.7500 -20 2
76.7798 32.7000 -20 2
76.8000 32.6762 -20 2
76.8240 32.6500 -20 2
76.8500 32.6314 -20 2
76.9000 32.6016 -20 2
76.9023 32.6000 -20 2
76.9500 32.5738 -20 2
76.9938 32.5500 -20 2
77.0000 32.5471 -20 2
77.0500 32.5149 -20 2
77.0683 32.5000 -20 2
77.1000 32.4724 -20 2
77.1185 32.4500 -20 2
77.1500 32.4048 -20 2
77.1524 32.4000 -20 2
77.1720 32.3500 -20 2
77.1875 32.3000 -20 2
77.1997 32.2500 -20 2
77.2000 32.2483 -20 2
77.2067 32.2000 -20 2
77.2114 32.1500 -20 2
77.2135 32.1000 -20 2
77.2114 32.0500 -20 2
77.2008 32.0000 -20 2
77.2000 31.9982 -20 2
77.1500 31.9618 -20 2
77.1000 31.9652 -20 2
77.0500 31.9828 -20 2
77.0220 32.0000 -20 2
77.0000 32.0134 -20 2
76.9632 32.0500 -20 2
76.9500 32.0648 -20 2
76.9288 32.1000 -20 2
76.9043 32.1500 -20 2
76.9000 32.1607 -20 2
76.8871 32.2000 -20 2
76.8732 32.2500 -20 2
76.8604 32.3000 -20 2
76.8500 32.3408 -20 2
76.8475 32.3500 -20 2
76.8339 32.4000 -20 2
76.8187 32.4500 -20 2
76.8001 32.5000 -20 2
76.8000 32.5004 -20 2
76.7783 32.5500 -20 2
76.7500 32.5927 -20 2
76.7438 32.6000 -20 2
76.7000 32.6426 -20 2
76.6911 32.6500 -20 2
76.6500 32.6822 -20 2
76.6273 32.7000 -20 2
76.6000 32.7230 -20 2
76.5737 32.7500 -20 2
76.5500 32.7811 -20 2
76.5389 32.8000 -20 2
76.5246 32.8500 -20 2
76.5370 32.9000 -20 2
76.5500 32.9096 -20 2
> Contour Depth = -20
82.7500 28.9705 -20 3
82.8000 28.9574 -20 3
82.8140 28.9500 -20 3
82.8500 28.9288 -20 3
82.8961 28.9000 -20 3
82.9000 28.8971 -20 3
82.9500 28.8552 -20 3
82.9560 28.8500 -20 3
83.0000 28.8058 -20 3
83.0058 28.8000 -20 3
83.0460 28.7500 -20 3
83.0500 28.7418 -20 3
83.0703 28.7000 -20 3
83.0610 28.6500 -20 3
83.0500 28.6445 -20 3
83.0000 28.6459 -20 3
82.9887 28.6500 -20 3
82.9500 28.6671 -20 3
82.9000 28.6954 -20 3
82.8937 28.7000 -20 3
82.8500 28.7370 -20 3
82.8364 28.7500 -20 3
82.8000 28.7895 -20 3
82.7915 28.8000 -20 3
82.7570 28.8500 -20 3
82.7500 28.8636 -20 3
82.7330 28.9000 -20 3
82.7223 28.9500 -20 3
82.7500 28.9705 -20 3
