> Contour Depth = -20
140.8479 35.0000 -20 1
140.8500 34.9676 -20 1
140.8510 34.9500 -20 1
140.8531 34.9000 -20 1
140.8544 34.8500 -20 1
140.8550 34.8000 -20 1
140.8552 34.7500 -20 1
140.8551 34.7000 -20 1
140.8550 34.6500 -20 1
140.8550 34.6000 -20 1
140.8552 34.5500 -20 1
140.8559 34.5000 -20 1
140.8569 34.4500 -20 1
140.8584 34.4000 -20 1
140.8602 34.3500 -20 1
140.8623 34.3000 -20 1
140.8645 34.2500 -20 1
140.8669 34.2000 -20 1
140.8692 34.1500 -20 1
140.8716 34.1000 -20 1
140.8739 34.0500 -20 1
140.8764 34.0000 -20 1
140.8792 33.9500 -20 1
140.8825 33.9000 -20 1
140.8866 33.8500 -20 1
140.8919 33.8000 -20 1
140.8988 33.7500 -20 1
140.9000 33.7432 -20 1
140.9078 33.7000 -20 1
140.9191 33.6500 -20 1
140.9327 33.6000 -20 1
140.9486 33.5500 -20 1
140.9500 33.5462 -20 1
140.9668 33.5000 -20 1
140.9863 33.4500 -20 1
141.0000 33.4164 -20 1
141.0067 33.4000 -20 1
141.0272 33.3500 -20 1
141.0472 33.3000 -20 1
141.0500 33.2929 -20 1
141.0662 33.2500 -20 1
141.0838 33.2000 -20 1
141.0998 33.1500 -20 1
141.1000 33.1493 -20 1
141.1141 33.1000 -20 1
141.1266 33.0500 -20 1
141.1377 33.0000 -20 1
141.1472 32.9500 -20 1
141.1500 32.9338 -20 1
141.1556 32.9000 -20 1
141.1628 32.8500 -20 1
141.1691 32.8000 -20 1
141.1747 32.7500 -20 1
141.1797 32.7000 -20 1
141.1844 32.6500 -20 1
141.1890 32.6000 -20 1
141.1935 32.5500 -20 1
141.1983 32.5000 -20 1
141.2000 32.4827 -20 1
141.2033 32.4500 -20 1
141.2087 32.4000 -20 1
141.2145 32.3500 -20 1
141.2209 32.3000 -20 1
141.2279 32.2500 -20 1
141.2354 32.2000 -20 1
141.2435 32.1500 -20 1
141.2500 32.1112 -20 1
141.2519 32.1000 -20 1
141.2605 32.0500 -20 1
141.2691 32.0000 -20 1
141.2777 31.9500 -20 1
141.2860 31.9000 -20 1
141.2939 31.8500 -20 1
141.3000 31.8084 -20 1
141.3012 31.8000 -20 1
141.3080 31.7500 -20 1
141.3141 31.7000 -20 1
141.3195 31.6500 -20 1
141.3242 31.6000 -20 1
141.3282 31.5500 -20 1
141.3317 31.5000 -20 1
141.3345 31.4500 -20 1
141.3368 31.4000 -20 1
141.3384 31.3500 -20 1
141.3396 31.3000 -20 1
141.3402 31.2500 -20 1
141.3405 31.2000 -20 1
141.3404 31.1500 -20 1
141.3401 31.1000 -20 1
141.3398 31.0500 -20 1
141.3397 31.0000 -20 1
141.3400 30.9500 -20 1
141.3409 30.9000 -20 1
141.3425 30.8500 -20 1
141.3452 30.8000 -20 1
141.3490 30.7500 -20 1
141.3500 30.7398 -20 1
141.3542 30.7000 -20 1
141.3611 30.6500 -20 1
141.3694 30.6000 -20 1
141.3791 30.5500 -20 1
141.3903 30.5000 -20 1
141.4000 30.4611 -20 1
141.4029 30.4500 -20 1
141.4169 30.4000 -20 1
141.4318 30.3500 -20 1
141.4473 30.3000 -20 1
141.4500 30.2916 -20 1
141.4638 30.2500 -20 1
141.4805 30.2000 -20 1
141.4974 30.1500 -20 1
141.5000 30.1423 -20 1
141.5147 30.1000 -20 1
141.5319 30.0500 -20 1
141.5488 30.0000 -20 1
141.5500 29.9964 -20 1
141.5659 29.9500 -20 1
141.5826 29.9000 -20 1
141.5988 29.8500 -20 1
141.6000 29.8462 -20 1
141.6151 29.8000 -20 1
141.6308 29.7500 -20 1
141.6459 29.7000 -20 1
141.6500 29.6859 -20 1
141.6609 29.6500 -20 1
141.6754 29.6000 -20 1
141.6894 29.5500 -20 1
141.7000 29.5113 -20 1
141.7032 29.5000 -20 1
141.7170 29.4500 -20 1
141.7305 29.4000 -20 1
141.7438 29.3500 -20 1
141.7500 29.3266 -20 1
141.7573 29.3000 -20 1
141.7710 29.2500 -20 1
141.7847 29.2000 -20 1
141.7984 29.1500 -20 1
141.8000 29.1442 -20 1
141.8126 29.1000 -20 1
141.8269 29.0500 -20 1
141.8412 29.0000 -20 1
141.8500 28.9695 -20 1
141.8558 28.9500 -20 1
141.8705 28.9000 -20 1
141.8851 28.8500 -20 1
141.8997 28.8000 -20 1
141.9000 28.7991 -20 1
141.9146 28.7500 -20 1
141.9291 28.7000 -20 1
141.9435 28.6500 -20 1
141.9500 28.6272 -20 1
141.9578 28.6000 -20 1
141.9719 28.5500 -20 1
141.9856 28.5000 -20 1
141.9989 28.4500 -20 1
142.0000 28.4456 -20 1
142.0119 28.4000 -20 1
142.0244 28.3500 -20 1
142.0363 28.3000 -20 1
142.0478 28.2500 -20 1
142.0500 28.2399 -20 1
142.0588 28.2000 -20 1
142.0692 28.1500 -20 1
142.0791 28.1000 -20 1
142.0884 28.0500 -20 1
142.0973 28.0000 -20 1
142.1000 27.9840 -20 1
142.1058 27.9500 -20 1
142.1139 27.9000 -20 1
142.1217 27.8500 -20 1
142.1292 27.8000 -20 1
142.1366 27.7500 -20 1
142.1438 27.7000 -20 1
142.1500 27.6573 -20 1
142.1511 27.6500 -20 1
142.1585 27.6000 -20 1
142.1661 27.5500 -20 1
142.1738 27.5000 -20 1
142.1817 27.4500 -20 1
142.1898 27.4000 -20 1
142.1982 27.3500 -20 1
142.2000 27.3392 -20 1
142.2068 27.3000 -20 1
142.2156 27.2500 -20 1
142.2244 27.2000 -20 1
142.2331 27.1500 -20 1
142.2416 27.1000 -20 1
142.2498 27.0500 -20 1
142.2500 27.0488 -20 1
142.2578 27.0000 -20 1
142.2652 26.9500 -20 1
142.2718 26.9000 -20 1
142.2777 26.8500 -20 1
142.2827 26.8000 -20 1
142.2867 26.7500 -20 1
142.2897 26.7000 -20 1
142.2917 26.6500 -20 1
142.2929 26.6000 -20 1
142.2934 26.5500 -20 1
142.2933 26.5000 -20 1
142.2928 26.4500 -20 1
142.2922 26.4000 -20 1
142.2917 26.3500 -20 1
142.2914 26.3000 -20 1
142.2916 26.2500 -20 1
142.2925 26.2000 -20 1
142.2940 26.1500 -20 1
142.2964 26.1000 -20 1
142.2995 26.0500 -20 1
142.3000 26.0434 -20 1
142.3036 26.0000 -20 1
142.3085 25.9500 -20 1
142.3142 25.9000 -20 1
142.3206 25.8500 -20 1
142.3276 25.8000 -20 1
142.3352 25.7500 -20 1
142.3432 25.7000 -20 1
142.3500 25.6606 -20 1
142.3519 25.6500 -20 1
142.3617 25.6000 -20 1
142.3719 25.5500 -20 1
142.3825 25.5000 -20 1
142.3935 25.4500 -20 1
142.4000 25.4217 -20 1
142.4054 25.4000 -20 1
142.4183 25.3500 -20 1
142.4316 25.3000 -20 1
142.4451 25.2500 -20 1
142.4500 25.2323 -20 1
142.4598 25.2000 -20 1
142.4751 25.1500 -20 1
142.4904 25.1000 -20 1
142.5000 25.0687 -20 1
142.5063 25.0500 -20 1
142.5230 25.0000 -20 1
142.5394 24.9500 -20 1
142.5500 24.9173 -20 1
142.5561 24.9000 -20 1
142.5735 24.8500 -20 1
142.5903 24.8000 -20 1
142.6000 24.7707 -20 1
142.6075 24.7500 -20 1
142.6252 24.7000 -20 1
142.6423 24.6500 -20 1
142.6500 24.6273 -20 1
142.6601 24.6000 -20 1
142.6784 24.5500 -20 1
142.6963 24.5000 -20 1
142.7000 24.4899 -20 1
142.7159 24.4500 -20 1
142.7357 24.4000 -20 1
142.7500 24.3644 -20 1
142.7563 24.3500 -20 1
142.7788 24.3000 -20 1
142.8000 24.2532 -20 1
142.8016 24.2500 -20 1
142.8272 24.2000 -20 1
142.8500 24.1560 -20 1
142.8534 24.1500 -20 1
142.8823 24.1000 -20 1
142.9000 24.0698 -20 1
142.9124 24.0500 -20 1
142.9443 24.0000 -20 1
142.9500 23.9911 -20 1
142.9783 23.9500 -20 1
143.0000 23.9185 -20 1
143.0134 23.9000 -20 1
143.0496 23.8500 -20 1
143.0500 23.8495 -20 1
143.0879 23.8000 -20 1
143.1000 23.7843 -20 1
143.1273 23.7500 -20 1
143.1500 23.7216 -20 1
143.1678 23.7000 -20 1
143.2000 23.6614 -20 1
143.2098 23.6500 -20 1
143.2500 23.6040 -20 1
143.2536 23.6000 -20 1
143.2997 23.5500 -20 1
143.3000 23.5497 -20 1
143.3488 23.5000 -20 1
143.3500 23.4988 -20 1
143.4000 23.4510 -20 1
143.4011 23.4500 -20 1
143.4500 23.4064 -20 1
143.4573 23.4000 -20 1
143.5000 23.3642 -20 1
143.5172 23.3500 -20 1
143.5500 23.3238 -20 1
143.5800 23.3000 -20 1
143.6000 23.2845 -20 1
143.6444 23.2500 -20 1
143.6500 23.2457 -20 1
143.7000 23.2074 -20 1
143.7094 23.2000 -20 1
143.7500 23.1685 -20 1
143.7733 23.1500 -20 1
143.8000 23.1286 -20 1
143.8347 23.1000 -20 1
143.8500 23.0873 -20 1
143.8933 23.0500 -20 1
143.9000 23.0442 -20 1
143.9490 23.0000 -20 1
143.9500 22.9991 -20 1
144.0000 22.9519 -20 1
144.0020 22.9500 -20 1
144.0500 22.9027 -20 1
144.0527 22.9000 -20 1
144.1000 22.8515 -20 1
144.1014 22.8500 -20 1
144.1488 22.8000 -20 1
144.1500 22.7987 -20 1
144.1953 22.7500 -20 1
144.2000 22.7449 -20 1
144.2412 22.7000 -20 1
144.2500 22.6904 -20 1
144.2870 22.6500 -20 1
144.3000 22.6358 -20 1
144.3329 22.6000 -20 1
144.3500 22.5815 -20 1
144.3793 22.5500 -20 1
144.4000 22.5279 -20 1
144.4264 22.5000 -20 1
144.4500 22.4753 -20 1
144.4745 22.4500 -20 1
144.5000 22.4241 -20 1
144.5241 22.4000 -20 1
144.5500 22.3746 -20 1
144.5757 22.3500 -20 1
144.6000 22.3272 -20 1
144.6298 22.3000 -20 1
144.6500 22.2820 -20 1
144.6871 22.2500 -20 1
144.7000 22.2392 -20 1
144.7484 22.2000 -20 1
144.7500 22.1987 -20 1
144.8000 22.1609 -20 1
144.8149 22.1500 -20 1
144.8500 22.1249 -20 1
144.8857 22.1000 -20 1
144.9000 22.0902 -20 1
144.9500 22.0565 -20 1
144.9598 22.0500 -20 1
145.0000 22.0235 -20 1
145.0354 22.0000 -20 1
145.0500 21.9902 -20 1
145.1000 21.9566 -20 1
145.1097 21.9500 -20 1
145.1500 21.9220 -20 1
145.1809 21.9000 -20 1
145.2000 21.8860 -20 1
145.2477 21.8500 -20 1
145.2500 21.8482 -20 1
145.3000 21.8083 -20 1
145.3101 21.8000 -20 1
145.3500 21.7658 -20 1
145.3679 21.7500 -20 1
145.4000 21.7204 -20 1
145.4215 21.7000 -20 1
145.4500 21.6718 -20 1
145.4713 21.6500 -20 1
145.5000 21.6196 -20 1
145.5179 21.6000 -20 1
145.5500 21.5636 -20 1
145.5617 21.5500 -20 1
145.6000 21.5037 -20 1
145.6030 21.5000 -20 1
145.6423 21.4500 -20 1
145.6500 21.4398 -20 1
145.6798 21.4000 -20 1
145.7000 21.3720 -20 1
145.7157 21.3500 -20 1
145.7500 21.3003 -20 1
145.7502 21.3000 -20 1
145.7836 21.2500 -20 1
145.8000 21.2247 -20 1
145.8159 21.2000 -20 1
145.8470 21.1500 -20 1
145.8500 21.1450 -20 1
145.8773 21.1000 -20 1
145.9000 21.0610 -20 1
145.9064 21.0500 -20 1
145.9348 21.0000 -20 1
145.9500 20.9722 -20 1
145.9622 20.9500 -20 1
145.9887 20.9000 -20 1
146.0000 20.8782 -20 1
146.0146 20.8500 -20 1
146.0397 20.8000 -20 1
146.0500 20.7789 -20 1
146.0642 20.7500 -20 1
146.0882 20.7000 -20 1
146.1000 20.6749 -20 1
146.1118 20.6500 -20 1
146.1351 20.6000 -20 1
146.1500 20.5676 -20 1
146.1582 20.5500 -20 1
146.1813 20.5000 -20 1
146.2000 20.4593 -20 1
146.2043 20.4500 -20 1
146.2277 20.4000 -20 1
146.2500 20.3522 -20 1
146.2510 20.3500 -20 1
146.2750 20.3000 -20 1
146.2988 20.2500 -20 1
146.3000 20.2476 -20 1
146.3233 20.2000 -20 1
146.3476 20.1500 -20 1
146.3500 20.1452 -20 1
146.3725 20.1000 -20 1
146.3971 20.0500 -20 1
146.4000 20.0443 -20 1
146.4223 20.0000 -20 1
146.4470 19.9500 -20 1
146.4500 19.9440 -20 1
146.4722 19.9000 -20 1
146.4970 19.8500 -20 1
146.5000 19.8439 -20 1
146.5221 19.8000 -20 1
146.5468 19.7500 -20 1
146.5500 19.7435 -20 1
146.5719 19.7000 -20 1
146.5964 19.6500 -20 1
146.6000 19.6426 -20 1
146.6212 19.6000 -20 1
146.6454 19.5500 -20 1
146.6500 19.5404 -20 1
146.6698 19.5000 -20 1
146.6935 19.4500 -20 1
146.7000 19.4360 -20 1
146.7172 19.4000 -20 1
146.7403 19.3500 -20 1
146.7500 19.3285 -20 1
146.7632 19.3000 -20 1
146.7856 19.2500 -20 1
146.8000 19.2168 -20 1
146.8076 19.2000 -20 1
146.8293 19.1500 -20 1
146.8500 19.1006 -20 1
146.8503 19.1000 -20 1
146.8715 19.0500 -20 1
146.8918 19.0000 -20 1
146.9000 18.9791 -20 1
146.9120 18.9500 -20 1
146.9317 18.9000 -20 1
146.9500 18.8514 -20 1
146.9506 18.8500 -20 1
146.9694 18.8000 -20 1
146.9871 18.7500 -20 1
147.0000 18.7109 -20 1
147.0038 18.7000 -20 1
147.0201 18.6500 -20 1
147.0351 18.6000 -20 1
147.0491 18.5500 -20 1
147.0500 18.5464 -20 1
147.0626 18.5000 -20 1
147.0753 18.4500 -20 1
147.0873 18.4000 -20 1
147.0990 18.3500 -20 1
147.1000 18.3456 -20 1
147.1107 18.3000 -20 1
147.1224 18.2500 -20 1
147.1341 18.2000 -20 1
147.1459 18.1500 -20 1
147.1500 18.1325 -20 1
147.1577 18.1000 -20 1
147.1693 18.0500 -20 1
147.1807 18.0000 -20 1
147.1917 17.9500 -20 1
147.2000 17.9098 -20 1
147.2020 17.9000 -20 1
147.2112 17.8500 -20 1
147.2195 17.8000 -20 1
147.2267 17.7500 -20 1
147.2327 17.7000 -20 1
147.2375 17.6500 -20 1
147.2411 17.6000 -20 1
147.2435 17.5500 -20 1
147.2447 17.5000 -20 1
147.2447 17.4500 -20 1
147.2438 17.4000 -20 1
147.2419 17.3500 -20 1
147.2392 17.3000 -20 1
147.2358 17.2500 -20 1
147.2318 17.2000 -20 1
147.2273 17.1500 -20 1
147.2224 17.1000 -20 1
147.2172 17.0500 -20 1
147.2118 17.0000 -20 1
147.2062 16.9500 -20 1
147.2005 16.9000 -20 1
147.2000 16.8953 -20 1
147.1947 16.8500 -20 1
147.1888 16.8000 -20 1
147.1830 16.7500 -20 1
147.1772 16.7000 -20 1
147.1715 16.6500 -20 1
147.1658 16.6000 -20 1
147.1600 16.5500 -20 1
147.1540 16.5000 -20 1
147.1500 16.4678 -20 1
147.1478 16.4500 -20 1
147.1412 16.4000 -20 1
147.1343 16.3500 -20 1
147.1271 16.3000 -20 1
147.1196 16.2500 -20 1
147.1116 16.2000 -20 1
147.1033 16.1500 -20 1
147.1000 16.1312 -20 1
147.0945 16.1000 -20 1
147.0854 16.0500 -20 1
147.0759 16.0000 -20 1
147.0660 15.9500 -20 1
147.0558 15.9000 -20 1
147.0500 15.8728 -20 1
147.0452 15.8500 -20 1
147.0342 15.8000 -20 1
147.0230 15.7500 -20 1
147.0115 15.7000 -20 1
147.0000 15.6510 -20 1
146.9998 15.6500 -20 1
146.9878 15.6000 -20 1
146.9757 15.5500 -20 1
146.9635 15.5000 -20 1
146.9512 15.4500 -20 1
146.9500 15.4452 -20 1
146.9389 15.4000 -20 1
146.9266 15.3500 -20 1
146.9144 15.3000 -20 1
146.9023 15.2500 -20 1
146.9000 15.2407 -20 1
146.8902 15.2000 -20 1
146.8783 15.1500 -20 1
146.8663 15.1000 -20 1
146.8544 15.0500 -20 1
146.8500 15.0321 -20 1
146.8423 15.0000 -20 1
146.8299 14.9500 -20 1
146.8172 14.9000 -20 1
146.8039 14.8500 -20 1
146.8000 14.8360 -20 1
146.7899 14.8000 -20 1
146.7750 14.7500 -20 1
146.7590 14.7000 -20 1
146.7500 14.6741 -20 1
146.7416 14.6500 -20 1
146.7227 14.6000 -20 1
146.7020 14.5500 -20 1
146.7000 14.5454 -20 1
146.6794 14.5000 -20 1
146.6547 14.4500 -20 1
146.6500 14.4411 -20 1
146.6277 14.4000 -20 1
146.6000 14.3528 -20 1
146.5983 14.3500 -20 1
146.5664 14.3000 -20 1
146.5500 14.2761 -20 1
146.5318 14.2500 -20 1
146.5000 14.2072 -20 1
146.4945 14.2000 -20 1
146.4546 14.1500 -20 1
146.4500 14.1445 -20 1
146.4120 14.1000 -20 1
146.4000 14.0866 -20 1
146.3667 14.0500 -20 1
146.3500 14.0325 -20 1
146.3187 14.0000 -20 1
146.3000 13.9814 -20 1
146.2679 13.9500 -20 1
146.2500 13.9330 -20 1
146.2144 13.9000 -20 1
146.2000 13.8870 -20 1
146.1582 13.8500 -20 1
146.1500 13.8430 -20 1
146.1000 13.8008 -20 1
146.0991 13.8000 -20 1
146.0500 13.7601 -20 1
146.0375 13.7500 -20 1
146.0000 13.7206 -20 1
145.9736 13.7000 -20 1
145.9500 13.6819 -20 1
145.9081 13.6500 -20 1
145.9000 13.6439 -20 1
145.8500 13.6061 -20 1
145.8421 13.6000 -20 1
145.8000 13.5680 -20 1
145.7767 13.5500 -20 1
145.7500 13.5296 -20 1
145.7122 13.5000 -20 1
145.7000 13.4905 -20 1
145.6500 13.4507 -20 1
145.6491 13.4500 -20 1
145.6000 13.4098 -20 1
145.5883 13.4000 -20 1
145.5500 13.3682 -20 1
145.5286 13.3500 -20 1
145.5000 13.3260 -20 1
145.4695 13.3000 -20 1
145.4500 13.2836 -20 1
145.4102 13.2500 -20 1
145.4000 13.2414 -20 1
145.3500 13.2000 -20 1
145.3500 13.2000 -20 1
145.3000 13.1592 -20 1
145.2884 13.1500 -20 1
145.2500 13.1197 -20 1
145.2241 13.1000 -20 1
145.2000 13.0818 -20 1
145.1561 13.0500 -20 1
145.1500 13.0456 -20 1
145.1000 13.0107 -20 1
145.0840 13.0000 -20 1
145.0500 12.9772 -20 1
145.0071 12.9500 -20 1
145.0000 12.9454 -20 1
144.9500 12.9145 -20 1
144.9253 12.9000 -20 1
144.9000 12.8848 -20 1
144.8500 12.8563 -20 1
144.8386 12.8500 -20 1
144.8000 12.8282 -20 1
144.7500 12.8014 -20 1
144.7473 12.8000 -20 1
144.7000 12.7745 -20 1
144.6519 12.7500 -20 1
144.6500 12.7490 -20 1
144.6000 12.7231 -20 1
144.5529 12.7000 -20 1
144.5500 12.6985 -20 1
144.5000 12.6734 -20 1
144.4511 12.6500 -20 1
144.4500 12.6495 -20 1
144.4000 12.6249 -20 1
144.3500 12.6014 -20 1
144.3470 12.6000 -20 1
144.3000 12.5772 -20 1
144.2500 12.5541 -20 1
144.2412 12.5500 -20 1
144.2000 12.5303 -20 1
144.1500 12.5072 -20 1
144.1341 12.5000 -20 1
144.1000 12.4839 -20 1
144.0500 12.4609 -20 1
144.0257 12.4500 -20 1
144.0000 12.4379 -20 1
143.9500 12.4151 -20 1
143.9160 12.4000 -20 1
143.9000 12.3926 -20 1
143.8500 12.3699 -20 1
143.8042 12.3500 -20 1
143.8000 12.3481 -20 1
143.7500 12.3256 -20 1
143.7000 12.3043 -20 1
143.6899 12.3000 -20 1
143.6500 12.2824 -20 1
143.6000 12.2614 -20 1
143.5719 12.2500 -20 1
143.5500 12.2407 -20 1
143.5000 12.2200 -20 1
143.4500 12.2005 -20 1
143.4488 12.2000 -20 1
143.4000 12.1801 -20 1
143.3500 12.1610 -20 1
143.3203 12.1500 -20 1
143.3000 12.1421 -20 1
143.2500 12.1231 -20 1
143.2000 12.1053 -20 1
143.1848 12.1000 -20 1
143.1500 12.0871 -20 1
143.1000 12.0694 -20 1
143.0500 12.0528 -20 1
143.0415 12.0500 -20 1
143.0000 12.0355 -20 1
142.9500 12.0190 -20 1
142.9000 12.0034 -20 1
142.8886 12.0000 -20 1
142.8500 11.9874 -20 1
142.8000 11.9721 -20 1
142.7500 11.9576 -20 1
142.7222 11.9500 -20 1
142.7000 11.9434 -20 1
142.6500 11.9294 -20 1
142.6000 11.9163 -20 1
142.5500 11.9041 -20 1
142.5321 11.9000 -20 1
142.5000 11.8921 -20 1
142.4500 11.8808 -20 1
142.4000 11.8705 -20 1
142.3500 11.8611 -20 1
142.3000 11.8528 -20 1
142.2809 11.8500 -20 1
142.2500 11.8451 -20 1
142.2000 11.8383 -20 1
142.1500 11.8326 -20 1
142.1000 11.8281 -20 1
142.0500 11.8247 -20 1
142.0000 11.8223 -20 1
141.9500 11.8211 -20 1
141.9000 11.8208 -20 1
141.8500 11.8214 -20 1
141.8000 11.8229 -20 1
141.7500 11.8250 -20 1
141.7000 11.8276 -20 1
141.6500 11.8305 -20 1
141.6000 11.8336 -20 1
141.5500 11.8365 -20 1
141.5000 11.8391 -20 1
141.4500 11.8411 -20 1
141.4000 11.8424 -20 1
141.3500 11.8426 -20 1
141.3000 11.8417 -20 1
141.2500 11.8395 -20 1
141.2000 11.8358 -20 1
141.1500 11.8306 -20 1
141.1000 11.8237 -20 1
> Contour Depth = -20
135.5113 32.5500 -20 2
135.5000 32.5857 -20 2
135.4954 32.6000 -20 2
135.4790 32.6500 -20 2
135.4604 32.7000 -20 2
135.4500 32.7248 -20 2
135.4395 32.7500 -20 2
135.4163 32.8000 -20 2
135.4000 32.8311 -20 2
135.3903 32.8500 -20 2
135.3630 32.9000 -20 2
135.3500 32.9224 -20 2
135.3345 32.9500 -20 2
135.3058 33.0000 -20 2
135.3000 33.0102 -20 2
135.2781 33.0500 -20 2
135.2510 33.1000 -20 2
135.2500 33.1019 -20 2
135.2267 33.1500 -20 2
135.2042 33.2000 -20 2
135.2000 33.2111 -20 2
135.1857 33.2500 -20 2
135.1710 33.3000 -20 2
135.1606 33.3500 -20 2
135.1558 33.4000 -20 2
135.1589 33.4500 -20 2
135.1737 33.5000 -20 2
135.2000 33.5399 -20 2
135.2221 33.5500 -20 2
135.2500 33.5582 -20 2
135.2903 33.5500 -20 2
135.3000 33.5483 -20 2
135.3500 33.5235 -20 2
135.3846 33.5000 -20 2
135.4000 33.4906 -20 2
135.4500 33.4526 -20 2
135.4528 33.4500 -20 2
135.5000 33.4103 -20 2
135.5109 33.4000 -20 2
135.5500 33.3649 -20 2
135.5651 33.3500 -20 2
135.6000 33.3162 -20 2
135.6153 33.3000 -20 2
135.6500 33.2634 -20 2
135.6616 33.2500 -20 2
135.7000 33.2053 -20 2
135.7042 33.2000 -20 2
135.7423 33.1500 -20 2
135.7500 33.1396 -20 2
135.7769 33.1000 -20 2
135.8000 33.0661 -20 2
135.8101 33.0500 -20 2
135.8416 33.0000 -20 2
135.8500 32.9872 -20 2
135.8724 32.9500 -20 2
135.9000 32.9089 -20 2
135.9055 32.9000 -20 2
135.9401 32.8500 -20 2
135.9500 32.8376 -20 2
135.9780 32.8000 -20 2
136.0000 32.7749 -20 2
136.0204 32.7500 -20 2
136.0500 32.7187 -20 2
136.0667 32.7000 -20 2
136.1000 32.6669 -20 2
136.1160 32.6500 -20 2
136.1500 32.6176 -20 2
136.1673 32.6000 -20 2
136.2000 32.5693 -20 2
136.2193 32.5500 -20 2
136.2500 32.5209 -20 2
136.2708 32.5000 -20 2
136.3000 32.4717 -20 2
136.3210 32.4500 -20 2
136.3500 32.4208 -20 2
136.3694 32.4000 -20 2
136.4000 32.3677 -20 2
136.4157 32.3500 -20 2
136.4500 32.3114 -20 2
136.4595 32.3000 -20 2
136.5000 32.2506 -20 2
136.5005 32.2500 -20 2
136.5376 32.2000 -20 2
136.5500 32.1826 -20 2
136.5717 32.1500 -20 2
136.6000 32.1051 -20 2
136.6030 32.1000 -20 2
136.6302 32.0500 -20 2
136.6500 32.0108 -20 2
136.6552 32.0000 -20 2
136.6764 31.9500 -20 2
136.6956 31.9000 -20 2
136.7000 31.8867 -20 2
136.7115 31.8500 -20 2
136.7246 31.8000 -20 2
136.7353 31.7500 -20 2
136.7434 31.7000 -20 2
136.7483 31.6500 -20 2
136.7492 31.6000 -20 2
136.7444 31.5500 -20 2
136.7317 31.5000 -20 2
136.7071 31.4500 -20 2
136.7000 31.4404 -20 2
136.6500 31.4065 -20 2
136.6082 31.4000 -20 2
136.6000 31.3990 -20 2
136.5933 31.4000 -20 2
136.5500 31.4065 -20 2
136.5000 31.4240 -20 2
136.4500 31.4488 -20 2
136.4481 31.4500 -20 2
136.4000 31.4795 -20 2
136.3711 31.5000 -20 2
136.3500 31.5145 -20 2
136.3041 31.5500 -20 2
136.3000 31.5531 -20 2
136.2500 31.5947 -20 2
136.2441 31.6000 -20 2
136.2000 31.6395 -20 2
136.1890 31.6500 -20 2
136.1500 31.6875 -20 2
136.1375 31.7000 -20 2
136.1000 31.7385 -20 2
136.0890 31.7500 -20 2
136.0500 31.7922 -20 2
136.0427 31.8000 -20 2
136.0000 31.8475 -20 2
135.9976 31.8500 -20 2
135.9526 31.9000 -20 2
135.9500 31.9030 -20 2
> Contour Depth = -40
139.4527 35.0000 -40 3
139.4676 34.9500 -40 3
139.4798 34.9000 -40 3
139.4891 34.8500 -40 3
139.4952 34.8000 -40 3
139.4977 34.7500 -40 3
139.4966 34.7000 -40 3
139.4918 34.6500 -40 3
139.4839 34.6000 -40 3
139.4738 34.5500 -40 3
139.4626 34.5000 -40 3
139.4515 34.4500 -40 3
139.4500 34.4422 -40 3
139.4402 34.4000 -40 3
139.4315 34.3500 -40 3
139.4263 34.3000 -40 3
139.4247 34.2500 -40 3
139.4267 34.2000 -40 3
139.4320 34.1500 -40 3
139.4405 34.1000 -40 3
139.4500 34.0588 -40 3
139.4518 34.0500 -40 3
139.4649 34.0000 -40 3
139.4804 33.9500 -40 3
139.4980 33.9000 -40 3
139.5000 33.8950 -40 3
139.5164 33.8500 -40 3
139.5361 33.8000 -40 3
139.5500 33.7664 -40 3
139.5565 33.7500 -40 3
139.5767 33.7000 -40 3
139.5972 33.6500 -40 3
139.6000 33.6429 -40 3
139.6166 33.6000 -40 3
139.6351 33.5500 -40 3
139.6500 33.5074 -40 3
139.6525 33.5000 -40 3
139.6678 33.4500 -40 3
139.6812 33.4000 -40 3
139.6927 33.3500 -40 3
139.7000 33.3117 -40 3
139.7021 33.3000 -40 3
139.7094 33.2500 -40 3
139.7150 33.2000 -40 3
139.7195 33.1500 -40 3
139.7231 33.1000 -40 3
139.7264 33.0500 -40 3
139.7298 33.0000 -40 3
139.7337 32.9500 -40 3
139.7382 32.9000 -40 3
139.7437 32.8500 -40 3
139.7500 32.8018 -40 3
139.7502 32.8000 -40 3
139.7572 32.7500 -40 3
139.7651 32.7000 -40 3
139.7738 32.6500 -40 3
139.7833 32.6000 -40 3
139.7933 32.5500 -40 3
139.8000 32.5175 -40 3
139.8033 32.5000 -40 3
139.8130 32.4500 -40 3
139.8225 32.4000 -40 3
139.8317 32.3500 -40 3
139.8403 32.3000 -40 3
139.8483 32.2500 -40 3
139.8500 32.2380 -40 3
139.8551 32.2000 -40 3
139.8609 32.1500 -40 3
139.8660 32.1000 -40 3
139.8704 32.0500 -40 3
139.8742 32.0000 -40 3
139.8776 31.9500 -40 3
139.8808 31.9000 -40 3
139.8842 31.8500 -40 3
139.8878 31.8000 -40 3
139.8920 31.7500 -40 3
139.8969 31.7000 -40 3
139.9000 31.6744 -40 3
139.9027 31.6500 -40 3
139.9095 31.6000 -40 3
139.9174 31.5500 -40 3
139.9264 31.5000 -40 3
139.9366 31.4500 -40 3
139.9478 31.4000 -40 3
139.9500 31.3911 -40 3
139.9599 31.3500 -40 3
139.9728 31.3000 -40 3
139.9863 31.2500 -40 3
140.0000 31.2015 -40 3
140.0004 31.2000 -40 3
140.0152 31.1500 -40 3
140.0302 31.1000 -40 3
140.0455 31.0500 -40 3
140.0500 31.0354 -40 3
140.0617 31.0000 -40 3
140.0782 30.9500 -40 3
140.0950 30.9000 -40 3
140.1000 30.8851 -40 3
140.1132 30.8500 -40 3
140.1321 30.8000 -40 3
140.1500 30.7530 -40 3
140.1513 30.7500 -40 3
140.1733 30.7000 -40 3
140.1950 30.6500 -40 3
140.2000 30.6383 -40 3
140.2194 30.6000 -40 3
140.2436 30.5500 -40 3
140.2500 30.5363 -40 3
140.2702 30.5000 -40 3
140.2960 30.4500 -40 3
140.3000 30.4419 -40 3
140.3244 30.4000 -40 3
140.3500 30.3508 -40 3
140.3505 30.3500 -40 3
140.3798 30.3000 -40 3
140.4000 30.2619 -40 3
140.4074 30.2500 -40 3
140.4370 30.2000 -40 3
140.4500 30.1773 -40 3
140.4679 30.1500 -40 3
140.5000 30.1004 -40 3
140.5003 30.1000 -40 3
140.5385 30.0500 -40 3
140.5500 30.0356 -40 3
140.5808 30.0000 -40 3
140.6000 29.9791 -40 3
140.6277 29.9500 -40 3
140.6500 29.9280 -40 3
140.6781 29.9000 -40 3
140.7000 29.8794 -40 3
140.7296 29.8500 -40 3
140.7500 29.8305 -40 3
140.7796 29.8000 -40 3
140.8000 29.7792 -40 3
140.8262 29.7500 -40 3
140.8500 29.7232 -40 3
140.8687 29.7000 -40 3
140.9000 29.6598 -40 3
140.9069 29.6500 -40 3
140.9410 29.6000 -40 3
140.9500 29.5859 -40 3
140.9712 29.5500 -40 3
140.9978 29.5000 -40 3
141.0000 29.4956 -40 3
141.0213 29.4500 -40 3
141.0416 29.4000 -40 3
141.0500 29.3763 -40 3
141.0590 29.3500 -40 3
141.0739 29.3000 -40 3
141.0861 29.2500 -40 3
141.0958 29.2000 -40 3
141.1000 29.1712 -40 3
141.1032 29.1500 -40 3
141.1084 29.1000 -40 3
141.1114 29.0500 -40 3
141.1122 29.0000 -40 3
141.1108 28.9500 -40 3
141.1074 28.9000 -40 3
141.1021 28.8500 -40 3
141.1000 28.8351 -40 3
141.0955 28.8000 -40 3
141.0876 28.7500 -40 3
141.0785 28.7000 -40 3
141.0684 28.6500 -40 3
141.0575 28.6000 -40 3
141.0500 28.5674 -40 3
141.0464 28.5500 -40 3
141.0358 28.5000 -40 3
141.0255 28.4500 -40 3
141.0159 28.4000 -40 3
141.0072 28.3500 -40 3
141.0000 28.3022 -40 3
140.9997 28.3000 -40 3
140.9941 28.2500 -40 3
140.9902 28.2000 -40 3
140.9879 28.1500 -40 3
140.9873 28.1000 -40 3
140.9883 28.0500 -40 3
140.9907 28.0000 -40 3
140.9944 27.9500 -40 3
140.9991 27.9000 -40 3
141.0000 27.8923 -40 3
141.0053 27.8500 -40 3
141.0124 27.8000 -40 3
141.0203 27.7500 -40 3
141.0289 27.7000 -40 3
141.0382 27.6500 -40 3
141.0483 27.6000 -40 3
141.0500 27.5923 -40 3
141.0608 27.5500 -40 3
141.0747 27.5000 -40 3
141.0899 27.4500 -40 3
141.1000 27.4193 -40 3
141.1075 27.4000 -40 3
141.1283 27.3500 -40 3
141.1500 27.3000 -40 3
141.1500 27.3000 -40 3
141.1767 27.2500 -40 3
141.2000 27.2064 -40 3
141.2039 27.2000 -40 3
141.2351 27.1500 -40 3
141.2500 27.1257 -40 3
141.2677 27.1000 -40 3
141.3000 27.0512 -40 3
141.3009 27.0500 -40 3
141.3368 27.0000 -40 3
141.3500 26.9809 -40 3
141.3728 26.9500 -40 3
141.4000 26.9112 -40 3
141.4082 26.9000 -40 3
141.4439 26.8500 -40 3
141.4500 26.8412 -40 3
141.4793 26.8000 -40 3
141.5000 26.7696 -40 3
141.5134 26.7500 -40 3
141.5463 26.7000 -40 3
141.5500 26.6942 -40 3
141.5777 26.6500 -40 3
141.6000 26.6120 -40 3
141.6067 26.6000 -40 3
141.6333 26.5500 -40 3
141.6500 26.5159 -40 3
141.6573 26.5000 -40 3
141.6786 26.4500 -40 3
141.6980 26.4000 -40 3
141.7000 26.3945 -40 3
141.7150 26.3500 -40 3
141.7310 26.3000 -40 3
141.7465 26.2500 -40 3
141.7500 26.2389 -40 3
141.7612 26.2000 -40 3
141.7762 26.1500 -40 3
141.7922 26.1000 -40 3
141.8000 26.0776 -40 3
141.8087 26.0500 -40 3
141.8260 26.0000 -40 3
141.8449 25.9500 -40 3
141.8500 25.9378 -40 3
141.8640 25.9000 -40 3
141.8841 25.8500 -40 3
141.9000 25.8132 -40 3
141.9050 25.8000 -40 3
141.9255 25.7500 -40 3
141.9468 25.7000 -40 3
141.9500 25.6929 -40 3
141.9671 25.6500 -40 3
141.9877 25.6000 -40 3
142.0000 25.5710 -40 3
142.0080 25.5500 -40 3
142.0275 25.5000 -40 3
142.0473 25.4500 -40 3
142.0500 25.4432 -40 3
142.0660 25.4000 -40 3
142.0846 25.3500 -40 3
142.1000 25.3095 -40 3
142.1033 25.3000 -40 3
142.1212 25.2500 -40 3
142.1392 25.2000 -40 3
142.1500 25.1705 -40 3
142.1571 25.1500 -40 3
142.1744 25.1000 -40 3
142.1920 25.0500 -40 3
142.2000 25.0275 -40 3
142.2093 25.0000 -40 3
142.2263 24.9500 -40 3
142.2435 24.9000 -40 3
142.2500 24.8810 -40 3
142.2603 24.8500 -40 3
142.2769 24.8000 -40 3
142.2937 24.7500 -40 3
142.3000 24.7315 -40 3
142.3103 24.7000 -40 3
142.3267 24.6500 -40 3
142.3432 24.6000 -40 3
142.3500 24.5796 -40 3
142.3596 24.5500 -40 3
142.3758 24.5000 -40 3
142.3923 24.4500 -40 3
142.4000 24.4267 -40 3
142.4087 24.4000 -40 3
142.4251 24.3500 -40 3
142.4417 24.3000 -40 3
142.4500 24.2752 -40 3
142.4584 24.2500 -40 3
142.4753 24.2000 -40 3
142.4926 24.1500 -40 3
142.5000 24.1290 -40 3
142.5103 24.1000 -40 3
142.5285 24.0500 -40 3
142.5475 24.0000 -40 3
142.5500 23.9936 -40 3
142.5673 23.9500 -40 3
142.5881 23.9000 -40 3
142.6000 23.8727 -40 3
142.6102 23.8500 -40 3
142.6337 23.8000 -40 3
142.6500 23.7674 -40 3
142.6590 23.7500 -40 3
142.6860 23.7000 -40 3
142.7000 23.6755 -40 3
142.7151 23.6500 -40 3
142.7463 23.6000 -40 3
142.7500 23.5943 -40 3
142.7796 23.5500 -40 3
142.8000 23.5210 -40 3
142.8151 23.5000 -40 3
142.8500 23.4537 -40 3
142.8528 23.4500 -40 3
142.8925 23.4000 -40 3
142.9000 23.3908 -40 3
142.9342 23.3500 -40 3
142.9500 23.3316 -40 3
142.9779 23.3000 -40 3
143.0000 23.2756 -40 3
143.0238 23.2500 -40 3
143.0500 23.2224 -40 3
143.0719 23.2000 -40 3
143.1000 23.1718 -40 3
143.1224 23.1500 -40 3
143.1500 23.1235 -40 3
143.1753 23.1000 -40 3
143.2000 23.0771 -40 3
143.2304 23.0500 -40 3
143.2500 23.0324 -40 3
143.2874 23.0000 -40 3
143.3000 22.9889 -40 3
143.3457 22.9500 -40 3
143.3500 22.9462 -40 3
143.4000 22.9037 -40 3
143.4044 22.9000 -40 3
143.4500 22.8610 -40 3
143.4630 22.8500 -40 3
143.5000 22.8180 -40 3
143.5209 22.8000 -40 3
143.5500 22.7744 -40 3
143.5778 22.7500 -40 3
143.6000 22.7301 -40 3
143.6335 22.7000 -40 3
143.6500 22.6850 -40 3
143.6880 22.6500 -40 3
143.7000 22.6388 -40 3
143.7412 22.6000 -40 3
143.7500 22.5916 -40 3
143.7933 22.5500 -40 3
143.8000 22.5435 -40 3
143.8446 22.5000 -40 3
143.8500 22.4948 -40 3
143.8954 22.4500 -40 3
143.9000 22.4456 -40 3
143.9460 22.4000 -40 3
143.9500 22.3961 -40 3
143.9966 22.3500 -40 3
144.0000 22.3467 -40 3
144.0474 22.3000 -40 3
144.0500 22.2975 -40 3
144.0984 22.2500 -40 3
144.1000 22.2484 -40 3
144.1497 22.2000 -40 3
144.1500 22.1997 -40 3
144.2000 22.1511 -40 3
144.2012 22.1500 -40 3
144.2500 22.1028 -40 3
144.2529 22.1000 -40 3
144.3000 22.0546 -40 3
144.3048 22.0500 -40 3
144.3500 22.0066 -40 3
144.3569 22.0000 -40 3
144.4000 21.9587 -40 3
144.4092 21.9500 -40 3
144.4500 21.9108 -40 3
144.4614 21.9000 -40 3
144.5000 21.8626 -40 3
144.5132 21.8500 -40 3
144.5500 21.8137 -40 3
144.5641 21.8000 -40 3
144.6000 21.7636 -40 3
144.6136 21.7500 -40 3
144.6500 21.7115 -40 3
144.6610 21.7000 -40 3
144.7000 21.6564 -40 3
144.7058 21.6500 -40 3
144.7478 21.6000 -40 3
144.7500 21.5972 -40 3
144.7872 21.5500 -40 3
144.8000 21.5325 -40 3
144.8242 21.5000 -40 3
144.8500 21.4627 -40 3
144.8590 21.4500 -40 3
144.8924 21.4000 -40 3
144.9000 21.3880 -40 3
144.9250 21.3500 -40 3
144.9500 21.3099 -40 3
144.9564 21.3000 -40 3
144.9879 21.2500 -40 3
145.0000 21.2301 -40 3
145.0191 21.2000 -40 3
145.0496 21.1500 -40 3
145.0500 21.1493 -40 3
145.0810 21.1000 -40 3
145.1000 21.0684 -40 3
145.1117 21.0500 -40 3
145.1424 21.0000 -40 3
145.1500 20.9872 -40 3
145.1734 20.9500 -40 3
145.2000 20.9056 -40 3
145.2036 20.9000 -40 3
145.2346 20.8500 -40 3
145.2500 20.8241 -40 3
145.2651 20.8000 -40 3
145.2955 20.7500 -40 3
145.3000 20.7425 -40 3
145.3267 20.7000 -40 3
145.3500 20.6619 -40 3
145.3576 20.6500 -40 3
145.3892 20.6000 -40 3
145.4000 20.5828 -40 3
145.4214 20.5500 -40 3
145.4500 20.5057 -40 3
145.4538 20.5000 -40 3
145.4874 20.4500 -40 3
145.5000 20.4315 -40 3
145.5218 20.4000 -40 3
145.5500 20.3597 -40 3
145.5568 20.3500 -40 3
145.5928 20.3000 -40 3
145.6000 20.2902 -40 3
145.6293 20.2500 -40 3
145.6500 20.2222 -40 3
145.6662 20.2000 -40 3
145.7000 20.1546 -40 3
145.7033 20.1500 -40 3
145.7402 20.1000 -40 3
145.7500 20.0868 -40 3
145.7765 20.0500 -40 3
145.8000 20.0176 -40 3
145.8124 20.0000 -40 3
145.8475 19.9500 -40 3
145.8500 19.9464 -40 3
145.8814 19.9000 -40 3
145.9000 19.8724 -40 3
145.9146 19.8500 -40 3
145.9470 19.8000 -40 3
145.9500 19.7953 -40 3
145.9780 19.7500 -40 3
146.0000 19.7142 -40 3
146.0084 19.7000 -40 3
146.0377 19.6500 -40 3
146.0500 19.6288 -40 3
146.0661 19.6000 -40 3
146.0938 19.5500 -40 3
146.1000 19.5385 -40 3
146.1201 19.5000 -40 3
146.1459 19.4500 -40 3
146.1500 19.4418 -40 3
146.1701 19.4000 -40 3
146.1937 19.3500 -40 3
146.2000 19.3361 -40 3
146.2157 19.3000 -40 3
146.2366 19.2500 -40 3
146.2500 19.2161 -40 3
146.2562 19.2000 -40 3
146.2738 19.1500 -40 3
146.2903 19.1000 -40 3
146.3000 19.0675 -40 3
146.3050 19.0500 -40 3
146.3177 19.0000 -40 3
146.3287 18.9500 -40 3
146.3381 18.9000 -40 3
146.3457 18.8500 -40 3
146.3500 18.8137 -40 3
146.3515 18.8000 -40 3
146.3556 18.7500 -40 3
146.3582 18.7000 -40 3
146.3595 18.6500 -40 3
146.3595 18.6000 -40 3
146.3584 18.5500 -40 3
146.3564 18.5000 -40 3
146.3535 18.4500 -40 3
146.3500 18.4020 -40 3
146.3499 18.4000 -40 3
146.3455 18.3500 -40 3
146.3406 18.3000 -40 3
146.3350 18.2500 -40 3
146.3290 18.2000 -40 3
146.3225 18.1500 -40 3
146.3157 18.1000 -40 3
146.3085 18.0500 -40 3
146.3010 18.0000 -40 3
146.3000 17.9933 -40 3
146.2938 17.9500 -40 3
146.2868 17.9000 -40 3
146.2799 17.8500 -40 3
146.2732 17.8000 -40 3
146.2670 17.7500 -40 3
146.2611 17.7000 -40 3
146.2558 17.6500 -40 3
146.2510 17.6000 -40 3
146.2500 17.5890 -40 3
146.2469 17.5500 -40 3
146.2432 17.5000 -40 3
146.2400 17.4500 -40 3
146.2371 17.4000 -40 3
146.2345 17.3500 -40 3
146.2320 17.3000 -40 3
146.2296 17.2500 -40 3
146.2271 17.2000 -40 3
146.2246 17.1500 -40 3
146.2219 17.1000 -40 3
146.2190 17.0500 -40 3
146.2158 17.0000 -40 3
146.2123 16.9500 -40 3
146.2085 16.9000 -40 3
146.2045 16.8500 -40 3
146.2001 16.8000 -40 3
146.2000 16.7990 -40 3
146.1958 16.7500 -40 3
146.1913 16.7000 -40 3
146.1867 16.6500 -40 3
146.1819 16.6000 -40 3
146.1769 16.5500 -40 3
146.1718 16.5000 -40 3
146.1666 16.4500 -40 3
146.1613 16.4000 -40 3
146.1559 16.3500 -40 3
146.1505 16.3000 -40 3
146.1500 16.2957 -40 3
146.1454 16.2500 -40 3
146.1404 16.2000 -40 3
146.1353 16.1500 -40 3
146.1301 16.1000 -40 3
146.1248 16.0500 -40 3
146.1192 16.0000 -40 3
146.1133 15.9500 -40 3
146.1070 15.9000 -40 3
146.1002 15.8500 -40 3
146.1000 15.8484 -40 3
146.0935 15.8000 -40 3
146.0861 15.7500 -40 3
146.0779 15.7000 -40 3
146.0687 15.6500 -40 3
146.0583 15.6000 -40 3
146.0500 15.5636 -40 3
146.0471 15.5500 -40 3
146.0354 15.5000 -40 3
146.0225 15.4500 -40 3
146.0081 15.4000 -40 3
146.0000 15.3741 -40 3
145.9929 15.3500 -40 3
145.9772 15.3000 -40 3
145.9601 15.2500 -40 3
145.9500 15.2225 -40 3
145.9423 15.2000 -40 3
145.9243 15.1500 -40 3
145.9051 15.1000 -40 3
145.9000 15.0870 -40 3
145.8864 15.0500 -40 3
145.8676 15.0000 -40 3
145.8500 14.9546 -40 3
145.8483 14.9500 -40 3
145.8307 14.9000 -40 3
145.8131 14.8500 -40 3
145.8000 14.8121 -40 3
145.7961 14.8000 -40 3
145.7809 14.7500 -40 3
145.7660 14.7000 -40 3
145.7515 14.6500 -40 3
145.7500 14.6445 -40 3
145.7386 14.6000 -40 3
145.7259 14.5500 -40 3
145.7129 14.5000 -40 3
145.7000 14.4522 -40 3
145.6994 14.4500 -40 3
145.6863 14.4000 -40 3
145.6717 14.3500 -40 3
145.6552 14.3000 -40 3
145.6500 14.2857 -40 3
145.6375 14.2500 -40 3
145.6175 14.2000 -40 3
145.6000 14.1619 -40 3
145.5948 14.1500 -40 3
145.5700 14.1000 -40 3
145.5500 14.0641 -40 3
145.5424 14.0500 -40 3
145.5125 14.0000 -40 3
145.5000 13.9810 -40 3
145.4802 13.9500 -40 3
145.4500 13.9065 -40 3
145.4456 13.9000 -40 3
145.4091 13.8500 -40 3
145.4000 13.8382 -40 3
145.3707 13.8000 -40 3
145.3500 13.7744 -40 3
145.3304 13.7500 -40 3
145.3000 13.7140 -40 3
145.2882 13.7000 -40 3
145.2500 13.6569 -40 3
145.2439 13.6500 -40 3
145.2000 13.6030 -40 3
145.1971 13.6000 -40 3
145.1500 13.5524 -40 3
145.1475 13.5500 -40 3
145.1000 13.5050 -40 3
145.0946 13.5000 -40 3
145.0500 13.4605 -40 3
145.0378 13.4500 -40 3
145.0000 13.4187 -40 3
144.9768 13.4000 -40 3
144.9500 13.3792 -40 3
144.9114 13.3500 -40 3
144.9000 13.3417 -40 3
144.8500 13.3060 -40 3
144.8414 13.3000 -40 3
144.8000 13.2722 -40 3
144.7666 13.2500 -40 3
144.7500 13.2394 -40 3
144.7000 13.2079 -40 3
144.6875 13.2000 -40 3
144.6500 13.1775 -40 3
144.6044 13.1500 -40 3
144.6000 13.1475 -40 3
144.5500 13.1186 -40 3
144.5178 13.1000 -40 3
144.5000 13.0901 -40 3
144.4500 13.0621 -40 3
144.4286 13.0500 -40 3
144.4000 13.0345 -40 3
144.3500 13.0071 -40 3
144.3372 13.0000 -40 3
144.3000 12.9802 -40 3
144.2500 12.9532 -40 3
144.2442 12.9500 -40 3
144.2000 12.9268 -40 3
144.1500 12.9002 -40 3
144.1497 12.9000 -40 3
144.1000 12.8741 -40 3
144.0541 12.8500 -40 3
144.0500 12.8479 -40 3
144.0000 12.8221 -40 3
143.9575 12.8000 -40 3
143.9500 12.7962 -40 3
143.9000 12.7707 -40 3
143.8599 12.7500 -40 3
143.8500 12.7450 -40 3
143.8000 12.7198 -40 3
143.7612 12.7000 -40 3
143.7500 12.6944 -40 3
143.7000 12.6694 -40 3
143.6612 12.6500 -40 3
143.6500 12.6445 -40 3
143.6000 12.6200 -40 3
143.5590 12.6000 -40 3
143.5500 12.5957 -40 3
143.5000 12.5720 -40 3
143.4530 12.5500 -40 3
143.4500 12.5486 -40 3
143.4000 12.5262 -40 3
143.3500 12.5042 -40 3
143.3403 12.5000 -40 3
143.3000 12.4831 -40 3
143.2500 12.4629 -40 3
143.2171 12.4500 -40 3
143.2000 12.4435 -40 3
143.1500 12.4252 -40 3
143.1000 12.4076 -40 3
143.0773 12.4000 -40 3
143.0500 12.3910 -40 3
143.0000 12.3754 -40 3
142.9500 12.3605 -40 3
142.9128 12.3500 -40 3
142.9000 12.3464 -40 3
142.8500 12.3332 -40 3
142.8000 12.3205 -40 3
142.7500 12.3084 -40 3
142.7143 12.3000 -40 3
142.7000 12.2967 -40 3
142.6500 12.2856 -40 3
142.6000 12.2748 -40 3
142.5500 12.2643 -40 3
142.5000 12.2539 -40 3
142.4807 12.2500 -40 3
142.4500 12.2439 -40 3
142.4000 12.2342 -40 3
142.3500 12.2247 -40 3
142.3000 12.2155 -40 3
142.2500 12.2066 -40 3
142.2112 12.2000 -40 3
142.2000 12.1982 -40 3
142.1500 12.1906 -40 3
142.1000 12.1836 -40 3
142.0500 12.1775 -40 3
142.0000 12.1723 -40 3
141.9500 12.1681 -40 3
141.9000 12.1650 -40 3
141.8500 12.1631 -40 3
141.8000 12.1624 -40 3
141.7500 12.1629 -40 3
141.7000 12.1645 -40 3
141.6500 12.1670 -40 3
141.6000 12.1703 -40 3
141.5500 12.1743 -40 3
141.5000 12.1787 -40 3
141.4500 12.1832 -40 3
141.4000 12.1877 -40 3
141.3500 12.1920 -40 3
141.3000 12.1959 -40 3
141.2500 12.1994 -40 3
141.2386 12.2000 -40 3
141.2000 12.2023 -40 3
141.1500 12.2047 -40 3
141.1000 12.2064 -40 3
> Contour Depth = -40
138.8193 35.0000 -40 4
138.8464 34.9500 -40 4
138.8500 34.9422 -40 4
138.8707 34.9000 -40 4
138.8913 34.8500 -40 4
138.9000 34.8217 -40 4
138.9073 34.8000 -40 4
138.9168 34.7500 -40 4
138.9170 34.7000 -40 4
138.9026 34.6500 -40 4
138.9000 34.6460 -40 4
138.8550 34.6000 -40 4
138.8500 34.5971 -40 4
138.8000 34.5785 -40 4
138.7500 34.5703 -40 4
138.7000 34.5691 -40 4
138.6500 34.5728 -40 4
138.6000 34.5805 -40 4
138.5500 34.5921 -40 4
138.5240 34.6000 -40 4
138.5000 34.6076 -40 4
138.4500 34.6275 -40 4
138.4053 34.6500 -40 4
138.4000 34.6528 -40 4
138.3500 34.6846 -40 4
138.3299 34.7000 -40 4
138.3000 34.7250 -40 4
138.2743 34.7500 -40 4
138.2500 34.7758 -40 4
138.2298 34.8000 -40 4
138.2000 34.8391 -40 4
138.1923 34.8500 -40 4
138.1596 34.9000 -40 4
138.1500 34.9158 -40 4
138.1299 34.9500 -40 4
138.1029 35.0000 -40 4
> Contour Depth = -40
137.4486 35.0000 -40 5
137.4426 34.9500 -40 5
137.4370 34.9000 -40 5
137.4315 34.8500 -40 5
137.4257 34.8000 -40 5
137.4191 34.7500 -40 5
137.4115 34.7000 -40 5
137.4028 34.6500 -40 5
137.4000 34.6352 -40 5
137.3935 34.6000 -40 5
137.3837 34.5500 -40 5
137.3737 34.5000 -40 5
137.3643 34.4500 -40 5
137.3558 34.4000 -40 5
137.3500 34.3577 -40 5
137.3490 34.3500 -40 5
137.3442 34.3000 -40 5
137.3409 34.2500 -40 5
137.3385 34.2000 -40 5
137.3365 34.1500 -40 5
137.3342 34.1000 -40 5
137.3308 34.0500 -40 5
137.3259 34.0000 -40 5
137.3190 33.9500 -40 5
137.3100 33.9000 -40 5
137.3000 33.8550 -40 5
137.2990 33.8500 -40 5
137.2869 33.8000 -40 5
137.2736 33.7500 -40 5
137.2597 33.7000 -40 5
137.2500 33.6650 -40 5
137.2460 33.6500 -40 5
137.2335 33.6000 -40 5
137.2220 33.5500 -40 5
137.2120 33.5000 -40 5
137.2035 33.4500 -40 5
137.2000 33.4255 -40 5
137.1964 33.4000 -40 5
137.1905 33.3500 -40 5
137.1852 33.3000 -40 5
137.1802 33.2500 -40 5
137.1750 33.2000 -40 5
137.1691 33.1500 -40 5
137.1622 33.1000 -40 5
137.1539 33.0500 -40 5
137.1500 33.0295 -40 5
137.1441 33.0000 -40 5
137.1327 32.9500 -40 5
137.1204 32.9000 -40 5
137.1078 32.8500 -40 5
137.1000 32.8178 -40 5
137.0957 32.8000 -40 5
137.0855 32.7500 -40 5
137.0778 32.7000 -40 5
137.0733 32.6500 -40 5
137.0719 32.6000 -40 5
137.0737 32.5500 -40 5
137.0782 32.5000 -40 5
137.0849 32.4500 -40 5
137.0935 32.4000 -40 5
137.1000 32.3680 -40 5
137.1037 32.3500 -40 5
137.1156 32.3000 -40 5
137.1284 32.2500 -40 5
137.1419 32.2000 -40 5
137.1500 32.1714 -40 5
137.1564 32.1500 -40 5
137.1721 32.1000 -40 5
137.1883 32.0500 -40 5
137.2000 32.0148 -40 5
137.2052 32.0000 -40 5
137.2238 31.9500 -40 5
137.2427 31.9000 -40 5
137.2500 31.8811 -40 5
137.2630 31.8500 -40 5
137.2840 31.8000 -40 5
137.3000 31.7618 -40 5
137.3053 31.7500 -40 5
137.3273 31.7000 -40 5
137.3484 31.6500 -40 5
137.3500 31.6460 -40 5
137.3693 31.6000 -40 5
137.3884 31.5500 -40 5
137.4000 31.5164 -40 5
137.4057 31.5000 -40 5
137.4213 31.4500 -40 5
137.4347 31.4000 -40 5
137.4461 31.3500 -40 5
137.4500 31.3304 -40 5
137.4560 31.3000 -40 5
137.4645 31.2500 -40 5
137.4720 31.2000 -40 5
137.4790 31.1500 -40 5
137.4860 31.1000 -40 5
137.4936 31.0500 -40 5
137.5000 31.0138 -40 5
137.5024 31.0000 -40 5
137.5126 30.9500 -40 5
137.5247 30.9000 -40 5
137.5389 30.8500 -40 5
137.5500 30.8158 -40 5
137.5550 30.8000 -40 5
137.5726 30.7500 -40 5
137.5917 30.7000 -40 5
137.6000 30.6795 -40 5
137.6116 30.6500 -40 5
137.6319 30.6000 -40 5
137.6500 30.5563 -40 5
137.6525 30.5500 -40 5
137.6731 30.5000 -40 5
137.6936 30.4500 -40 5
137.7000 30.4343 -40 5
137.7141 30.4000 -40 5
137.7343 30.3500 -40 5
137.7500 30.3104 -40 5
137.7543 30.3000 -40 5
137.7742 30.2500 -40 5
137.7938 30.2000 -40 5
137.8000 30.1837 -40 5
137.8134 30.1500 -40 5
137.8326 30.1000 -40 5
137.8500 30.0541 -40 5
137.8516 30.0500 -40 5
137.8706 30.0000 -40 5
137.8894 29.9500 -40 5
137.9000 29.9215 -40 5
137.9083 29.9000 -40 5
137.9275 29.8500 -40 5
137.9473 29.8000 -40 5
137.9500 29.7935 -40 5
137.9680 29.7500 -40 5
137.9901 29.7000 -40 5
138.0000 29.6792 -40 5
138.0137 29.6500 -40 5
138.0392 29.6000 -40 5
138.0500 29.5803 -40 5
138.0662 29.5500 -40 5
138.0951 29.5000 -40 5
138.1000 29.4920 -40 5
138.1247 29.4500 -40 5
138.1500 29.4092 -40 5
138.1554 29.4000 -40 5
138.1858 29.3500 -40 5
138.2000 29.3269 -40 5
138.2157 29.3000 -40 5
138.2444 29.2500 -40 5
138.2500 29.2399 -40 5
138.2708 29.2000 -40 5
138.2950 29.1500 -40 5
138.3000 29.1382 -40 5
138.3153 29.1000 -40 5
138.3313 29.0500 -40 5
138.3421 29.0000 -40 5
138.3459 28.9500 -40 5
138.3399 28.9000 -40 5
138.3199 28.8500 -40 5
138.3000 28.8239 -40 5
138.2749 28.8000 -40 5
138.2500 28.7842 -40 5
138.2000 28.7624 -40 5
138.1545 28.7500 -40 5
138.1500 28.7490 -40 5
138.1000 28.7420 -40 5
138.0500 28.7386 -40 5
138.0000 28.7381 -40 5
137.9500 28.7402 -40 5
137.9000 28.7445 -40 5
137.8570 28.7500 -40 5
137.8500 28.7509 -40 5
137.8000 28.7597 -40 5
137.7500 28.7703 -40 5
137.7000 28.7826 -40 5
137.6500 28.7965 -40 5
137.6383 28.8000 -40 5
137.6000 28.8123 -40 5
137.5500 28.8293 -40 5
137.5000 28.8472 -40 5
137.4922 28.8500 -40 5
137.4500 28.8662 -40 5
137.4000 28.8854 -40 5
137.3614 28.9000 -40 5
137.3500 28.9046 -40 5
137.3000 28.9238 -40 5
> Contour Depth = -60
138.3000 28.0324 -60 6
138.3500 28.0302 -60 6
138.4000 28.0264 -60 6
138.4500 28.0215 -60 6
138.5000 28.0156 -60 6
138.5500 28.0093 -60 6
138.6000 28.0030 -60 6
138.6276 28.0000 -60 6
138.6500 27.9975 -60 6
138.7000 27.9942 -60 6
138.7500 27.9951 -60 6
138.7823 28.0000 -60 6
138.8000 28.0032 -60 6
138.8500 28.0253 -60 6
138.8785 28.0500 -60 6
138.9000 28.0764 -60 6
138.9128 28.1000 -60 6
138.9318 28.1500 -60 6
138.9441 28.2000 -60 6
138.9500 28.2358 -60 6
138.9520 28.2500 -60 6
138.9572 28.3000 -60 6
138.9607 28.3500 -60 6
138.9631 28.4000 -60 6
138.9646 28.4500 -60 6
138.9654 28.5000 -60 6
138.9655 28.5500 -60 6
138.9649 28.6000 -60 6
138.9636 28.6500 -60 6
138.9614 28.7000 -60 6
138.9582 28.7500 -60 6
138.9538 28.8000 -60 6
138.9500 28.8337 -60 6
138.9483 28.8500 -60 6
138.9417 28.9000 -60 6
138.9338 28.9500 -60 6
138.9244 29.0000 -60 6
138.9136 29.0500 -60 6
138.9014 29.1000 -60 6
138.9000 29.1052 -60 6
138.8888 29.1500 -60 6
138.8752 29.2000 -60 6
138.8607 29.2500 -60 6
138.8500 29.2853 -60 6
138.8457 29.3000 -60 6
138.8311 29.3500 -60 6
138.8162 29.4000 -60 6
138.8011 29.4500 -60 6
138.8000 29.4537 -60 6
138.7871 29.5000 -60 6
138.7733 29.5500 -60 6
138.7595 29.6000 -60 6
138.7500 29.6355 -60 6
138.7463 29.6500 -60 6
138.7338 29.7000 -60 6
138.7214 29.7500 -60 6
138.7089 29.8000 -60 6
138.7000 29.8353 -60 6
138.6965 29.8500 -60 6
138.6846 29.9000 -60 6
138.6724 29.9500 -60 6
138.6600 30.0000 -60 6
138.6500 30.0398 -60 6
138.6475 30.0500 -60 6
138.6358 30.1000 -60 6
138.6240 30.1500 -60 6
138.6125 30.2000 -60 6
138.6013 30.2500 -60 6
138.6000 30.2564 -60 6
138.5916 30.3000 -60 6
138.5831 30.3500 -60 6
138.5761 30.4000 -60 6
138.5712 30.4500 -60 6
138.5693 30.5000 -60 6
138.5713 30.5500 -60 6
138.5786 30.6000 -60 6
138.5927 30.6500 -60 6
138.6000 30.6675 -60 6
138.6167 30.7000 -60 6
138.6500 30.7479 -60 6
138.6517 30.7500 -60 6
138.6990 30.8000 -60 6
138.7000 30.8010 -60 6
138.7500 30.8461 -60 6
138.7547 30.8500 -60 6
138.8000 30.8889 -60 6
138.8140 30.9000 -60 6
138.8500 30.9306 -60 6
138.8765 30.9500 -60 6
138.9000 30.9687 -60 6
138.9500 30.9979 -60 6
138.9569 31.0000 -60 6
139.0000 31.0138 -60 6
139.0500 31.0131 -60 6
139.0897 31.0000 -60 6
139.1000 30.9970 -60 6
139.1500 30.9679 -60 6
139.1709 30.9500 -60 6
139.2000 30.9270 -60 6
139.2252 30.9000 -60 6
139.2500 30.8750 -60 6
139.2692 30.8500 -60 6
139.3000 30.8118 -60 6
139.3077 30.8000 -60 6
139.3414 30.7500 -60 6
139.3500 30.7376 -60 6
139.3718 30.7000 -60 6
139.4000 30.6532 -60 6
139.4016 30.6500 -60 6
139.4282 30.6000 -60 6
139.4500 30.5607 -60 6
139.4552 30.5500 -60 6
139.4803 30.5000 -60 6
139.5000 30.4624 -60 6
139.5058 30.4500 -60 6
139.5299 30.4000 -60 6
139.5500 30.3600 -60 6
139.5545 30.3500 -60 6
139.5777 30.3000 -60 6
139.6000 30.2531 -60 6
139.6014 30.2500 -60 6
139.6232 30.2000 -60 6
139.6454 30.1500 -60 6
139.6500 30.1395 -60 6
139.6659 30.1000 -60 6
139.6860 30.0500 -60 6
139.7000 30.0150 -60 6
139.7055 30.0000 -60 6
139.7233 29.9500 -60 6
139.7409 29.9000 -60 6
139.7500 29.8737 -60 6
139.7575 29.8500 -60 6
139.7729 29.8000 -60 6
139.7879 29.7500 -60 6
139.8000 29.7083 -60 6
139.8022 29.7000 -60 6
139.8152 29.6500 -60 6
139.8276 29.6000 -60 6
139.8391 29.5500 -60 6
139.8497 29.5000 -60 6
139.8500 29.4987 -60 6
139.8590 29.4500 -60 6
139.8673 29.4000 -60 6
139.8748 29.3500 -60 6
139.8817 29.3000 -60 6
139.8884 29.2500 -60 6
139.8952 29.2000 -60 6
139.9000 29.1671 -60 6
139.9024 29.1500 -60 6
139.9105 29.1000 -60 6
139.9199 29.0500 -60 6
139.9307 29.0000 -60 6
139.9434 28.9500 -60 6
139.9500 28.9276 -60 6
139.9582 28.9000 -60 6
139.9750 28.8500 -60 6
139.9940 28.8000 -60 6
140.0000 28.7858 -60 6
140.0157 28.7500 -60 6
140.0396 28.7000 -60 6
140.0500 28.6798 -60 6
140.0663 28.6500 -60 6
140.0952 28.6000 -60 6
140.1000 28.5919 -60 6
140.1268 28.5500 -60 6
140.1500 28.5142 -60 6
140.1599 28.5000 -60 6
140.1940 28.4500 -60 6
140.2000 28.4410 -60 6
140.2284 28.4000 -60 6
140.2500 28.3668 -60 6
140.2611 28.3500 -60 6
140.2916 28.3000 -60 6
140.3000 28.2850 -60 6
140.3190 28.2500 -60 6
140.3433 28.2000 -60 6
140.3500 28.1848 -60 6
140.3644 28.1500 -60 6
140.3827 28.1000 -60 6
140.3990 28.0500 -60 6
140.4000 28.0466 -60 6
140.4127 28.0000 -60 6
140.4248 27.9500 -60 6
140.4358 27.9000 -60 6
140.4459 27.8500 -60 6
140.4500 27.8291 -60 6
140.4552 27.8000 -60 6
140.4640 27.7500 -60 6
140.4728 27.7000 -60 6
140.4820 27.6500 -60 6
140.4917 27.6000 -60 6
140.5000 27.5610 -60 6
140.5022 27.5500 -60 6
140.5131 27.5000 -60 6
140.5250 27.4500 -60 6
140.5381 27.4000 -60 6
140.5500 27.3585 -60 6
140.5523 27.3500 -60 6
140.5670 27.3000 -60 6
140.5827 27.2500 -60 6
140.5995 27.2000 -60 6
140.6000 27.1985 -60 6
140.6163 27.1500 -60 6
140.6339 27.1000 -60 6
140.6500 27.0557 -60 6
140.6520 27.0500 -60 6
140.6700 27.0000 -60 6
140.6885 26.9500 -60 6
140.7000 26.9193 -60 6
140.7072 26.9000 -60 6
140.7258 26.8500 -60 6
140.7448 26.8000 -60 6
140.7500 26.7864 -60 6
140.7639 26.7500 -60 6
140.7833 26.7000 -60 6
140.8000 26.6580 -60 6
140.8032 26.6500 -60 6
140.8233 26.6000 -60 6
140.8440 26.5500 -60 6
140.8500 26.5355 -60 6
140.8649 26.5000 -60 6
140.8862 26.4500 -60 6
140.9000 26.4181 -60 6
140.9078 26.4000 -60 6
140.9293 26.3500 -60 6
140.9500 26.3020 -60 6
140.9509 26.3000 -60 6
140.9716 26.2500 -60 6
140.9921 26.2000 -60 6
141.0000 26.1799 -60 6
141.0116 26.1500 -60 6
141.0302 26.1000 -60 6
141.0483 26.0500 -60 6
141.0500 26.0449 -60 6
141.0649 26.0000 -60 6
141.0810 25.9500 -60 6
141.0966 25.9000 -60 6
141.1000 25.8887 -60 6
141.1114 25.8500 -60 6
141.1260 25.8000 -60 6
141.1407 25.7500 -60 6
141.1500 25.7183 -60 6
141.1555 25.7000 -60 6
141.1704 25.6500 -60 6
141.1860 25.6000 -60 6
141.2000 25.5570 -60 6
141.2024 25.5500 -60 6
141.2197 25.5000 -60 6
141.2383 25.4500 -60 6
141.2500 25.4198 -60 6
141.2586 25.4000 -60 6
141.2811 25.3500 -60 6
141.3000 25.3115 -60 6
141.3065 25.3000 -60 6
141.3364 25.2500 -60 6
141.3500 25.2289 -60 6
141.3722 25.2000 -60 6
141.4000 25.1666 -60 6
141.4162 25.1500 -60 6
141.4500 25.1174 -60 6
141.4701 25.1000 -60 6
141.5000 25.0752 -60 6
141.5312 25.0500 -60 6
141.5500 25.0352 -60 6
141.5916 25.0000 -60 6
141.6000 24.9930 -60 6
141.6445 24.9500 -60 6
141.6500 24.9448 -60 6
141.6888 24.9000 -60 6
141.7000 24.8873 -60 6
141.7267 24.8500 -60 6
141.7500 24.8183 -60 6
141.7610 24.8000 -60 6
141.7915 24.7500 -60 6
141.8000 24.7363 -60 6
141.8185 24.7000 -60 6
141.8450 24.6500 -60 6
141.8500 24.6406 -60 6
141.8681 24.6000 -60 6
141.8913 24.5500 -60 6
141.9000 24.5313 -60 6
141.9124 24.5000 -60 6
141.9326 24.4500 -60 6
141.9500 24.4078 -60 6
141.9527 24.4000 -60 6
141.9700 24.3500 -60 6
141.9873 24.3000 -60 6
142.0000 24.2623 -60 6
142.0036 24.2500 -60 6
142.0174 24.2000 -60 6
142.0304 24.1500 -60 6
142.0425 24.1000 -60 6
142.0500 24.0651 -60 6
142.0529 24.0500 -60 6
142.0608 24.0000 -60 6
142.0672 23.9500 -60 6
142.0720 23.9000 -60 6
142.0748 23.8500 -60 6
142.0757 23.8000 -60 6
142.0742 23.7500 -60 6
142.0700 23.7000 -60 6
142.0628 23.6500 -60 6
142.0519 23.6000 -60 6
142.0500 23.5930 -60 6
142.0344 23.5500 -60 6
142.0099 23.5000 -60 6
142.0000 23.4833 -60 6
141.9742 23.4500 -60 6
141.9500 23.4226 -60 6
141.9264 23.4000 -60 6
141.9000 23.3744 -60 6
141.8757 23.3500 -60 6
141.8500 23.3175 -60 6
141.8392 23.3000 -60 6
141.8233 23.2500 -60 6
141.8239 23.2000 -60 6
141.8378 23.1500 -60 6
141.8500 23.1252 -60 6
141.8641 23.1000 -60 6
141.9000 23.0500 -60 6
141.9000 23.0500 -60 6
141.9485 23.0000 -60 6
141.9500 22.9986 -60 6
142.0000 22.9567 -60 6
142.0087 22.9500 -60 6
142.0500 22.9203 -60 6
142.0794 22.9000 -60 6
142.1000 22.8863 -60 6
142.1500 22.8537 -60 6
142.1559 22.8500 -60 6
142.2000 22.8227 -60 6
142.2345 22.8000 -60 6
142.2500 22.7898 -60 6
142.3000 22.7553 -60 6
142.3072 22.7500 -60 6
142.3500 22.7185 -60 6
142.3730 22.7000 -60 6
142.4000 22.6782 -60 6
142.4323 22.6500 -60 6
142.4500 22.6345 -60 6
142.4870 22.6000 -60 6
142.5000 22.5879 -60 6
142.5388 22.5500 -60 6
142.5500 22.5392 -60 6
142.5892 22.5000 -60 6
142.6000 22.4894 -60 6
142.6394 22.4500 -60 6
142.6500 22.4396 -60 6
142.6901 22.4000 -60 6
142.7000 22.3906 -60 6
142.7422 22.3500 -60 6
142.7500 22.3427 -60 6
142.7958 22.3000 -60 6
142.8000 22.2962 -60 6
142.8500 22.2510 -60 6
142.8511 22.2500 -60 6
142.9000 22.2069 -60 6
142.9077 22.2000 -60 6
142.9500 22.1635 -60 6
142.9654 22.1500 -60 6
143.0000 22.1204 -60 6
143.0237 22.1000 -60 6
143.0500 22.0775 -60 6
143.0819 22.0500 -60 6
143.1000 22.0345 -60 6
143.1399 22.0000 -60 6
143.1500 21.9912 -60 6
143.1975 21.9500 -60 6
143.2000 21.9478 -60 6
143.2500 21.9042 -60 6
143.2549 21.9000 -60 6
143.3000 21.8609 -60 6
143.3128 21.8500 -60 6
143.3500 21.8185 -60 6
143.3725 21.8000 -60 6
143.4000 21.7777 -60 6
143.4357 21.7500 -60 6
143.4500 21.7391 -60 6
143.5000 21.7032 -60 6
143.5047 21.7000 -60 6
143.5500 21.6700 -60 6
143.5825 21.6500 -60 6
143.6000 21.6396 -60 6
143.6500 21.6116 -60 6
143.6716 21.6000 -60 6
143.7000 21.5854 -60 6
143.7500 21.5607 -60 6
143.7720 21.5500 -60 6
143.8000 21.5368 -60 6
143.8500 21.5131 -60 6
143.8771 21.5000 -60 6
143.9000 21.4892 -60 6
143.9500 21.4643 -60 6
143.9771 21.4500 -60 6
144.0000 21.4381 -60 6
144.0500 21.4099 -60 6
144.0662 21.4000 -60 6
144.1000 21.3793 -60 6
144.1442 21.3500 -60 6
144.1500 21.3462 -60 6
144.2000 21.3095 -60 6
144.2118 21.3000 -60 6
144.2500 21.2692 -60 6
144.2718 21.2500 -60 6
144.3000 21.2252 -60 6
144.3262 21.2000 -60 6
144.3500 21.1770 -60 6
144.3759 21.1500 -60 6
144.4000 21.1247 -60 6
144.4217 21.1000 -60 6
144.4500 21.0678 -60 6
144.4645 21.0500 -60 6
144.5000 21.0062 -60 6
144.5046 21.0000 -60 6
144.5415 20.9500 -60 6
144.5500 20.9383 -60 6
144.5757 20.9000 -60 6
144.6000 20.8635 -60 6
144.6083 20.8500 -60 6
144.6384 20.8000 -60 6
144.6500 20.7804 -60 6
144.6667 20.7500 -60 6
144.6938 20.7000 -60 6
144.7000 20.6882 -60 6
144.7189 20.6500 -60 6
144.7435 20.6000 -60 6
144.7500 20.5865 -60 6
144.7666 20.5500 -60 6
144.7895 20.5000 -60 6
144.8000 20.4769 -60 6
144.8117 20.4500 -60 6
144.8335 20.4000 -60 6
144.8500 20.3627 -60 6
144.8554 20.3500 -60 6
144.8767 20.3000 -60 6
144.8989 20.2500 -60 6
144.9000 20.2476 -60 6
144.9206 20.2000 -60 6
144.9435 20.1500 -60 6
144.9500 20.1361 -60 6
144.9667 20.1000 -60 6
144.9913 20.0500 -60 6
145.0000 20.0332 -60 6
145.0169 20.0000 -60 6
145.0443 19.9500 -60 6
145.0500 19.9402 -60 6
145.0730 19.9000 -60 6
145.1000 19.8559 -60 6
145.1036 19.8500 -60 6
145.1353 19.8000 -60 6
145.1500 19.7778 -60 6
145.1682 19.7500 -60 6
145.2000 19.7031 -60 6
145.2020 19.7000 -60 6
145.2358 19.6500 -60 6
145.2500 19.6293 -60 6
145.2695 19.6000 -60 6
145.3000 19.5543 -60 6
145.3028 19.5500 -60 6
145.3348 19.5000 -60 6
145.3500 19.4758 -60 6
145.3657 19.4500 -60 6
145.3952 19.4000 -60 6
145.4000 19.3916 -60 6
145.4230 19.3500 -60 6
145.4494 19.3000 -60 6
145.4500 19.2988 -60 6
145.4739 19.2500 -60 6
145.4970 19.2000 -60 6
145.5000 19.1932 -60 6
145.5184 19.1500 -60 6
145.5383 19.1000 -60 6
145.5500 19.0687 -60 6
145.5568 19.0500 -60 6
145.5738 19.0000 -60 6
145.5895 18.9500 -60 6
145.6000 18.9137 -60 6
145.6039 18.9000 -60 6
145.6169 18.8500 -60 6
145.6288 18.8000 -60 6
145.6395 18.7500 -60 6
145.6492 18.7000 -60 6
145.6500 18.6953 -60 6
145.6577 18.6500 -60 6
145.6651 18.6000 -60 6
145.6717 18.5500 -60 6
145.6774 18.5000 -60 6
145.6824 18.4500 -60 6
145.6868 18.4000 -60 6
145.6906 18.3500 -60 6
145.6940 18.3000 -60 6
145.6971 18.2500 -60 6
145.7000 18.2000 -60 6
145.7000 18.1994 -60 6
145.7026 18.1500 -60 6
145.7051 18.1000 -60 6
145.7076 18.0500 -60 6
145.7100 18.0000 -60 6
145.7124 17.9500 -60 6
145.7148 17.9000 -60 6
145.7172 17.8500 -60 6
145.7195 17.8000 -60 6
145.7216 17.7500 -60 6
145.7237 17.7000 -60 6
145.7255 17.6500 -60 6
145.7271 17.6000 -60 6
145.7286 17.5500 -60 6
145.7298 17.5000 -60 6
145.7308 17.4500 -60 6
145.7317 17.4000 -60 6
145.7325 17.3500 -60 6
145.7331 17.3000 -60 6
145.7336 17.2500 -60 6
145.7341 17.2000 -60 6
145.7345 17.1500 -60 6
145.7347 17.1000 -60 6
145.7348 17.0500 -60 6
145.7348 17.0000 -60 6
145.7345 16.9500 -60 6
145.7339 16.9000 -60 6
145.7330 16.8500 -60 6
145.7317 16.8000 -60 6
145.7298 16.7500 -60 6
145.7275 16.7000 -60 6
145.7246 16.6500 -60 6
145.7210 16.6000 -60 6
145.7169 16.5500 -60 6
145.7120 16.5000 -60 6
145.7066 16.4500 -60 6
145.7004 16.4000 -60 6
145.7000 16.3969 -60 6
145.6932 16.3500 -60 6
145.6854 16.3000 -60 6
145.6769 16.2500 -60 6
145.6678 16.2000 -60 6
145.6582 16.1500 -60 6
145.6500 16.1092 -60 6
145.6480 16.1000 -60 6
145.6368 16.0500 -60 6
145.6251 16.0000 -60 6
145.6131 15.9500 -60 6
145.6007 15.9000 -60 6
145.6000 15.8972 -60 6
145.5872 15.8500 -60 6
145.5733 15.8000 -60 6
145.5591 15.7500 -60 6
145.5500 15.7186 -60 6
145.5442 15.7000 -60 6
145.5284 15.6500 -60 6
145.5123 15.6000 -60 6
145.5000 15.5624 -60 6
145.4957 15.5500 -60 6
145.4779 15.5000 -60 6
145.4601 15.4500 -60 6
145.4500 15.4216 -60 6
145.4418 15.4000 -60 6
145.4229 15.3500 -60 6
145.4046 15.3000 -60 6
145.4000 15.2872 -60 6
145.3858 15.2500 -60 6
145.3675 15.2000 -60 6
145.3504 15.1500 -60 6
145.3500 15.1489 -60 6
145.3328 15.1000 -60 6
145.3166 15.0500 -60 6
145.3014 15.0000 -60 6
145.3000 14.9950 -60 6
145.2860 14.9500 -60 6
145.2713 14.9000 -60 6
145.2574 14.8500 -60 6
145.2500 14.8231 -60 6
145.2432 14.8000 -60 6
145.2285 14.7500 -60 6
145.2138 14.7000 -60 6
145.2000 14.6534 -60 6
145.1989 14.6500 -60 6
145.1823 14.6000 -60 6
145.1651 14.5500 -60 6
145.1500 14.5082 -60 6
145.1469 14.5000 -60 6
145.1265 14.4500 -60 6
145.1052 14.4000 -60 6
145.1000 14.3888 -60 6
145.0815 14.3500 -60 6
145.0562 14.3000 -60 6
145.0500 14.2885 -60 6
145.0285 14.2500 -60 6
145.0000 14.2015 -60 6
144.9991 14.2000 -60 6
144.9669 14.1500 -60 6
144.9500 14.1252 -60 6
144.9325 14.1000 -60 6
144.9000 14.0558 -60 6
144.8956 14.0500 -60 6
144.8559 14.0000 -60 6
144.8500 13.9930 -60 6
144.8131 13.9500 -60 6
144.8000 13.9355 -60 6
144.7671 13.9000 -60 6
144.7500 13.8823 -60 6
144.7177 13.8500 -60 6
144.7000 13.8329 -60 6
144.6647 13.8000 -60 6
144.6500 13.7868 -60 6
144.6078 13.7500 -60 6
144.6000 13.7434 -60 6
144.5500 13.7026 -60 6
144.5467 13.7000 -60 6
144.5000 13.6643 -60 6
144.4808 13.6500 -60 6
144.4500 13.6276 -60 6
144.4109 13.6000 -60 6
144.4000 13.5924 -60 6
144.3500 13.5587 -60 6
144.3367 13.5500 -60 6
144.3000 13.5260 -60 6
144.2597 13.5000 -60 6
144.2500 13.4937 -60 6
144.2000 13.4620 -60 6
144.1810 13.4500 -60 6
144.1500 13.4303 -60 6
144.1031 13.4000 -60 6
144.1000 13.3980 -60 6
144.0500 13.3660 -60 6
144.0257 13.3500 -60 6
144.0000 13.3334 -60 6
143.9503 13.3000 -60 6
143.9500 13.2998 -60 6
143.9000 13.2672 -60 6
143.8745 13.2500 -60 6
143.8500 13.2342 -60 6
143.8000 13.2008 -60 6
143.7988 13.2000 -60 6
143.7500 13.1694 -60 6
143.7200 13.1500 -60 6
143.7000 13.1379 -60 6
143.6500 13.1071 -60 6
143.6384 13.1000 -60 6
143.6000 13.0781 -60 6
143.5526 13.0500 -60 6
143.5500 13.0486 -60 6
143.5000 13.0218 -60 6
143.4607 13.0000 -60 6
143.4500 12.9945 -60 6
143.4000 12.9694 -60 6
143.3625 12.9500 -60 6
143.3500 12.9441 -60 6
143.3000 12.9210 -60 6
143.2556 12.9000 -60 6
143.2500 12.8976 -60 6
143.2000 12.8771 -60 6
143.1500 12.8565 -60 6
143.1335 12.8500 -60 6
143.1000 12.8382 -60 6
143.0500 12.8215 -60 6
143.0000 12.8054 -60 6
142.9815 12.8000 -60 6
142.9500 12.7919 -60 6
142.9000 12.7806 -60 6
142.8500 12.7708 -60 6
142.8000 12.7626 -60 6
142.7500 12.7565 -60 6
142.7000 12.7526 -60 6
142.6500 12.7513 -60 6
142.6000 12.7530 -60 6
142.5500 12.7581 -60 6
142.5000 12.7669 -60 6
142.4500 12.7802 -60 6
142.4000 12.7986 -60 6
142.3967 12.8000 -60 6
142.3500 12.8334 -60 6
142.3310 12.8500 -60 6
142.3032 12.9000 -60 6
142.3000 12.9298 -60 6
142.2979 12.9500 -60 6
142.3000 12.9589 -60 6
142.3096 13.0000 -60 6
142.3368 13.0500 -60 6
142.3500 13.0655 -60 6
142.3812 13.1000 -60 6
142.4000 13.1150 -60 6
142.4470 13.1500 -60 6
142.4500 13.1518 -60 6
142.5000 13.1799 -60 6
142.5375 13.2000 -60 6
142.5500 13.2057 -60 6
142.6000 13.2285 -60 6
142.6457 13.2500 -60 6
142.6500 13.2518 -60 6
142.7000 13.2743 -60 6
142.7500 13.2988 -60 6
142.7522 13.3000 -60 6
142.8000 13.3241 -60 6
142.8461 13.3500 -60 6
142.8500 13.3521 -60 6
142.9000 13.3821 -60 6
142.9273 13.4000 -60 6
142.9500 13.4154 -60 6
142.9975 13.4500 -60 6
143.0000 13.4520 -60 6
143.0500 13.4933 -60 6
143.0577 13.5000 -60 6
143.1000 13.5417 -60 6
143.1081 13.5500 -60 6
143.1487 13.6000 -60 6
143.1500 13.6020 -60 6
143.1795 13.6500 -60 6
143.2000 13.7000 -60 6
143.2000 13.7001 -60 6
143.2096 13.7500 -60 6
143.2079 13.8000 -60 6
143.2000 13.8295 -60 6
143.1939 13.8500 -60 6
143.1669 13.9000 -60 6
143.1500 13.9228 -60 6
143.1269 13.9500 -60 6
143.1000 13.9775 -60 6
143.0751 14.0000 -60 6
143.0500 14.0225 -60 6
143.0159 14.0500 -60 6
143.0000 14.0641 -60 6
142.9562 14.1000 -60 6
