> Contour Depth = -20
185.9300 -14.5000 -20 1
185.9500 -14.5487 -20 1
185.9506 -14.5500 -20 1
185.9737 -14.6000 -20 1
185.9975 -14.6500 -20 1
186.0000 -14.6551 -20 1
186.0240 -14.7000 -20 1
186.0500 -14.7478 -20 1
186.0513 -14.7500 -20 1
186.0811 -14.8000 -20 1
186.1000 -14.8316 -20 1
186.1118 -14.8500 -20 1
186.1436 -14.9000 -20 1
186.1500 -14.9102 -20 1
186.1766 -14.9500 -20 1
186.2000 -14.9855 -20 1
186.2101 -15.0000 -20 1
186.2442 -15.0500 -20 1
186.2500 -15.0586 -20 1
186.2792 -15.1000 -20 1
186.3000 -15.1300 -20 1
186.3144 -15.1500 -20 1
186.3499 -15.2000 -20 1
186.3500 -15.2001 -20 1
186.3863 -15.2500 -20 1
186.4000 -15.2692 -20 1
186.4227 -15.3000 -20 1
186.4500 -15.3378 -20 1
186.4590 -15.3500 -20 1
186.4952 -15.4000 -20 1
186.5000 -15.4067 -20 1
186.5309 -15.4500 -20 1
186.5500 -15.4775 -20 1
186.5657 -15.5000 -20 1
186.5993 -15.5500 -20 1
186.6000 -15.5511 -20 1
186.6312 -15.6000 -20 1
186.6500 -15.6309 -20 1
186.6614 -15.6500 -20 1
186.6896 -15.7000 -20 1
186.7000 -15.7195 -20 1
186.7157 -15.7500 -20 1
186.7397 -15.8000 -20 1
186.7500 -15.8233 -20 1
186.7613 -15.8500 -20 1
186.7807 -15.9000 -20 1
186.7981 -15.9500 -20 1
186.8000 -15.9560 -20 1
186.8129 -16.0000 -20 1
186.8256 -16.0500 -20 1
186.8364 -16.1000 -20 1
186.8451 -16.1500 -20 1
186.8500 -16.1857 -20 1
186.8518 -16.2000 -20 1
186.8566 -16.2500 -20 1
186.8596 -16.3000 -20 1
186.8611 -16.3500 -20 1
186.8611 -16.4000 -20 1
186.8599 -16.4500 -20 1
186.8575 -16.5000 -20 1
186.8542 -16.5500 -20 1
186.8501 -16.6000 -20 1
186.8500 -16.6010 -20 1
186.8452 -16.6500 -20 1
186.8398 -16.7000 -20 1
186.8340 -16.7500 -20 1
186.8279 -16.8000 -20 1
186.8216 -16.8500 -20 1
186.8150 -16.9000 -20 1
186.8083 -16.9500 -20 1
186.8013 -17.0000 -20 1
186.8000 -17.0087 -20 1
186.7938 -17.0500 -20 1
186.7861 -17.1000 -20 1
186.7780 -17.1500 -20 1
186.7695 -17.2000 -20 1
186.7606 -17.2500 -20 1
186.7513 -17.3000 -20 1
186.7500 -17.3065 -20 1
186.7411 -17.3500 -20 1
186.7304 -17.4000 -20 1
186.7193 -17.4500 -20 1
186.7078 -17.5000 -20 1
186.7000 -17.5330 -20 1
186.6958 -17.5500 -20 1
186.6832 -17.6000 -20 1
186.6705 -17.6500 -20 1
186.6578 -17.7000 -20 1
186.6500 -17.7309 -20 1
186.6449 -17.7500 -20 1
186.6318 -17.8000 -20 1
186.6189 -17.8500 -20 1
186.6061 -17.9000 -20 1
186.6000 -17.9242 -20 1
186.5932 -17.9500 -20 1
186.5801 -18.0000 -20 1
186.5670 -18.0500 -20 1
186.5539 -18.1000 -20 1
186.5500 -18.1144 -20 1
186.5401 -18.1500 -20 1
186.5258 -18.2000 -20 1
186.5112 -18.2500 -20 1
186.5000 -18.2872 -20 1
186.4960 -18.3000 -20 1
186.4798 -18.3500 -20 1
186.4632 -18.4000 -20 1
186.4500 -18.4388 -20 1
186.4460 -18.4500 -20 1
186.4279 -18.5000 -20 1
186.4097 -18.5500 -20 1
186.4000 -18.5765 -20 1
186.3910 -18.6000 -20 1
186.3720 -18.6500 -20 1
186.3534 -18.7000 -20 1
186.3500 -18.7092 -20 1
186.3343 -18.7500 -20 1
186.3159 -18.8000 -20 1
186.3000 -18.8449 -20 1
186.2981 -18.8500 -20 1
186.2802 -18.9000 -20 1
186.2634 -18.9500 -20 1
186.2500 -18.9918 -20 1
186.2473 -19.0000 -20 1
186.2313 -19.0500 -20 1
186.2163 -19.1000 -20 1
186.2021 -19.1500 -20 1
186.2000 -19.1577 -20 1
186.1879 -19.2000 -20 1
186.1743 -19.2500 -20 1
186.1613 -19.3000 -20 1
186.1500 -19.3444 -20 1
186.1485 -19.3500 -20 1
186.1355 -19.4000 -20 1
186.1227 -19.4500 -20 1
186.1101 -19.5000 -20 1
186.1000 -19.5393 -20 1
186.0972 -19.5500 -20 1
186.0838 -19.6000 -20 1
186.0703 -19.6500 -20 1
186.0566 -19.7000 -20 1
186.0500 -19.7233 -20 1
186.0422 -19.7500 -20 1
186.0273 -19.8000 -20 1
186.0120 -19.8500 -20 1
186.0000 -19.8880 -20 1
185.9961 -19.9000 -20 1
185.9794 -19.9500 -20 1
185.9622 -20.0000 -20 1
185.9500 -20.0343 -20 1
185.9443 -20.0500 -20 1
185.9255 -20.1000 -20 1
185.9063 -20.1500 -20 1
185.9000 -20.1658 -20 1
185.8861 -20.2000 -20 1
185.8654 -20.2500 -20 1
185.8500 -20.2863 -20 1
185.8441 -20.3000 -20 1
185.8219 -20.3500 -20 1
185.8000 -20.3990 -20 1
185.7995 -20.4000 -20 1
185.7763 -20.4500 -20 1
185.7529 -20.5000 -20 1
185.7500 -20.5062 -20 1
185.7289 -20.5500 -20 1
185.7050 -20.6000 -20 1
185.7000 -20.6104 -20 1
185.6806 -20.6500 -20 1
185.6564 -20.7000 -20 1
185.6500 -20.7133 -20 1
185.6320 -20.7500 -20 1
185.6079 -20.8000 -20 1
185.6000 -20.8166 -20 1
185.5837 -20.8500 -20 1
185.5600 -20.9000 -20 1
185.5500 -20.9214 -20 1
185.5363 -20.9500 -20 1
185.5130 -21.0000 -20 1
185.5000 -21.0282 -20 1
185.4898 -21.0500 -20 1
185.4667 -21.1000 -20 1
185.4500 -21.1367 -20 1
185.4438 -21.1500 -20 1
185.4208 -21.2000 -20 1
185.4000 -21.2456 -20 1
185.3979 -21.2500 -20 1
185.3745 -21.3000 -20 1
185.3513 -21.3500 -20 1
185.3500 -21.3529 -20 1
185.3273 -21.4000 -20 1
185.3034 -21.4500 -20 1
185.3000 -21.4570 -20 1
185.2786 -21.5000 -20 1
185.2538 -21.5500 -20 1
185.2500 -21.5575 -20 1
185.2280 -21.6000 -20 1
185.2024 -21.6500 -20 1
185.2000 -21.6546 -20 1
185.1758 -21.7000 -20 1
185.1500 -21.7489 -20 1
185.1494 -21.7500 -20 1
185.1221 -21.8000 -20 1
185.1000 -21.8412 -20 1
185.0951 -21.8500 -20 1
185.0676 -21.9000 -20 1
185.0500 -21.9326 -20 1
185.0403 -21.9500 -20 1
185.0129 -22.0000 -20 1
185.0000 -22.0239 -20 1
184.9855 -22.0500 -20 1
184.9583 -22.1000 -20 1
184.9500 -22.1155 -20 1
184.9310 -22.1500 -20 1
184.9041 -22.2000 -20 1
184.9000 -22.2077 -20 1
184.8768 -22.2500 -20 1
184.8503 -22.3000 -20 1
184.8500 -22.3005 -20 1
184.8230 -22.3500 -20 1
184.8000 -22.3932 -20 1
184.7963 -22.4000 -20 1
184.7691 -22.4500 -20 1
184.7500 -22.4857 -20 1
184.7421 -22.5000 -20 1
184.7148 -22.5500 -20 1
184.7000 -22.5773 -20 1
184.6874 -22.6000 -20 1
184.6598 -22.6500 -20 1
184.6500 -22.6676 -20 1
184.6317 -22.7000 -20 1
184.6037 -22.7500 -20 1
184.6000 -22.7566 -20 1
184.5750 -22.8000 -20 1
184.5500 -22.8440 -20 1
184.5465 -22.8500 -20 1
184.5175 -22.9000 -20 1
184.5000 -22.9307 -20 1
184.4887 -22.9500 -20 1
184.4600 -23.0000 -20 1
184.4500 -23.0181 -20 1
184.4316 -23.0500 -20 1
184.4040 -23.1000 -20 1
184.4000 -23.1076 -20 1
184.3766 -23.1500 -20 1
184.3506 -23.2000 -20 1
184.3500 -23.2013 -20 1
184.3249 -23.2500 -20 1
184.3005 -23.3000 -20 1
184.3000 -23.3012 -20 1
184.2762 -23.3500 -20 1
184.2528 -23.4000 -20 1
184.2500 -23.4063 -20 1
184.2289 -23.4500 -20 1
184.2051 -23.5000 -20 1
184.2000 -23.5113 -20 1
184.1802 -23.5500 -20 1
184.1545 -23.6000 -20 1
184.1500 -23.6091 -20 1
184.1268 -23.6500 -20 1
184.1000 -23.6966 -20 1
184.0978 -23.7000 -20 1
184.0659 -23.7500 -20 1
184.0500 -23.7751 -20 1
184.0319 -23.8000 -20 1
184.0000 -23.8446 -20 1
183.9957 -23.8500 -20 1
183.9574 -23.9000 -20 1
183.9500 -23.9103 -20 1
183.9191 -23.9500 -20 1
183.9000 -23.9763 -20 1
183.8825 -24.0000 -20 1
183.8500 -24.0483 -20 1
183.8489 -24.0500 -20 1
183.8218 -24.1000 -20 1
183.8000 -24.1463 -20 1
183.7984 -24.1500 -20 1
183.7821 -24.2000 -20 1
183.7698 -24.2500 -20 1
183.7617 -24.3000 -20 1
183.7580 -24.3500 -20 1
183.7583 -24.4000 -20 1
183.7625 -24.4500 -20 1
183.7700 -24.5000 -20 1
183.7805 -24.5500 -20 1
183.7935 -24.6000 -20 1
183.8000 -24.6205 -20 1
183.8091 -24.6500 -20 1
183.8263 -24.7000 -20 1
183.8443 -24.7500 -20 1
183.8500 -24.7648 -20 1
183.8626 -24.8000 -20 1
183.8803 -24.8500 -20 1
183.8965 -24.9000 -20 1
183.9000 -24.9119 -20 1
183.9104 -24.9500 -20 1
183.9212 -25.0000 -20 1
183.9284 -25.0500 -20 1
183.9316 -25.1000 -20 1
183.9305 -25.1500 -20 1
183.9253 -25.2000 -20 1
183.9165 -25.2500 -20 1
183.9046 -25.3000 -20 1
183.9000 -25.3158 -20 1
183.8907 -25.3500 -20 1
183.8756 -25.4000 -20 1
183.8604 -25.4500 -20 1
183.8500 -25.4847 -20 1
183.8457 -25.5000 -20 1
183.8322 -25.5500 -20 1
183.8201 -25.6000 -20 1
183.8097 -25.6500 -20 1
183.8009 -25.7000 -20 1
183.8000 -25.7061 -20 1
183.7933 -25.7500 -20 1
183.7868 -25.8000 -20 1
183.7811 -25.8500 -20 1
183.7760 -25.9000 -20 1
183.7711 -25.9500 -20 1
183.7662 -26.0000 -20 1
183.7611 -26.0500 -20 1
183.7558 -26.1000 -20 1
183.7502 -26.1500 -20 1
183.7500 -26.1515 -20 1
183.7439 -26.2000 -20 1
183.7374 -26.2500 -20 1
183.7304 -26.3000 -20 1
183.7232 -26.3500 -20 1
183.7157 -26.4000 -20 1
183.7079 -26.4500 -20 1
183.7000 -26.4984 -20 1
183.6997 -26.5000 -20 1
183.6912 -26.5500 -20 1
183.6824 -26.6000 -20 1
183.6733 -26.6500 -20 1
183.6640 -26.7000 -20 1
183.6543 -26.7500 -20 1
183.6500 -26.7715 -20 1
183.6442 -26.8000 -20 1
183.6338 -26.8500 -20 1
183.6231 -26.9000 -20 1
183.6121 -26.9500 -20 1
183.6007 -27.0000 -20 1
183.6000 -27.0032 -20 1
183.5892 -27.0500 -20 1
183.5775 -27.1000 -20 1
183.5657 -27.1500 -20 1
183.5538 -27.2000 -20 1
183.5500 -27.2159 -20 1
183.5419 -27.2500 -20 1
183.5301 -27.3000 -20 1
183.5183 -27.3500 -20 1
183.5065 -27.4000 -20 1
183.5000 -27.4274 -20 1
183.4947 -27.4500 -20 1
183.4829 -27.5000 -20 1
183.4710 -27.5500 -20 1
183.4589 -27.6000 -20 1
183.4500 -27.6358 -20 1
183.4465 -27.6500 -20 1
183.4339 -27.7000 -20 1
183.4211 -27.7500 -20 1
183.4078 -27.8000 -20 1
183.4000 -27.8286 -20 1
183.3942 -27.8500 -20 1
183.3804 -27.9000 -20 1
183.3663 -27.9500 -20 1
183.3519 -28.0000 -20 1
183.3500 -28.0065 -20 1
183.3374 -28.0500 -20 1
183.3229 -28.1000 -20 1
183.3084 -28.1500 -20 1
183.3000 -28.1786 -20 1
183.2938 -28.2000 -20 1
183.2792 -28.2500 -20 1
183.2647 -28.3000 -20 1
183.2502 -28.3500 -20 1
183.2500 -28.3506 -20 1
183.2355 -28.4000 -20 1
183.2208 -28.4500 -20 1
183.2059 -28.5000 -20 1
183.2000 -28.5193 -20 1
183.1906 -28.5500 -20 1
183.1752 -28.6000 -20 1
183.1594 -28.6500 -20 1
183.1500 -28.6794 -20 1
183.1434 -28.7000 -20 1
183.1270 -28.7500 -20 1
183.1105 -28.8000 -20 1
183.1000 -28.8311 -20 1
183.0936 -28.8500 -20 1
183.0767 -28.9000 -20 1
183.0596 -28.9500 -20 1
183.0500 -28.9776 -20 1
183.0423 -29.0000 -20 1
183.0249 -29.0500 -20 1
183.0074 -29.1000 -20 1
183.0000 -29.1209 -20 1
182.9897 -29.1500 -20 1
182.9720 -29.2000 -20 1
182.9539 -29.2500 -20 1
182.9500 -29.2607 -20 1
182.9357 -29.3000 -20 1
182.9171 -29.3500 -20 1
182.9000 -29.3953 -20 1
182.8982 -29.4000 -20 1
182.8791 -29.4500 -20 1
182.8596 -29.5000 -20 1
182.8500 -29.5239 -20 1
182.8396 -29.5500 -20 1
182.8194 -29.6000 -20 1
182.8000 -29.6470 -20 1
182.7988 -29.6500 -20 1
182.7780 -29.7000 -20 1
182.7568 -29.7500 -20 1
182.7500 -29.7657 -20 1
182.7354 -29.8000 -20 1
182.7139 -29.8500 -20 1
182.7000 -29.8817 -20 1
182.6921 -29.9000 -20 1
182.6704 -29.9500 -20 1
182.6500 -29.9962 -20 1
182.6483 -30.0000 -20 1
182.6265 -30.0500 -20 1
182.6044 -30.1000 -20 1
182.6000 -30.1098 -20 1
182.5825 -30.1500 -20 1
182.5603 -30.2000 -20 1
182.5500 -30.2231 -20 1
182.5382 -30.2500 -20 1
182.5161 -30.3000 -20 1
182.5000 -30.3358 -20 1
182.4938 -30.3500 -20 1
182.4716 -30.4000 -20 1
182.4500 -30.4477 -20 1
182.4490 -30.4500 -20 1
182.4267 -30.5000 -20 1
182.4038 -30.5500 -20 1
182.4000 -30.5582 -20 1
182.3810 -30.6000 -20 1
182.3578 -30.6500 -20 1
182.3500 -30.6664 -20 1
182.3343 -30.7000 -20 1
182.3105 -30.7500 -20 1
182.3000 -30.7714 -20 1
182.2862 -30.8000 -20 1
182.2615 -30.8500 -20 1
182.2500 -30.8727 -20 1
182.2363 -30.9000 -20 1
182.2106 -30.9500 -20 1
182.2000 -30.9702 -20 1
182.1845 -31.0000 -20 1
182.1578 -31.0500 -20 1
182.1500 -31.0645 -20 1
182.1309 -31.1000 -20 1
182.1036 -31.1500 -20 1
182.1000 -31.1565 -20 1
182.0764 -31.2000 -20 1
182.0500 -31.2478 -20 1
182.0488 -31.2500 -20 1
182.0218 -31.3000 -20 1
182.0000 -31.3401 -20 1
181.9947 -31.3500 -20 1
181.9682 -31.4000 -20 1
181.9500 -31.4346 -20 1
181.9420 -31.4500 -20 1
181.9166 -31.5000 -20 1
181.9000 -31.5329 -20 1
181.8915 -31.5500 -20 1
181.8673 -31.6000 -20 1
181.8500 -31.6360 -20 1
181.8434 -31.6500 -20 1
181.8204 -31.7000 -20 1
181.8000 -31.7449 -20 1
181.7977 -31.7500 -20 1
181.7759 -31.8000 -20 1
181.7544 -31.8500 -20 1
181.7500 -31.8604 -20 1
181.7335 -31.9000 -20 1
181.7131 -31.9500 -20 1
181.7000 -31.9824 -20 1
181.6930 -32.0000 -20 1
181.6734 -32.0500 -20 1
181.6541 -32.1000 -20 1
181.6500 -32.1106 -20 1
181.6351 -32.1500 -20 1
181.6163 -32.2000 -20 1
181.6000 -32.2438 -20 1
181.5977 -32.2500 -20 1
181.5794 -32.3000 -20 1
181.5611 -32.3500 -20 1
181.5500 -32.3803 -20 1
181.5428 -32.4000 -20 1
181.5247 -32.4500 -20 1
181.5065 -32.5000 -20 1
181.5000 -32.5179 -20 1
181.4883 -32.5500 -20 1
181.4700 -32.6000 -20 1
181.4516 -32.6500 -20 1
181.4500 -32.6543 -20 1
181.4330 -32.7000 -20 1
181.4141 -32.7500 -20 1
181.4000 -32.7869 -20 1
181.3949 -32.8000 -20 1
181.3754 -32.8500 -20 1
181.3556 -32.9000 -20 1
181.3500 -32.9138 -20 1
181.3353 -32.9500 -20 1
181.3147 -33.0000 -20 1
181.3000 -33.0350 -20 1
181.2937 -33.0500 -20 1
181.2723 -33.1000 -20 1
181.2507 -33.1500 -20 1
181.2500 -33.1515 -20 1
181.2287 -33.2000 -20 1
181.2066 -33.2500 -20 1
181.2000 -33.2646 -20 1
181.1842 -33.3000 -20 1
181.1617 -33.3500 -20 1
181.1500 -33.3758 -20 1
181.1391 -33.4000 -20 1
181.1164 -33.4500 -20 1
181.1000 -33.4858 -20 1
181.0936 -33.5000 -20 1
181.0707 -33.5500 -20 1
181.0500 -33.5951 -20 1
181.0478 -33.6000 -20 1
181.0247 -33.6500 -20 1
181.0016 -33.7000 -20 1
181.0000 -33.7035 -20 1
180.9784 -33.7500 -20 1
180.9551 -33.8000 -20 1
180.9500 -33.8108 -20 1
180.9316 -33.8500 -20 1
180.9081 -33.9000 -20 1
180.9000 -33.9170 -20 1
180.8844 -33.9500 -20 1
180.8606 -34.0000 -20 1
180.8500 -34.0221 -20 1
180.8366 -34.0500 -20 1
180.8126 -34.1000 -20 1
180.8000 -34.1260 -20 1
180.7884 -34.1500 -20 1
180.7641 -34.2000 -20 1
180.7500 -34.2288 -20 1
180.7397 -34.2500 -20 1
180.7151 -34.3000 -20 1
180.7000 -34.3306 -20 1
180.6904 -34.3500 -20 1
180.6657 -34.4000 -20 1
180.6500 -34.4315 -20 1
180.6408 -34.4500 -20 1
180.6158 -34.5000 -20 1
180.6000 -34.5313 -20 1
180.5906 -34.5500 -20 1
180.5654 -34.6000 -20 1
180.5500 -34.6303 -20 1
180.5400 -34.6500 -20 1
180.5145 -34.7000 -20 1
180.5000 -34.7283 -20 1
180.4889 -34.7500 -20 1
180.4632 -34.8000 -20 1
180.4500 -34.8255 -20 1
180.4374 -34.8500 -20 1
180.4115 -34.9000 -20 1
180.4000 -34.9222 -20 1
180.3856 -34.9500 -20 1
180.3597 -35.0000 -20 1
180.3500 -35.0187 -20 1
180.3338 -35.0500 -20 1
180.3081 -35.1000 -20 1
180.3000 -35.1159 -20 1
180.2825 -35.1500 -20 1
180.2572 -35.2000 -20 1
180.2500 -35.2145 -20 1
180.2322 -35.2500 -20 1
180.2076 -35.3000 -20 1
180.2000 -35.3156 -20 1
180.1833 -35.3500 -20 1
180.1594 -35.4000 -20 1
180.1500 -35.4201 -20 1
180.1359 -35.4500 -20 1
180.1128 -35.5000 -20 1
180.1000 -35.5281 -20 1
180.0900 -35.5500 -20 1
180.0673 -35.6000 -20 1
180.0500 -35.6383 -20 1
180.0447 -35.6500 -20 1
180.0220 -35.7000 -20 1
180.0000 -35.7481 -20 1
179.9991 -35.7500 -20 1
179.9759 -35.8000 -20 1
179.9523 -35.8500 -20 1
179.9500 -35.8547 -20 1
179.9280 -35.9000 -20 1
179.9033 -35.9500 -20 1
179.9000 -35.9565 -20 1
179.8777 -36.0000 -20 1
179.8515 -36.0500 -20 1
179.8500 -36.0529 -20 1
179.8244 -36.1000 -20 1
179.8000 -36.1439 -20 1
179.7965 -36.1500 -20 1
179.7676 -36.2000 -20 1
179.7500 -36.2297 -20 1
179.7377 -36.2500 -20 1
179.7066 -36.3000 -20 1
179.7000 -36.3103 -20 1
179.6739 -36.3500 -20 1
179.6500 -36.3854 -20 1
179.6397 -36.4000 -20 1
179.6036 -36.4500 -20 1
179.6000 -36.4548 -20 1
179.5648 -36.5000 -20 1
179.5500 -36.5185 -20 1
179.5234 -36.5500 -20 1
179.5000 -36.5771 -20 1
179.4789 -36.6000 -20 1
179.4500 -36.6311 -20 1
179.4313 -36.6500 -20 1
179.4000 -36.6815 -20 1
179.3805 -36.7000 -20 1
179.3500 -36.7292 -20 1
179.3271 -36.7500 -20 1
179.3000 -36.7750 -20 1
179.2719 -36.8000 -20 1
179.2500 -36.8200 -20 1
179.2162 -36.8500 -20 1
179.2000 -36.8649 -20 1
179.1614 -36.9000 -20 1
179.1500 -36.9107 -20 1
179.1085 -36.9500 -20 1
179.1000 -36.9584 -20 1
179.0585 -37.0000 -20 1
179.0500 -37.0090 -20 1
179.0117 -37.0500 -20 1
179.0000 -37.0632 -20 1
178.9680 -37.1000 -20 1
178.9500 -37.1217 -20 1
178.9271 -37.1500 -20 1
178.9000 -37.1849 -20 1
178.8885 -37.2000 -20 1
178.8516 -37.2500 -20 1
178.8500 -37.2522 -20 1
178.8158 -37.3000 -20 1
178.8000 -37.3223 -20 1
178.7806 -37.3500 -20 1
178.7500 -37.3937 -20 1
178.7456 -37.4000 -20 1
178.7103 -37.4500 -20 1
178.7000 -37.4643 -20 1
178.6743 -37.5000 -20 1
178.6500 -37.5329 -20 1
178.6373 -37.5500 -20 1
178.6000 -37.5991 -20 1
178.5993 -37.6000 -20 1
178.5597 -37.6500 -20 1
178.5500 -37.6619 -20 1
178.5183 -37.7000 -20 1
178.5000 -37.7215 -20 1
178.4750 -37.7500 -20 1
178.4500 -37.7778 -20 1
178.4293 -37.8000 -20 1
178.4000 -37.8307 -20 1
178.3809 -37.8500 -20 1
178.3500 -37.8804 -20 1
178.3293 -37.9000 -20 1
178.3000 -37.9269 -20 1
178.2737 -37.9500 -20 1
178.2500 -37.9703 -20 1
178.2137 -38.0000 -20 1
178.2000 -38.0109 -20 1
178.1500 -38.0488 -20 1
178.1483 -38.0500 -20 1
178.1000 -38.0840 -20 1
178.0761 -38.1000 -20 1
178.0500 -38.1171 -20 1
178.0000 -38.1485 -20 1
177.9974 -38.1500 -20 1
177.9500 -38.1778 -20 1
177.9110 -38.2000 -20 1
177.9000 -38.2061 -20 1
177.8500 -38.2330 -20 1
177.8182 -38.2500 -20 1
177.8000 -38.2595 -20 1
177.7500 -38.2852 -20 1
177.7216 -38.3000 -20 1
177.7000 -38.3110 -20 1
177.6500 -38.3369 -20 1
177.6253 -38.3500 -20 1
177.6000 -38.3633 -20 1
177.5500 -38.3904 -20 1
177.5330 -38.4000 -20 1
177.5000 -38.4185 -20 1
177.4500 -38.4479 -20 1
177.4466 -38.4500 -20 1
177.4000 -38.4784 -20 1
177.3664 -38.5000 -20 1
177.3500 -38.5105 -20 1
177.3000 -38.5441 -20 1
177.2915 -38.5500 -20 1
177.2500 -38.5791 -20 1
177.2215 -38.6000 -20 1
177.2000 -38.6159 -20 1
177.1562 -38.6500 -20 1
177.1500 -38.6549 -20 1
177.1000 -38.6962 -20 1
177.0956 -38.7000 -20 1
177.0500 -38.7404 -20 1
177.0397 -38.7500 -20 1
177.0000 -38.7882 -20 1
176.9883 -38.8000 -20 1
176.9500 -38.8400 -20 1
176.9408 -38.8500 -20 1
176.9000 -38.8961 -20 1
176.8966 -38.9000 -20 1
176.8548 -38.9500 -20 1
176.8500 -38.9560 -20 1
176.8146 -39.0000 -20 1
176.8000 -39.0186 -20 1
176.7752 -39.0500 -20 1
176.7500 -39.0824 -20 1
176.7360 -39.1000 -20 1
176.7000 -39.1454 -20 1
176.6962 -39.1500 -20 1
176.6546 -39.2000 -20 1
176.6500 -39.2055 -20 1
176.6103 -39.2500 -20 1
176.6000 -39.2614 -20 1
176.5626 -39.3000 -20 1
176.5500 -39.3128 -20 1
176.5104 -39.3500 -20 1
176.5000 -39.3595 -20 1
176.4521 -39.4000 -20 1
176.4500 -39.4018 -20 1
176.4000 -39.4393 -20 1
176.3842 -39.4500 -20 1
176.3500 -39.4729 -20 1
176.3053 -39.5000 -20 1
176.3000 -39.5032 -20 1
176.2500 -39.5293 -20 1
176.2060 -39.5500 -20 1
176.2000 -39.5528 -20 1
176.1500 -39.5724 -20 1
176.1000 -39.5894 -20 1
176.0627 -39.6000 -20 1
176.0500 -39.6036 -20 1
176.0000 -39.6145 -20 1
175.9500 -39.6230 -20 1
175.9000 -39.6294 -20 1
175.8500 -39.6342 -20 1
175.8000 -39.6386 -20 1
175.7500 -39.6439 -20 1
175.7107 -39.6500 -20 1
175.7000 -39.6518 -20 1
175.6500 -39.6645 -20 1
175.6000 -39.6829 -20 1
175.5638 -39.7000 -20 1
175.5500 -39.7072 -20 1
175.5000 -39.7386 -20 1
175.4837 -39.7500 -20 1
175.4500 -39.7762 -20 1
175.4202 -39.8000 -20 1
175.4000 -39.8180 -20 1
175.3627 -39.8500 -20 1
175.3500 -39.8619 -20 1
175.3051 -39.9000 -20 1
175.3000 -39.9046 -20 1
175.2500 -39.9437 -20 1
175.2402 -39.9500 -20 1
175.2000 -39.9770 -20 1
175.1533 -40.0000 -20 1
175.1500 -40.0017 -20 1
175.1000 -40.0235 -20 1
175.0500 -40.0396 -20 1
175.0125 -40.0500 -20 1
175.0000 -40.0537 -20 1
174.9500 -40.0693 -20 1
174.9000 -40.0847 -20 1
174.8531 -40.1000 -20 1
174.8500 -40.1011 -20 1
174.8000 -40.1232 -20 1
174.7500 -40.1461 -20 1
174.7429 -40.1500 -20 1
174.7000 -40.1755 -20 1
174.6611 -40.2000 -20 1
174.6500 -40.2077 -20 1
174.6000 -40.2456 -20 1
174.5947 -40.2500 -20 1
174.5500 -40.2903 -20 1
174.5398 -40.3000 -20 1
174.5000 -40.3410 -20 1
174.4917 -40.3500 -20 1
174.4500 -40.3985 -20 1
174.4487 -40.4000 -20 1
174.4122 -40.4500 -20 1
174.4000 -40.4680 -20 1
174.3793 -40.5000 -20 1
174.3500 -40.5482 -20 1
174.3489 -40.5500 -20 1
174.3253 -40.6000 -20 1
174.3041 -40.6500 -20 1
174.3000 -40.6637 -20 1
174.2895 -40.7000 -20 1
174.2805 -40.7500 -20 1
174.2769 -40.8000 -20 1
174.2781 -40.8500 -20 1
174.2818 -40.9000 -20 1
174.2847 -40.9500 -20 1
174.2837 -41.0000 -20 1
174.2764 -41.0500 -20 1
174.2621 -41.1000 -20 1
174.2500 -41.1271 -20 1
174.2406 -41.1500 -20 1
174.2121 -41.2000 -20 1
174.2000 -41.2164 -20 1
174.1771 -41.2500 -20 1
174.1500 -41.2824 -20 1
174.1363 -41.3000 -20 1
174.1000 -41.3392 -20 1
174.0907 -41.3500 -20 1
174.0500 -41.3910 -20 1
174.0417 -41.4000 -20 1
174.0000 -41.4406 -20 1
173.9910 -41.4500 -20 1
173.9500 -41.4896 -20 1
173.9401 -41.5000 -20 1
173.9000 -41.5397 -20 1
173.8904 -41.5500 -20 1
173.8500 -41.5920 -20 1
173.8429 -41.6000 -20 1
173.8000 -41.6477 -20 1
173.7981 -41.6500 -20 1
173.7562 -41.7000 -20 1
173.7500 -41.7074 -20 1
173.7168 -41.7500 -20 1
173.7000 -41.7717 -20 1
173.6793 -41.8000 -20 1
173.6500 -41.8402 -20 1
173.6432 -41.8500 -20 1
173.6078 -41.9000 -20 1
173.6000 -41.9107 -20 1
173.5723 -41.9500 -20 1
173.5500 -41.9803 -20 1
173.5357 -42.0000 -20 1
173.5000 -42.0465 -20 1
173.4973 -42.0500 -20 1
173.4562 -42.1000 -20 1
173.4500 -42.1070 -20 1
173.4110 -42.1500 -20 1
173.4000 -42.1612 -20 1
173.3607 -42.2000 -20 1
173.3500 -42.2097 -20 1
173.3037 -42.2500 -20 1
173.3000 -42.2530 -20 1
173.2500 -42.2911 -20 1
173.2376 -42.3000 -20 1
173.2000 -42.3251 -20 1
173.1600 -42.3500 -20 1
173.1500 -42.3558 -20 1
173.1000 -42.3829 -20 1
173.0659 -42.4000 -20 1
173.0500 -42.4076 -20 1
173.0000 -42.4295 -20 1
172.9500 -42.4498 -20 1
172.9495 -42.4500 -20 1
172.9000 -42.4677 -20 1
172.8500 -42.4844 -20 1
172.8007 -42.5000 -20 1
172.8000 -42.5002 -20 1
172.7500 -42.5144 -20 1
172.7000 -42.5280 -20 1
172.6500 -42.5412 -20 1
172.6157 -42.5500 -20 1
172.6000 -42.5539 -20 1
172.5500 -42.5660 -20 1
172.5000 -42.5782 -20 1
172.4500 -42.5904 -20 1
172.4116 -42.6000 -20 1
172.4000 -42.6028 -20 1
172.3500 -42.6152 -20 1
172.3000 -42.6281 -20 1
172.2500 -42.6415 -20 1
172.2200 -42.6500 -20 1
172.2000 -42.6555 -20 1
172.1500 -42.6701 -20 1
172.1000 -42.6856 -20 1
172.0564 -42.7000 -20 1
172.0500 -42.7021 -20 1
172.0000 -42.7200 -20 1
171.9500 -42.7393 -20 1
171.9248 -42.7500 -20 1
171.9000 -42.7608 -20 1
171.8500 -42.7849 -20 1
171.8218 -42.8000 -20 1
171.8000 -42.8125 -20 1
171.7500 -42.8446 -20 1
171.7425 -42.8500 -20 1
171.7000 -42.8840 -20 1
171.6821 -42.9000 -20 1
> Contour Depth = -20
182.6000 -14.7985 -20 2
182.6500 -14.7952 -20 2
182.7000 -14.7925 -20 2
182.7500 -14.7946 -20 2
182.7733 -14.8000 -20 2
182.8000 -14.8058 -20 2
182.8500 -14.8310 -20 2
182.8717 -14.8500 -20 2
182.9000 -14.8775 -20 2
182.9158 -14.9000 -20 2
182.9446 -14.9500 -20 2
182.9500 -14.9619 -20 2
182.9642 -15.0000 -20 2
182.9781 -15.0500 -20 2
182.9880 -15.1000 -20 2
182.9945 -15.1500 -20 2
182.9983 -15.2000 -20 2
182.9996 -15.2500 -20 2
182.9987 -15.3000 -20 2
182.9956 -15.3500 -20 2
182.9904 -15.4000 -20 2
182.9831 -15.4500 -20 2
182.9736 -15.5000 -20 2
182.9623 -15.5500 -20 2
182.9500 -15.5981 -20 2
182.9494 -15.6000 -20 2
182.9336 -15.6500 -20 2
182.9178 -15.7000 -20 2
182.9028 -15.7500 -20 2
182.9000 -15.7606 -20 2
182.8870 -15.8000 -20 2
182.8728 -15.8500 -20 2
182.8601 -15.9000 -20 2
182.8500 -15.9412 -20 2
182.8472 -15.9500 -20 2
182.8308 -16.0000 -20 2
182.8113 -16.0500 -20 2
182.8000 -16.0733 -20 2
182.7830 -16.1000 -20 2
182.7500 -16.1419 -20 2
182.7408 -16.1500 -20 2
182.7000 -16.1798 -20 2
182.6534 -16.2000 -20 2
182.6500 -16.2012 -20 2
182.6000 -16.2064 -20 2
182.5608 -16.2000 -20 2
182.5500 -16.1977 -20 2
182.5000 -16.1686 -20 2
182.4805 -16.1500 -20 2
182.4500 -16.1054 -20 2
182.4472 -16.1000 -20 2
182.4323 -16.0500 -20 2
182.4270 -16.0000 -20 2
182.4291 -15.9500 -20 2
182.4361 -15.9000 -20 2
182.4454 -15.8500 -20 2
182.4500 -15.8267 -20 2
182.4552 -15.8000 -20 2
182.4630 -15.7500 -20 2
182.4673 -15.7000 -20 2
182.4679 -15.6500 -20 2
182.4651 -15.6000 -20 2
182.4594 -15.5500 -20 2
182.4515 -15.5000 -20 2
182.4500 -15.4927 -20 2
182.4424 -15.4500 -20 2
182.4324 -15.4000 -20 2
182.4221 -15.3500 -20 2
182.4117 -15.3000 -20 2
182.4017 -15.2500 -20 2
182.4000 -15.2408 -20 2
182.3928 -15.2000 -20 2
182.3852 -15.1500 -20 2
182.3793 -15.1000 -20 2
182.3757 -15.0500 -20 2
182.3749 -15.0000 -20 2
182.3782 -14.9500 -20 2
182.3871 -14.9000 -20 2
182.4000 -14.8604 -20 2
182.4069 -14.8500 -20 2
182.4500 -14.8111 -20 2
182.5000 -14.8014 -20 2
182.5500 -14.8003 -20 2
182.5570 -14.8000 -20 2
182.6000 -14.7985 -20 2
> Contour Depth = -20
181.2257 -15.3000 -20 3
181.2500 -15.3462 -20 3
181.2521 -15.3500 -20 3
181.2742 -15.4000 -20 3
181.2908 -15.4500 -20 3
181.3000 -15.4953 -20 3
181.3011 -15.5000 -20 3
181.3042 -15.5500 -20 3
181.3000 -15.5841 -20 3
181.2980 -15.6000 -20 3
181.2808 -15.6500 -20 3
181.2500 -15.6973 -20 3
181.2480 -15.7000 -20 3
181.2000 -15.7462 -20 3
181.1954 -15.7500 -20 3
181.1500 -15.7796 -20 3
181.1107 -15.8000 -20 3
181.1000 -15.8049 -20 3
181.0500 -15.8235 -20 3
181.0000 -15.8366 -20 3
180.9500 -15.8448 -20 3
180.9000 -15.8487 -20 3
180.8500 -15.8494 -20 3
180.8000 -15.8479 -20 3
180.7500 -15.8453 -20 3
180.7000 -15.8427 -20 3
180.6500 -15.8410 -20 3
180.6000 -15.8407 -20 3
180.5500 -15.8422 -20 3
180.5000 -15.8455 -20 3
180.4527 -15.8500 -20 3
180.4500 -15.8503 -20 3
180.4000 -15.8563 -20 3
180.3500 -15.8626 -20 3
180.3000 -15.8680 -20 3
180.2500 -15.8717 -20 3
180.2000 -15.8727 -20 3
180.1500 -15.8700 -20 3
180.1000 -15.8627 -20 3
180.0500 -15.8501 -20 3
180.0497 -15.8500 -20 3
180.0000 -15.8296 -20 3
179.9500 -15.8022 -20 3
179.9465 -15.8000 -20 3
> Contour Depth = -20
178.8000 -19.3235 -20 4
178.8480 -19.3000 -20 4
178.8500 -19.2991 -20 4
178.9000 -19.2745 -20 4
178.9485 -19.2500 -20 4
178.9500 -19.2493 -20 4
179.0000 -19.2230 -20 4
179.0411 -19.2000 -20 4
179.0500 -19.1951 -20 4
179.1000 -19.1650 -20 4
179.1227 -19.1500 -20 4
179.1500 -19.1319 -20 4
179.1934 -19.1000 -20 4
179.2000 -19.0950 -20 4
179.2500 -19.0532 -20 4
179.2534 -19.0500 -20 4
179.3000 -19.0048 -20 4
179.3044 -19.0000 -20 4
179.3484 -18.9500 -20 4
179.3500 -18.9481 -20 4
179.3863 -18.9000 -20 4
179.4000 -18.8804 -20 4
179.4198 -18.8500 -20 4
179.4493 -18.8000 -20 4
179.4500 -18.7988 -20 4
179.4752 -18.7500 -20 4
179.4980 -18.7000 -20 4
179.5000 -18.6951 -20 4
179.5181 -18.6500 -20 4
179.5352 -18.6000 -20 4
179.5492 -18.5500 -20 4
179.5500 -18.5465 -20 4
179.5612 -18.5000 -20 4
179.5704 -18.4500 -20 4
179.5769 -18.4000 -20 4
179.5811 -18.3500 -20 4
179.5833 -18.3000 -20 4
179.5838 -18.2500 -20 4
179.5831 -18.2000 -20 4
179.5812 -18.1500 -20 4
179.5787 -18.1000 -20 4
179.5757 -18.0500 -20 4
179.5723 -18.0000 -20 4
179.5689 -17.9500 -20 4
179.5655 -17.9000 -20 4
179.5624 -17.8500 -20 4
179.5597 -17.8000 -20 4
179.5576 -17.7500 -20 4
179.5565 -17.7000 -20 4
179.5568 -17.6500 -20 4
179.5591 -17.6000 -20 4
179.5649 -17.5500 -20 4
179.5761 -17.5000 -20 4
179.5968 -17.4500 -20 4
179.6000 -17.4450 -20 4
179.6500 -17.4014 -20 4
179.6560 -17.4000 -20 4
179.7000 -17.3924 -20 4
179.7403 -17.4000 -20 4
179.7500 -17.4020 -20 4
179.8000 -17.4292 -20 4
179.8251 -17.4500 -20 4
179.8500 -17.4743 -20 4
179.8709 -17.5000 -20 4
179.9000 -17.5429 -20 4
179.9043 -17.5500 -20 4
179.9299 -17.6000 -20 4
179.9500 -17.6465 -20 4
179.9515 -17.6500 -20 4
179.9694 -17.7000 -20 4
179.9849 -17.7500 -20 4
179.9983 -17.8000 -20 4
180.0000 -17.8077 -20 4
180.0098 -17.8500 -20 4
180.0196 -17.9000 -20 4
180.0278 -17.9500 -20 4
180.0345 -18.0000 -20 4
180.0400 -18.0500 -20 4
180.0444 -18.1000 -20 4
180.0481 -18.1500 -20 4
180.0500 -18.1775 -20 4
180.0516 -18.2000 -20 4
180.0555 -18.2500 -20 4
180.0605 -18.3000 -20 4
180.0672 -18.3500 -20 4
180.0763 -18.4000 -20 4
180.0883 -18.4500 -20 4
180.1000 -18.4886 -20 4
180.1036 -18.5000 -20 4
180.1222 -18.5500 -20 4
180.1436 -18.6000 -20 4
180.1500 -18.6134 -20 4
180.1677 -18.6500 -20 4
180.1935 -18.7000 -20 4
180.2000 -18.7120 -20 4
180.2206 -18.7500 -20 4
180.2477 -18.8000 -20 4
180.2500 -18.8042 -20 4
180.2749 -18.8500 -20 4
180.3000 -18.8989 -20 4
180.3006 -18.9000 -20 4
180.3255 -18.9500 -20 4
180.3482 -19.0000 -20 4
180.3500 -19.0041 -20 4
180.3698 -19.0500 -20 4
180.3893 -19.1000 -20 4
180.4000 -19.1298 -20 4
180.4072 -19.1500 -20 4
180.4239 -19.2000 -20 4
180.4391 -19.2500 -20 4
180.4500 -19.2892 -20 4
180.4530 -19.3000 -20 4
180.4662 -19.3500 -20 4
180.4781 -19.4000 -20 4
180.4888 -19.4500 -20 4
180.4982 -19.5000 -20 4
180.5000 -19.5111 -20 4
180.5062 -19.5500 -20 4
180.5125 -19.6000 -20 4
180.5168 -19.6500 -20 4
180.5191 -19.7000 -20 4
180.5193 -19.7500 -20 4
180.5173 -19.8000 -20 4
180.5132 -19.8500 -20 4
180.5071 -19.9000 -20 4
180.5000 -19.9449 -20 4
180.4992 -19.9500 -20 4
180.4891 -20.0000 -20 4
180.4775 -20.0500 -20 4
180.4647 -20.1000 -20 4
180.4509 -20.1500 -20 4
180.4500 -20.1530 -20 4
180.4353 -20.2000 -20 4
180.4190 -20.2500 -20 4
180.4022 -20.3000 -20 4
180.4000 -20.3062 -20 4
180.3838 -20.3500 -20 4
180.3649 -20.4000 -20 4
180.3500 -20.4382 -20 4
180.3452 -20.4500 -20 4
180.3239 -20.5000 -20 4
180.3021 -20.5500 -20 4
180.3000 -20.5545 -20 4
180.2780 -20.6000 -20 4
180.2531 -20.6500 -20 4
180.2500 -20.6559 -20 4
180.2256 -20.7000 -20 4
180.2000 -20.7447 -20 4
180.1968 -20.7500 -20 4
180.1652 -20.8000 -20 4
180.1500 -20.8232 -20 4
180.1316 -20.8500 -20 4
180.1000 -20.8948 -20 4
180.0961 -20.9000 -20 4
180.0581 -20.9500 -20 4
180.0500 -20.9604 -20 4
180.0179 -21.0000 -20 4
180.0000 -21.0221 -20 4
179.9762 -21.0500 -20 4
179.9500 -21.0809 -20 4
179.9329 -21.1000 -20 4
179.9000 -21.1374 -20 4
179.8883 -21.1500 -20 4
179.8500 -21.1921 -20 4
179.8423 -21.2000 -20 4
179.8000 -21.2450 -20 4
179.7950 -21.2500 -20 4
179.7500 -21.2965 -20 4
179.7464 -21.3000 -20 4
179.7000 -21.3467 -20 4
179.6965 -21.3500 -20 4
179.6500 -21.3957 -20 4
179.6453 -21.4000 -20 4
179.6000 -21.4435 -20 4
179.5927 -21.4500 -20 4
179.5500 -21.4899 -20 4
179.5382 -21.5000 -20 4
179.5000 -21.5344 -20 4
179.4807 -21.5500 -20 4
179.4500 -21.5762 -20 4
179.4185 -21.6000 -20 4
179.4000 -21.6146 -20 4
179.3500 -21.6490 -20 4
179.3483 -21.6500 -20 4
179.3000 -21.6785 -20 4
179.2562 -21.7000 -20 4
179.2500 -21.7032 -20 4
179.2000 -21.7219 -20 4
179.1500 -21.7347 -20 4
179.1000 -21.7409 -20 4
179.0500 -21.7392 -20 4
179.0000 -21.7286 -20 4
178.9500 -21.7080 -20 4
> Contour Depth = -40
181.7000 -14.9762 -40 5
181.7500 -14.9841 -40 5
181.8000 -14.9776 -40 5
181.8500 -14.9519 -40 5
181.8520 -14.9500 -40 5
181.8982 -14.9000 -40 5
181.9000 -14.8978 -40 5
181.9261 -14.8500 -40 5
181.9498 -14.8000 -40 5
181.9500 -14.7996 -40 5
181.9667 -14.7500 -40 5
181.9820 -14.7000 -40 5
181.9960 -14.6500 -40 5
182.0000 -14.6347 -40 5
182.0075 -14.6000 -40 5
182.0175 -14.5500 -40 5
182.0264 -14.5000 -40 5
182.0342 -14.4500 -40 5
182.0407 -14.4000 -40 5
182.0458 -14.3500 -40 5
182.0495 -14.3000 -40 5
182.0500 -14.2876 -40 5
182.0515 -14.2500 -40 5
182.0521 -14.2000 -40 5
182.0515 -14.1500 -40 5
> Contour Depth = -40
183.1499 -14.4000 -40 6
183.1500 -14.4009 -40 6
183.1580 -14.4500 -40 6
183.1691 -14.5000 -40 6
183.1823 -14.5500 -40 6
183.1966 -14.6000 -40 6
183.2000 -14.6107 -40 6
183.2126 -14.6500 -40 6
183.2287 -14.7000 -40 6
183.2445 -14.7500 -40 6
183.2500 -14.7673 -40 6
183.2612 -14.8000 -40 6
183.2780 -14.8500 -40 6
183.2942 -14.9000 -40 6
183.3000 -14.9180 -40 6
183.3117 -14.9500 -40 6
183.3299 -15.0000 -40 6
183.3480 -15.0500 -40 6
183.3500 -15.0555 -40 6
183.3691 -15.1000 -40 6
183.3908 -15.1500 -40 6
183.4000 -15.1709 -40 6
183.4152 -15.2000 -40 6
183.4417 -15.2500 -40 6
183.4500 -15.2656 -40 6
183.4721 -15.3000 -40 6
183.5000 -15.3433 -40 6
183.5053 -15.3500 -40 6
183.5441 -15.4000 -40 6
183.5500 -15.4077 -40 6
183.5896 -15.4500 -40 6
183.6000 -15.4613 -40 6
183.6434 -15.5000 -40 6
183.6500 -15.5061 -40 6
183.7000 -15.5437 -40 6
183.7102 -15.5500 -40 6
183.7500 -15.5760 -40 6
183.7922 -15.6000 -40 6
183.8000 -15.6047 -40 6
183.8500 -15.6323 -40 6
183.8812 -15.6500 -40 6
183.9000 -15.6614 -40 6
183.9500 -15.6954 -40 6
183.9557 -15.7000 -40 6
184.0000 -15.7387 -40 6
184.0105 -15.7500 -40 6
184.0500 -15.7964 -40 6
184.0525 -15.8000 -40 6
184.0851 -15.8500 -40 6
184.1000 -15.8755 -40 6
184.1124 -15.9000 -40 6
184.1351 -15.9500 -40 6
184.1500 -15.9871 -40 6
184.1546 -16.0000 -40 6
184.1701 -16.0500 -40 6
184.1827 -16.1000 -40 6
184.1921 -16.1500 -40 6
184.1978 -16.2000 -40 6
184.1994 -16.2500 -40 6
184.1965 -16.3000 -40 6
184.1890 -16.3500 -40 6
184.1767 -16.4000 -40 6
184.1600 -16.4500 -40 6
184.1500 -16.4740 -40 6
184.1388 -16.5000 -40 6
184.1142 -16.5500 -40 6
184.1000 -16.5761 -40 6
184.0875 -16.6000 -40 6
184.0596 -16.6500 -40 6
184.0500 -16.6665 -40 6
184.0322 -16.7000 -40 6
184.0053 -16.7500 -40 6
184.0000 -16.7595 -40 6
183.9804 -16.8000 -40 6
183.9562 -16.8500 -40 6
183.9500 -16.8628 -40 6
183.9342 -16.9000 -40 6
183.9131 -16.9500 -40 6
183.9000 -16.9811 -40 6
183.8930 -17.0000 -40 6
183.8744 -17.0500 -40 6
183.8558 -17.1000 -40 6
183.8500 -17.1156 -40 6
183.8383 -17.1500 -40 6
183.8211 -17.2000 -40 6
183.8035 -17.2500 -40 6
183.8000 -17.2599 -40 6
183.7864 -17.3000 -40 6
183.7689 -17.3500 -40 6
183.7504 -17.4000 -40 6
183.7500 -17.4012 -40 6
183.7319 -17.4500 -40 6
183.7123 -17.5000 -40 6
183.7000 -17.5302 -40 6
183.6916 -17.5500 -40 6
183.6697 -17.6000 -40 6
183.6500 -17.6429 -40 6
183.6463 -17.6500 -40 6
183.6208 -17.7000 -40 6
183.6000 -17.7391 -40 6
183.5930 -17.7500 -40 6
183.5611 -17.8000 -40 6
183.5500 -17.8175 -40 6
183.5225 -17.8500 -40 6
183.5000 -17.8764 -40 6
183.4701 -17.9000 -40 6
183.4500 -17.9161 -40 6
183.4000 -17.9392 -40 6
183.3500 -17.9490 -40 6
183.3000 -17.9498 -40 6
183.2500 -17.9434 -40 6
183.2000 -17.9302 -40 6
183.1500 -17.9096 -40 6
183.1331 -17.9000 -40 6
183.1000 -17.8813 -40 6
183.0590 -17.8500 -40 6
183.0500 -17.8427 -40 6
183.0085 -17.8000 -40 6
183.0000 -17.7903 -40 6
182.9703 -17.7500 -40 6
182.9500 -17.7185 -40 6
182.9393 -17.7000 -40 6
182.9133 -17.6500 -40 6
182.9000 -17.6213 -40 6
182.8904 -17.6000 -40 6
182.8690 -17.5500 -40 6
182.8500 -17.5029 -40 6
182.8488 -17.5000 -40 6
182.8269 -17.4500 -40 6
182.8040 -17.4000 -40 6
182.8000 -17.3919 -40 6
182.7761 -17.3500 -40 6
182.7500 -17.3095 -40 6
182.7425 -17.3000 -40 6
182.7000 -17.2535 -40 6
182.6958 -17.2500 -40 6
182.6500 -17.2171 -40 6
182.6158 -17.2000 -40 6
182.6000 -17.1931 -40 6
182.5500 -17.1789 -40 6
182.5000 -17.1708 -40 6
182.4500 -17.1673 -40 6
182.4000 -17.1669 -40 6
182.3500 -17.1683 -40 6
182.3000 -17.1706 -40 6
182.2500 -17.1728 -40 6
182.2000 -17.1743 -40 6
182.1500 -17.1746 -40 6
182.1000 -17.1733 -40 6
182.0500 -17.1701 -40 6
182.0000 -17.1649 -40 6
181.9500 -17.1577 -40 6
181.9073 -17.1500 -40 6
181.9000 -17.1487 -40 6
181.8500 -17.1384 -40 6
181.8000 -17.1269 -40 6
181.7500 -17.1145 -40 6
181.7000 -17.1017 -40 6
181.6930 -17.1000 -40 6
181.6500 -17.0896 -40 6
181.6000 -17.0780 -40 6
181.5500 -17.0668 -40 6
181.5000 -17.0565 -40 6
181.4629 -17.0500 -40 6
181.4500 -17.0476 -40 6
181.4000 -17.0411 -40 6
181.3500 -17.0378 -40 6
181.3000 -17.0398 -40 6
181.2500 -17.0485 -40 6
181.2451 -17.0500 -40 6
181.2000 -17.0660 -40 6
181.1500 -17.0880 -40 6
181.1216 -17.1000 -40 6
181.1000 -17.1103 -40 6
181.0500 -17.1275 -40 6
181.0000 -17.1358 -40 6
180.9500 -17.1366 -40 6
180.9000 -17.1319 -40 6
180.8500 -17.1233 -40 6
180.8000 -17.1112 -40 6
180.7654 -17.1000 -40 6
180.7500 -17.0961 -40 6
180.7000 -17.0788 -40 6
180.6500 -17.0546 -40 6
180.6429 -17.0500 -40 6
180.6000 -17.0229 -40 6
180.5758 -17.0000 -40 6
180.5500 -16.9727 -40 6
180.5351 -16.9500 -40 6
180.5091 -16.9000 -40 6
180.5000 -16.8775 -40 6
180.4915 -16.8500 -40 6
180.4792 -16.8000 -40 6
180.4700 -16.7500 -40 6
180.4626 -16.7000 -40 6
180.4560 -16.6500 -40 6
180.4500 -16.6050 -40 6
180.4494 -16.6000 -40 6
180.4414 -16.5500 -40 6
180.4306 -16.5000 -40 6
180.4150 -16.4500 -40 6
180.4000 -16.4175 -40 6
180.3909 -16.4000 -40 6
180.3520 -16.3500 -40 6
180.3500 -16.3482 -40 6
180.3000 -16.3104 -40 6
180.2825 -16.3000 -40 6
180.2500 -16.2853 -40 6
180.2000 -16.2672 -40 6
180.1500 -16.2525 -40 6
180.1400 -16.2500 -40 6
180.1000 -16.2415 -40 6
180.0500 -16.2323 -40 6
180.0000 -16.2242 -40 6
179.9500 -16.2173 -40 6
179.9000 -16.2117 -40 6
179.8500 -16.2080 -40 6
179.8000 -16.2066 -40 6
179.7500 -16.2082 -40 6
179.7000 -16.2138 -40 6
179.6500 -16.2243 -40 6
179.6000 -16.2408 -40 6
179.5799 -16.2500 -40 6
179.5500 -16.2661 -40 6
179.5026 -16.3000 -40 6
179.5000 -16.3022 -40 6
> Contour Depth = -40
185.5365 -14.4500 -40 7
185.5500 -14.4906 -40 7
185.5530 -14.5000 -40 7
185.5685 -14.5500 -40 7
185.5839 -14.6000 -40 7
185.5994 -14.6500 -40 7
185.6000 -14.6519 -40 7
185.6143 -14.7000 -40 7
185.6292 -14.7500 -40 7
185.6443 -14.8000 -40 7
185.6500 -14.8190 -40 7
185.6593 -14.8500 -40 7
185.6742 -14.9000 -40 7
185.6892 -14.9500 -40 7
185.7000 -14.9862 -40 7
185.7042 -15.0000 -40 7
185.7188 -15.0500 -40 7
185.7330 -15.1000 -40 7
185.7468 -15.1500 -40 7
185.7500 -15.1627 -40 7
185.7597 -15.2000 -40 7
185.7715 -15.2500 -40 7
185.7821 -15.3000 -40 7
185.7910 -15.3500 -40 7
185.7978 -15.4000 -40 7
185.8000 -15.4251 -40 7
185.8022 -15.4500 -40 7
185.8040 -15.5000 -40 7
185.8027 -15.5500 -40 7
185.8000 -15.5820 -40 7
185.7984 -15.6000 -40 7
185.7912 -15.6500 -40 7
185.7816 -15.7000 -40 7
185.7701 -15.7500 -40 7
185.7576 -15.8000 -40 7
185.7500 -15.8298 -40 7
185.7450 -15.8500 -40 7
185.7329 -15.9000 -40 7
185.7220 -15.9500 -40 7
185.7123 -16.0000 -40 7
185.7040 -16.0500 -40 7
185.7000 -16.0791 -40 7
185.6972 -16.1000 -40 7
185.6916 -16.1500 -40 7
185.6869 -16.2000 -40 7
185.6830 -16.2500 -40 7
185.6795 -16.3000 -40 7
185.6762 -16.3500 -40 7
185.6729 -16.4000 -40 7
185.6692 -16.4500 -40 7
185.6651 -16.5000 -40 7
185.6602 -16.5500 -40 7
185.6545 -16.6000 -40 7
185.6500 -16.6341 -40 7
185.6479 -16.6500 -40 7
185.6402 -16.7000 -40 7
185.6314 -16.7500 -40 7
185.6216 -16.8000 -40 7
185.6107 -16.8500 -40 7
185.6000 -16.8952 -40 7
185.5988 -16.9000 -40 7
185.5859 -16.9500 -40 7
185.5722 -17.0000 -40 7
185.5578 -17.0500 -40 7
185.5500 -17.0758 -40 7
185.5426 -17.1000 -40 7
185.5268 -17.1500 -40 7
185.5107 -17.2000 -40 7
185.5000 -17.2325 -40 7
185.4941 -17.2500 -40 7
185.4773 -17.3000 -40 7
185.4604 -17.3500 -40 7
185.4500 -17.3810 -40 7
185.4435 -17.4000 -40 7
185.4266 -17.4500 -40 7
185.4100 -17.5000 -40 7
185.4000 -17.5312 -40 7
185.3938 -17.5500 -40 7
185.3779 -17.6000 -40 7
185.3627 -17.6500 -40 7
185.3500 -17.6942 -40 7
185.3483 -17.7000 -40 7
185.3343 -17.7500 -40 7
185.3212 -17.8000 -40 7
185.3090 -17.8500 -40 7
185.3000 -17.8895 -40 7
185.2975 -17.9000 -40 7
185.2866 -17.9500 -40 7
185.2764 -18.0000 -40 7
185.2670 -18.0500 -40 7
185.2580 -18.1000 -40 7
185.2500 -18.1469 -40 7
185.2495 -18.1500 -40 7
185.2407 -18.2000 -40 7
185.2320 -18.2500 -40 7
185.2231 -18.3000 -40 7
185.2139 -18.3500 -40 7
185.2042 -18.4000 -40 7
185.2000 -18.4200 -40 7
185.1935 -18.4500 -40 7
185.1820 -18.5000 -40 7
185.1698 -18.5500 -40 7
185.1571 -18.6000 -40 7
185.1500 -18.6264 -40 7
185.1434 -18.6500 -40 7
185.1289 -18.7000 -40 7
185.1141 -18.7500 -40 7
185.1000 -18.7959 -40 7
185.0987 -18.8000 -40 7
185.0821 -18.8500 -40 7
185.0650 -18.9000 -40 7
185.0500 -18.9425 -40 7
185.0472 -18.9500 -40 7
185.0278 -19.0000 -40 7
185.0077 -19.0500 -40 7
185.0000 -19.0684 -40 7
184.9861 -19.1000 -40 7
184.9632 -19.1500 -40 7
184.9500 -19.1779 -40 7
184.9391 -19.2000 -40 7
184.9138 -19.2500 -40 7
184.9000 -19.2767 -40 7
184.8876 -19.3000 -40 7
184.8607 -19.3500 -40 7
184.8500 -19.3695 -40 7
184.8332 -19.4000 -40 7
184.8055 -19.4500 -40 7
184.8000 -19.4598 -40 7
184.7775 -19.5000 -40 7
184.7500 -19.5494 -40 7
184.7497 -19.5500 -40 7
184.7218 -19.6000 -40 7
184.7000 -19.6392 -40 7
184.6941 -19.6500 -40 7
184.6664 -19.7000 -40 7
184.6500 -19.7296 -40 7
184.6388 -19.7500 -40 7
184.6114 -19.8000 -40 7
184.6000 -19.8207 -40 7
184.5840 -19.8500 -40 7
184.5568 -19.9000 -40 7
184.5500 -19.9124 -40 7
184.5295 -19.9500 -40 7
184.5023 -20.0000 -40 7
184.5000 -20.0043 -40 7
184.4752 -20.0500 -40 7
184.4500 -20.0963 -40 7
184.4480 -20.1000 -40 7
184.4209 -20.1500 -40 7
184.4000 -20.1885 -40 7
184.3938 -20.2000 -40 7
184.3670 -20.2500 -40 7
184.3500 -20.2817 -40 7
184.3403 -20.3000 -40 7
184.3141 -20.3500 -40 7
184.3000 -20.3771 -40 7
184.2883 -20.4000 -40 7
184.2633 -20.4500 -40 7
184.2500 -20.4772 -40 7
184.2390 -20.5000 -40 7
184.2157 -20.5500 -40 7
184.2000 -20.5849 -40 7
184.1933 -20.6000 -40 7
184.1720 -20.6500 -40 7
184.1515 -20.7000 -40 7
184.1500 -20.7037 -40 7
184.1320 -20.7500 -40 7
184.1133 -20.8000 -40 7
184.1000 -20.8364 -40 7
184.0951 -20.8500 -40 7
184.0776 -20.9000 -40 7
184.0603 -20.9500 -40 7
184.0500 -20.9803 -40 7
184.0433 -21.0000 -40 7
184.0264 -21.0500 -40 7
184.0093 -21.1000 -40 7
184.0000 -21.1269 -40 7
183.9920 -21.1500 -40 7
183.9744 -21.2000 -40 7
183.9563 -21.2500 -40 7
183.9500 -21.2668 -40 7
183.9377 -21.3000 -40 7
183.9185 -21.3500 -40 7
183.9000 -21.3968 -40 7
183.8987 -21.4000 -40 7
183.8785 -21.4500 -40 7
183.8578 -21.5000 -40 7
183.8500 -21.5186 -40 7
183.8369 -21.5500 -40 7
183.8158 -21.6000 -40 7
183.8000 -21.6371 -40 7
183.7946 -21.6500 -40 7
183.7735 -21.7000 -40 7
183.7526 -21.7500 -40 7
183.7500 -21.7562 -40 7
183.7319 -21.8000 -40 7
183.7116 -21.8500 -40 7
183.7000 -21.8790 -40 7
183.6916 -21.9000 -40 7
183.6720 -21.9500 -40 7
183.6529 -22.0000 -40 7
183.6500 -22.0078 -40 7
183.6341 -22.0500 -40 7
183.6157 -22.1000 -40 7
183.6000 -22.1436 -40 7
183.5977 -22.1500 -40 7
183.5799 -22.2000 -40 7
183.5625 -22.2500 -40 7
183.5500 -22.2867 -40 7
183.5454 -22.3000 -40 7
183.5286 -22.3500 -40 7
183.5120 -22.4000 -40 7
183.5000 -22.4369 -40 7
183.4957 -22.4500 -40 7
183.4795 -22.5000 -40 7
183.4636 -22.5500 -40 7
183.4500 -22.5933 -40 7
183.4479 -22.6000 -40 7
183.4322 -22.6500 -40 7
183.4168 -22.7000 -40 7
183.4015 -22.7500 -40 7
183.4000 -22.7551 -40 7
183.3864 -22.8000 -40 7
183.3714 -22.8500 -40 7
183.3566 -22.9000 -40 7
183.3500 -22.9224 -40 7
183.3418 -22.9500 -40 7
183.3272 -23.0000 -40 7
183.3125 -23.0500 -40 7
183.3000 -23.0926 -40 7
183.2978 -23.1000 -40 7
183.2829 -23.1500 -40 7
183.2679 -23.2000 -40 7
183.2527 -23.2500 -40 7
183.2500 -23.2585 -40 7
183.2370 -23.3000 -40 7
183.2211 -23.3500 -40 7
183.2048 -23.4000 -40 7
183.2000 -23.4145 -40 7
183.1882 -23.4500 -40 7
183.1711 -23.5000 -40 7
183.1539 -23.5500 -40 7
183.1500 -23.5611 -40 7
183.1362 -23.6000 -40 7
183.1184 -23.6500 -40 7
183.1005 -23.7000 -40 7
183.1000 -23.7014 -40 7
183.0823 -23.7500 -40 7
183.0643 -23.8000 -40 7
183.0500 -23.8400 -40 7
183.0464 -23.8500 -40 7
183.0288 -23.9000 -40 7
183.0116 -23.9500 -40 7
183.0000 -23.9845 -40 7
182.9949 -24.0000 -40 7
182.9788 -24.0500 -40 7
182.9634 -24.1000 -40 7
182.9500 -24.1455 -40 7
182.9487 -24.1500 -40 7
182.9349 -24.2000 -40 7
182.9217 -24.2500 -40 7
182.9093 -24.3000 -40 7
182.9000 -24.3391 -40 7
182.8975 -24.3500 -40 7
182.8865 -24.4000 -40 7
182.8760 -24.4500 -40 7
182.8661 -24.5000 -40 7
182.8565 -24.5500 -40 7
182.8500 -24.5853 -40 7
182.8473 -24.6000 -40 7
182.8386 -24.6500 -40 7
182.8302 -24.7000 -40 7
182.8219 -24.7500 -40 7
182.8138 -24.8000 -40 7
182.8057 -24.8500 -40 7
182.8000 -24.8861 -40 7
182.7978 -24.9000 -40 7
182.7901 -24.9500 -40 7
182.7824 -25.0000 -40 7
182.7748 -25.0500 -40 7
182.7672 -25.1000 -40 7
182.7597 -25.1500 -40 7
182.7521 -25.2000 -40 7
182.7500 -25.2144 -40 7
182.7448 -25.2500 -40 7
182.7377 -25.3000 -40 7
182.7306 -25.3500 -40 7
182.7237 -25.4000 -40 7
182.7170 -25.4500 -40 7
182.7104 -25.5000 -40 7
182.7042 -25.5500 -40 7
182.7000 -25.5854 -40 7
182.6983 -25.6000 -40 7
182.6930 -25.6500 -40 7
182.6881 -25.7000 -40 7
182.6838 -25.7500 -40 7
182.6800 -25.8000 -40 7
182.6769 -25.8500 -40 7
182.6746 -25.9000 -40 7
182.6730 -25.9500 -40 7
182.6724 -26.0000 -40 7
182.6728 -26.0500 -40 7
182.6744 -26.1000 -40 7
182.6772 -26.1500 -40 7
182.6813 -26.2000 -40 7
182.6868 -26.2500 -40 7
182.6937 -26.3000 -40 7
182.7000 -26.3376 -40 7
182.7022 -26.3500 -40 7
182.7122 -26.4000 -40 7
182.7236 -26.4500 -40 7
182.7361 -26.5000 -40 7
182.7497 -26.5500 -40 7
182.7500 -26.5509 -40 7
182.7641 -26.6000 -40 7
182.7787 -26.6500 -40 7
182.7931 -26.7000 -40 7
182.8000 -26.7255 -40 7
182.8068 -26.7500 -40 7
182.8191 -26.8000 -40 7
182.8297 -26.8500 -40 7
182.8383 -26.9000 -40 7
182.8444 -26.9500 -40 7
182.8480 -27.0000 -40 7
182.8488 -27.0500 -40 7
182.8466 -27.1000 -40 7
182.8415 -27.1500 -40 7
182.8335 -27.2000 -40 7
182.8225 -27.2500 -40 7
182.8087 -27.3000 -40 7
182.8000 -27.3265 -40 7
182.7917 -27.3500 -40 7
182.7716 -27.4000 -40 7
182.7500 -27.4483 -40 7
182.7492 -27.4500 -40 7
182.7241 -27.5000 -40 7
182.7000 -27.5456 -40 7
182.6977 -27.5500 -40 7
182.6702 -27.6000 -40 7
182.6500 -27.6362 -40 7
182.6426 -27.6500 -40 7
182.6154 -27.7000 -40 7
182.6000 -27.7283 -40 7
182.5889 -27.7500 -40 7
182.5635 -27.8000 -40 7
182.5500 -27.8267 -40 7
182.5391 -27.8500 -40 7
182.5160 -27.9000 -40 7
182.5000 -27.9348 -40 7
182.4936 -27.9500 -40 7
182.4727 -28.0000 -40 7
182.4519 -28.0500 -40 7
182.4500 -28.0547 -40 7
182.4329 -28.1000 -40 7
182.4142 -28.1500 -40 7
182.4000 -28.1883 -40 7
182.3959 -28.2000 -40 7
182.3791 -28.2500 -40 7
182.3625 -28.3000 -40 7
182.3500 -28.3384 -40 7
182.3464 -28.3500 -40 7
182.3317 -28.4000 -40 7
182.3173 -28.4500 -40 7
182.3033 -28.5000 -40 7
182.3000 -28.5126 -40 7
182.2906 -28.5500 -40 7
182.2786 -28.6000 -40 7
182.2671 -28.6500 -40 7
182.2562 -28.7000 -40 7
182.2500 -28.7299 -40 7
182.2461 -28.7500 -40 7
182.2371 -28.8000 -40 7
182.2286 -28.8500 -40 7
182.2208 -28.9000 -40 7
182.2135 -28.9500 -40 7
182.2069 -29.0000 -40 7
182.2010 -29.0500 -40 7
182.2000 -29.0600 -40 7
182.1962 -29.1000 -40 7
182.1920 -29.1500 -40 7
182.1883 -29.2000 -40 7
182.1852 -29.2500 -40 7
182.1825 -29.3000 -40 7
182.1801 -29.3500 -40 7
182.1778 -29.4000 -40 7
182.1755 -29.4500 -40 7
182.1731 -29.5000 -40 7
182.1702 -29.5500 -40 7
182.1668 -29.6000 -40 7
182.1628 -29.6500 -40 7
182.1580 -29.7000 -40 7
182.1523 -29.7500 -40 7
182.1500 -29.7667 -40 7
182.1455 -29.8000 -40 7
182.1375 -29.8500 -40 7
182.1285 -29.9000 -40 7
182.1185 -29.9500 -40 7
182.1076 -30.0000 -40 7
182.1000 -30.0315 -40 7
182.0954 -30.0500 -40 7
182.0819 -30.1000 -40 7
182.0675 -30.1500 -40 7
182.0524 -30.2000 -40 7
182.0500 -30.2075 -40 7
182.0357 -30.2500 -40 7
182.0180 -30.3000 -40 7
182.0000 -30.3497 -40 7
181.9999 -30.3500 -40 7
181.9797 -30.4000 -40 7
181.9591 -30.4500 -40 7
181.9500 -30.4713 -40 7
181.9372 -30.5000 -40 7
181.9142 -30.5500 -40 7
181.9000 -30.5803 -40 7
181.8904 -30.6000 -40 7
181.8654 -30.6500 -40 7
181.8500 -30.6804 -40 7
181.8398 -30.7000 -40 7
181.8132 -30.7500 -40 7
181.8000 -30.7746 -40 7
181.7861 -30.8000 -40 7
181.7586 -30.8500 -40 7
181.7500 -30.8656 -40 7
181.7307 -30.9000 -40 7
181.7029 -30.9500 -40 7
181.7000 -30.9552 -40 7
181.6747 -31.0000 -40 7
181.6500 -31.0446 -40 7
181.6470 -31.0500 -40 7
181.6189 -31.1000 -40 7
181.6000 -31.1344 -40 7
181.5913 -31.1500 -40 7
181.5636 -31.2000 -40 7
181.5500 -31.2248 -40 7
181.5359 -31.2500 -40 7
181.5083 -31.3000 -40 7
181.5000 -31.3151 -40 7
181.4803 -31.3500 -40 7
181.4524 -31.4000 -40 7
181.4500 -31.4043 -40 7
181.4237 -31.4500 -40 7
181.4000 -31.4918 -40 7
181.3952 -31.5000 -40 7
181.3658 -31.5500 -40 7
181.3500 -31.5773 -40 7
181.3363 -31.6000 -40 7
181.3065 -31.6500 -40 7
181.3000 -31.6611 -40 7
181.2763 -31.7000 -40 7
181.2500 -31.7441 -40 7
181.2463 -31.7500 -40 7
181.2161 -31.8000 -40 7
181.2000 -31.8275 -40 7
181.1863 -31.8500 -40 7
181.1570 -31.9000 -40 7
181.1500 -31.9122 -40 7
181.1279 -31.9500 -40 7
181.1000 -31.9992 -40 7
181.0995 -32.0000 -40 7
181.0713 -32.0500 -40 7
181.0500 -32.0887 -40 7
181.0436 -32.1000 -40 7
181.0160 -32.1500 -40 7
181.0000 -32.1793 -40 7
180.9885 -32.2000 -40 7
180.9608 -32.2500 -40 7
180.9500 -32.2695 -40 7
180.9329 -32.3000 -40 7
180.9046 -32.3500 -40 7
180.9000 -32.3580 -40 7
180.8760 -32.4000 -40 7
180.8500 -32.4446 -40 7
180.8469 -32.4500 -40 7
180.8178 -32.5000 -40 7
180.8000 -32.5302 -40 7
180.7884 -32.5500 -40 7
180.7592 -32.6000 -40 7
180.7500 -32.6158 -40 7
180.7303 -32.6500 -40 7
180.7015 -32.7000 -40 7
180.7000 -32.7027 -40 7
180.6737 -32.7500 -40 7
180.6500 -32.7927 -40 7
180.6460 -32.8000 -40 7
180.6192 -32.8500 -40 7
180.6000 -32.8863 -40 7
180.5928 -32.9000 -40 7
180.5669 -32.9500 -40 7
180.5500 -32.9830 -40 7
180.5413 -33.0000 -40 7
180.5159 -33.0500 -40 7
180.5000 -33.0813 -40 7
180.4904 -33.1000 -40 7
180.4649 -33.1500 -40 7
180.4500 -33.1789 -40 7
180.4389 -33.2000 -40 7
180.4124 -33.2500 -40 7
180.4000 -33.2730 -40 7
180.3852 -33.3000 -40 7
180.3569 -33.3500 -40 7
180.3500 -33.3620 -40 7
180.3278 -33.4000 -40 7
180.3000 -33.4455 -40 7
180.2972 -33.4500 -40 7
180.2658 -33.5000 -40 7
180.2500 -33.5242 -40 7
180.2332 -33.5500 -40 7
180.2000 -33.5990 -40 7
180.1993 -33.6000 -40 7
180.1654 -33.6500 -40 7
180.1500 -33.6723 -40 7
180.1311 -33.7000 -40 7
180.1000 -33.7450 -40 7
180.0967 -33.7500 -40 7
180.0634 -33.8000 -40 7
180.0500 -33.8204 -40 7
180.0312 -33.8500 -40 7
180.0001 -33.9000 -40 7
180.0000 -33.9001 -40 7
179.9718 -33.9500 -40 7
179.9500 -33.9903 -40 7
179.9450 -34.0000 -40 7
179.9211 -34.0500 -40 7
179.9000 -34.0976 -40 7
179.8990 -34.1000 -40 7
179.8800 -34.1500 -40 7
179.8627 -34.2000 -40 7
179.8500 -34.2410 -40 7
179.8473 -34.2500 -40 7
179.8340 -34.3000 -40 7
179.8217 -34.3500 -40 7
179.8100 -34.4000 -40 7
179.8000 -34.4435 -40 7
179.7986 -34.4500 -40 7
179.7873 -34.5000 -40 7
179.7752 -34.5500 -40 7
179.7619 -34.6000 -40 7
179.7500 -34.6403 -40 7
179.7472 -34.6500 -40 7
179.7309 -34.7000 -40 7
179.7125 -34.7500 -40 7
179.7000 -34.7806 -40 7
179.6922 -34.8000 -40 7
179.6698 -34.8500 -40 7
179.6500 -34.8904 -40 7
179.6454 -34.9000 -40 7
179.6191 -34.9500 -40 7
179.6000 -34.9837 -40 7
179.5909 -35.0000 -40 7
179.5611 -35.0500 -40 7
179.5500 -35.0676 -40 7
179.5298 -35.1000 -40 7
179.5000 -35.1453 -40 7
179.4969 -35.1500 -40 7
179.4628 -35.2000 -40 7
179.4500 -35.2181 -40 7
179.4274 -35.2500 -40 7
179.4000 -35.2870 -40 7
179.3904 -35.3000 -40 7
179.3520 -35.3500 -40 7
179.3500 -35.3525 -40 7
179.3121 -35.4000 -40 7
179.3000 -35.4146 -40 7
179.2704 -35.4500 -40 7
179.2500 -35.4735 -40 7
179.2266 -35.5000 -40 7
179.2000 -35.5292 -40 7
179.1808 -35.5500 -40 7
179.1500 -35.5821 -40 7
179.1325 -35.6000 -40 7
179.1000 -35.6323 -40 7
179.0819 -35.6500 -40 7
179.0500 -35.6803 -40 7
179.0291 -35.7000 -40 7
179.0000 -35.7267 -40 7
178.9746 -35.7500 -40 7
178.9500 -35.7720 -40 7
178.9191 -35.8000 -40 7
178.9000 -35.8170 -40 7
178.8637 -35.8500 -40 7
178.8500 -35.8623 -40 7
178.8093 -35.9000 -40 7
178.8000 -35.9085 -40 7
178.7567 -35.9500 -40 7
178.7500 -35.9563 -40 7
178.7061 -36.0000 -40 7
178.7000 -36.0061 -40 7
178.6577 -36.0500 -40 7
178.6500 -36.0579 -40 7
178.6110 -36.1000 -40 7
178.6000 -36.1118 -40 7
178.5656 -36.1500 -40 7
178.5500 -36.1672 -40 7
178.5212 -36.2000 -40 7
178.5000 -36.2238 -40 7
178.4773 -36.2500 -40 7
178.4500 -36.2810 -40 7
178.4336 -36.3000 -40 7
178.4000 -36.3382 -40 7
178.3898 -36.3500 -40 7
178.3500 -36.3950 -40 7
178.3457 -36.4000 -40 7
178.3012 -36.4500 -40 7
178.3000 -36.4513 -40 7
178.2562 -36.5000 -40 7
178.2500 -36.5068 -40 7
178.2104 -36.5500 -40 7
178.2000 -36.5612 -40 7
178.1636 -36.6000 -40 7
178.1500 -36.6144 -40 7
178.1156 -36.6500 -40 7
178.1000 -36.6659 -40 7
178.0659 -36.7000 -40 7
178.0500 -36.7158 -40 7
178.0145 -36.7500 -40 7
178.0000 -36.7638 -40 7
177.9610 -36.8000 -40 7
177.9500 -36.8101 -40 7
177.9055 -36.8500 -40 7
177.9000 -36.8549 -40 7
177.8500 -36.8987 -40 7
177.8485 -36.9000 -40 7
177.8000 -36.9422 -40 7
177.7910 -36.9500 -40 7
177.7500 -36.9858 -40 7
177.7338 -37.0000 -40 7
177.7000 -37.0301 -40 7
177.6780 -37.0500 -40 7
177.6500 -37.0757 -40 7
177.6243 -37.1000 -40 7
177.6000 -37.1232 -40 7
177.5728 -37.1500 -40 7
177.5500 -37.1728 -40 7
177.5236 -37.2000 -40 7
177.5000 -37.2246 -40 7
177.4764 -37.2500 -40 7
177.4500 -37.2785 -40 7
177.4307 -37.3000 -40 7
177.4000 -37.3341 -40 7
177.3861 -37.3500 -40 7
177.3500 -37.3910 -40 7
177.3422 -37.4000 -40 7
177.3000 -37.4485 -40 7
177.2987 -37.4500 -40 7
177.2552 -37.5000 -40 7
177.2500 -37.5059 -40 7
177.2113 -37.5500 -40 7
177.2000 -37.5626 -40 7
177.1665 -37.6000 -40 7
177.1500 -37.6179 -40 7
177.1204 -37.6500 -40 7
177.1000 -37.6715 -40 7
177.0727 -37.7000 -40 7
177.0500 -37.7231 -40 7
177.0233 -37.7500 -40 7
177.0000 -37.7728 -40 7
176.9719 -37.8000 -40 7
176.9500 -37.8206 -40 7
176.9186 -37.8500 -40 7
176.9000 -37.8670 -40 7
176.8637 -37.9000 -40 7
176.8500 -37.9122 -40 7
176.8074 -37.9500 -40 7
176.8000 -37.9564 -40 7
176.7500 -37.9999 -40 7
176.7499 -38.0000 -40 7
176.7000 -38.0429 -40 7
176.6917 -38.0500 -40 7
176.6500 -38.0853 -40 7
176.6326 -38.1000 -40 7
176.6000 -38.1270 -40 7
176.5722 -38.1500 -40 7
176.5500 -38.1680 -40 7
176.5102 -38.2000 -40 7
176.5000 -38.2081 -40 7
176.4500 -38.2471 -40 7
176.4463 -38.2500 -40 7
176.4000 -38.2852 -40 7
176.3803 -38.3000 -40 7
176.3500 -38.3223 -40 7
176.3117 -38.3500 -40 7
176.3000 -38.3583 -40 7
176.2500 -38.3936 -40 7
176.2409 -38.4000 -40 7
176.2000 -38.4284 -40 7
176.1689 -38.4500 -40 7
176.1500 -38.4629 -40 7
176.1000 -38.4973 -40 7
176.0962 -38.5000 -40 7
176.0500 -38.5322 -40 7
176.0250 -38.5500 -40 7
176.0000 -38.5676 -40 7
175.9551 -38.6000 -40 7
175.9500 -38.6037 -40 7
175.9000 -38.6409 -40 7
175.8882 -38.6500 -40 7
175.8500 -38.6792 -40 7
175.8238 -38.7000 -40 7
175.8000 -38.7188 -40 7
175.7618 -38.7500 -40 7
175.7500 -38.7596 -40 7
175.7019 -38.8000 -40 7
175.7000 -38.8016 -40 7
175.6500 -38.8448 -40 7
175.6442 -38.8500 -40 7
175.6000 -38.8890 -40 7
175.5878 -38.9000 -40 7
175.5500 -38.9340 -40 7
175.5324 -38.9500 -40 7
175.5000 -38.9794 -40 7
175.4774 -39.0000 -40 7
175.4500 -39.0249 -40 7
175.4224 -39.0500 -40 7
175.4000 -39.0703 -40 7
175.3671 -39.1000 -40 7
175.3500 -39.1154 -40 7
175.3112 -39.1500 -40 7
175.3000 -39.1599 -40 7
175.2542 -39.2000 -40 7
175.2500 -39.2037 -40 7
175.2000 -39.2466 -40 7
175.1961 -39.2500 -40 7
175.1500 -39.2888 -40 7
175.1365 -39.3000 -40 7
175.1000 -39.3301 -40 7
175.0754 -39.3500 -40 7
175.0500 -39.3704 -40 7
175.0124 -39.4000 -40 7
175.0000 -39.4097 -40 7
174.9500 -39.4481 -40 7
174.9474 -39.4500 -40 7
174.9000 -39.4856 -40 7
174.8806 -39.5000 -40 7
174.8500 -39.5224 -40 7
174.8119 -39.5500 -40 7
174.8000 -39.5585 -40 7
174.7500 -39.5942 -40 7
174.7419 -39.6000 -40 7
174.7000 -39.6297 -40 7
174.6714 -39.6500 -40 7
174.6500 -39.6651 -40 7
174.6011 -39.7000 -40 7
174.6000 -39.7008 -40 7
174.5500 -39.7370 -40 7
174.5323 -39.7500 -40 7
174.5000 -39.7739 -40 7
174.4655 -39.8000 -40 7
174.4500 -39.8118 -40 7
174.4011 -39.8500 -40 7
174.4000 -39.8508 -40 7
174.3500 -39.8913 -40 7
174.3394 -39.9000 -40 7
174.3000 -39.9332 -40 7
174.2803 -39.9500 -40 7
174.2500 -39.9766 -40 7
174.2236 -40.0000 -40 7
174.2000 -40.0215 -40 7
174.1690 -40.0500 -40 7
174.1500 -40.0679 -40 7
174.1161 -40.1000 -40 7
174.1000 -40.1156 -40 7
174.0646 -40.1500 -40 7
174.0500 -40.1645 -40 7
174.0141 -40.2000 -40 7
174.0000 -40.2141 -40 7
173.9641 -40.2500 -40 7
173.9500 -40.2643 -40 7
173.9144 -40.3000 -40 7
173.9000 -40.3146 -40 7
173.8647 -40.3500 -40 7
173.8500 -40.3648 -40 7
173.8146 -40.4000 -40 7
173.8000 -40.4146 -40 7
173.7641 -40.4500 -40 7
173.7500 -40.4640 -40 7
173.7131 -40.5000 -40 7
173.7000 -40.5128 -40 7
173.6615 -40.5500 -40 7
173.6500 -40.5611 -40 7
173.6095 -40.6000 -40 7
173.6000 -40.6092 -40 7
173.5573 -40.6500 -40 7
173.5500 -40.6571 -40 7
173.5052 -40.7000 -40 7
173.5000 -40.7050 -40 7
173.4533 -40.7500 -40 7
173.4500 -40.7533 -40 7
173.4019 -40.8000 -40 7
173.4000 -40.8019 -40 7
173.3510 -40.8500 -40 7
173.3500 -40.8511 -40 7
173.3007 -40.9000 -40 7
173.3000 -40.9007 -40 7
173.2506 -40.9500 -40 7
173.2500 -40.9506 -40 7
173.2008 -41.0000 -40 7
173.2000 -41.0008 -40 7
173.1509 -41.0500 -40 7
173.1500 -41.0509 -40 7
173.1006 -41.1000 -40 7
173.1000 -41.1006 -40 7
173.0500 -41.1497 -40 7
173.0497 -41.1500 -40 7
173.0000 -41.1980 -40 7
172.9979 -41.2000 -40 7
172.9500 -41.2453 -40 7
172.9450 -41.2500 -40 7
172.9000 -41.2918 -40 7
172.8909 -41.3000 -40 7
172.8500 -41.3374 -40 7
172.8359 -41.3500 -40 7
172.8000 -41.3825 -40 7
172.7804 -41.4000 -40 7
172.7500 -41.4274 -40 7
172.7248 -41.4500 -40 7
172.7000 -41.4726 -40 7
172.6699 -41.5000 -40 7
172.6500 -41.5186 -40 7
172.6164 -41.5500 -40 7
172.6000 -41.5659 -40 7
172.5648 -41.6000 -40 7
172.5500 -41.6150 -40 7
172.5154 -41.6500 -40 7
172.5000 -41.6663 -40 7
172.4682 -41.7000 -40 7
172.4500 -41.7203 -40 7
172.4231 -41.7500 -40 7
172.4000 -41.7770 -40 7
172.3800 -41.8000 -40 7
172.3500 -41.8362 -40 7
172.3383 -41.8500 -40 7
172.3000 -41.8971 -40 7
172.2976 -41.9000 -40 7
172.2572 -41.9500 -40 7
172.2500 -41.9590 -40 7
172.2161 -42.0000 -40 7
172.2000 -42.0191 -40 7
172.1732 -42.0500 -40 7
172.1500 -42.0756 -40 7
172.1273 -42.1000 -40 7
172.1000 -42.1276 -40 7
172.0773 -42.1500 -40 7
172.0500 -42.1750 -40 7
172.0220 -42.2000 -40 7
172.0000 -42.2182 -40 7
171.9609 -42.2500 -40 7
171.9500 -42.2581 -40 7
171.9000 -42.2952 -40 7
171.8935 -42.3000 -40 7
171.8500 -42.3297 -40 7
171.8206 -42.3500 -40 7
171.8000 -42.3632 -40 7
171.7500 -42.3958 -40 7
171.7437 -42.4000 -40 7
171.7000 -42.4275 -40 7
171.6658 -42.4500 -40 7
171.6500 -42.4599 -40 7
171.6000 -42.4929 -40 7
171.5898 -42.5000 -40 7
171.5500 -42.5271 -40 7
171.5186 -42.5500 -40 7
171.5000 -42.5635 -40 7
171.4535 -42.6000 -40 7
171.4500 -42.6028 -40 7
171.4000 -42.6457 -40 7
171.3953 -42.6500 -40 7
171.3500 -42.6936 -40 7
171.3437 -42.7000 -40 7
171.3000 -42.7481 -40 7
171.2983 -42.7500 -40 7
171.2587 -42.8000 -40 7
171.2500 -42.8122 -40 7
171.2241 -42.8500 -40 7
171.2000 -42.8902 -40 7
171.1942 -42.9000 -40 7
171.1685 -42.9500 -40 7
171.1500 -42.9925 -40 7
171.1467 -43.0000 -40 7
> Contour Depth = -40
179.3765 -16.5500 -40 8
179.3742 -16.6000 -40 8
179.3782 -16.6500 -40 8
179.3891 -16.7000 -40 8
179.4000 -16.7293 -40 8
179.4086 -16.7500 -40 8
179.4394 -16.8000 -40 8
179.4500 -16.8124 -40 8
179.4869 -16.8500 -40 8
179.5000 -16.8602 -40 8
179.5500 -16.8939 -40 8
179.5603 -16.9000 -40 8
179.6000 -16.9194 -40 8
179.6500 -16.9412 -40 8
179.6717 -16.9500 -40 8
179.7000 -16.9600 -40 8
179.7500 -16.9769 -40 8
179.8000 -16.9934 -40 8
179.8203 -17.0000 -40 8
179.8500 -17.0091 -40 8
179.9000 -17.0244 -40 8
179.9500 -17.0404 -40 8
179.9800 -17.0500 -40 8
180.0000 -17.0567 -40 8
180.0500 -17.0735 -40 8
180.1000 -17.0917 -40 8
180.1229 -17.1000 -40 8
180.1500 -17.1114 -40 8
180.2000 -17.1336 -40 8
180.2338 -17.1500 -40 8
180.2500 -17.1596 -40 8
180.3000 -17.1914 -40 8
180.3128 -17.2000 -40 8
180.3500 -17.2312 -40 8
180.3711 -17.2500 -40 8
180.4000 -17.2809 -40 8
180.4181 -17.3000 -40 8
180.4500 -17.3379 -40 8
180.4609 -17.3500 -40 8
180.5000 -17.3955 -40 8
180.5043 -17.4000 -40 8
180.5500 -17.4474 -40 8
180.5530 -17.4500 -40 8
180.6000 -17.4904 -40 8
180.6137 -17.5000 -40 8
180.6500 -17.5245 -40 8
180.6982 -17.5500 -40 8
180.7000 -17.5509 -40 8
180.7500 -17.5665 -40 8
180.8000 -17.5742 -40 8
180.8500 -17.5745 -40 8
180.9000 -17.5689 -40 8
180.9500 -17.5606 -40 8
181.0000 -17.5541 -40 8
181.0500 -17.5549 -40 8
181.1000 -17.5687 -40 8
181.1474 -17.6000 -40 8
181.1500 -17.6015 -40 8
181.1982 -17.6500 -40 8
181.2000 -17.6517 -40 8
181.2344 -17.7000 -40 8
181.2500 -17.7219 -40 8
181.2643 -17.7500 -40 8
181.2888 -17.8000 -40 8
181.3000 -17.8240 -40 8
181.3089 -17.8500 -40 8
181.3250 -17.9000 -40 8
181.3388 -17.9500 -40 8
181.3500 -17.9979 -40 8
181.3504 -18.0000 -40 8
181.3583 -18.0500 -40 8
181.3642 -18.1000 -40 8
181.3681 -18.1500 -40 8
181.3698 -18.2000 -40 8
181.3692 -18.2500 -40 8
181.3663 -18.3000 -40 8
181.3612 -18.3500 -40 8
181.3540 -18.4000 -40 8
181.3500 -18.4217 -40 8
181.3446 -18.4500 -40 8
181.3332 -18.5000 -40 8
181.3207 -18.5500 -40 8
181.3075 -18.6000 -40 8
181.3000 -18.6265 -40 8
181.2933 -18.6500 -40 8
181.2787 -18.7000 -40 8
181.2644 -18.7500 -40 8
181.2503 -18.8000 -40 8
181.2500 -18.8011 -40 8
181.2362 -18.8500 -40 8
181.2229 -18.9000 -40 8
181.2102 -18.9500 -40 8
181.2000 -18.9922 -40 8
181.1981 -19.0000 -40 8
181.1864 -19.0500 -40 8
181.1753 -19.1000 -40 8
181.1648 -19.1500 -40 8
181.1548 -19.2000 -40 8
181.1500 -19.2246 -40 8
181.1449 -19.2500 -40 8
181.1352 -19.3000 -40 8
181.1255 -19.3500 -40 8
181.1157 -19.4000 -40 8
181.1056 -19.4500 -40 8
181.1000 -19.4765 -40 8
181.0949 -19.5000 -40 8
181.0834 -19.5500 -40 8
181.0711 -19.6000 -40 8
181.0578 -19.6500 -40 8
181.0500 -19.6774 -40 8
181.0435 -19.7000 -40 8
181.0280 -19.7500 -40 8
181.0114 -19.8000 -40 8
181.0000 -19.8325 -40 8
180.9939 -19.8500 -40 8
180.9756 -19.9000 -40 8
180.9565 -19.9500 -40 8
180.9500 -19.9662 -40 8
180.9370 -20.0000 -40 8
180.9170 -20.0500 -40 8
180.9000 -20.0913 -40 8
180.8965 -20.1000 -40 8
180.8763 -20.1500 -40 8
180.8554 -20.2000 -40 8
180.8500 -20.2126 -40 8
180.8347 -20.2500 -40 8
180.8136 -20.3000 -40 8
180.8000 -20.3310 -40 8
180.7920 -20.3500 -40 8
180.7705 -20.4000 -40 8
180.7500 -20.4452 -40 8
180.7479 -20.4500 -40 8
180.7256 -20.5000 -40 8
180.7018 -20.5500 -40 8
180.7000 -20.5537 -40 8
180.6782 -20.6000 -40 8
180.6530 -20.6500 -40 8
180.6500 -20.6558 -40 8
180.6278 -20.7000 -40 8
180.6008 -20.7500 -40 8
180.6000 -20.7514 -40 8
180.5738 -20.8000 -40 8
180.5500 -20.8412 -40 8
180.5451 -20.8500 -40 8
180.5160 -20.9000 -40 8
180.5000 -20.9261 -40 8
180.4857 -20.9500 -40 8
180.4543 -21.0000 -40 8
180.4500 -21.0067 -40 8
180.4227 -21.0500 -40 8
180.4000 -21.0847 -40 8
180.3900 -21.1000 -40 8
180.3571 -21.1500 -40 8
180.3500 -21.1607 -40 8
180.3241 -21.2000 -40 8
180.3000 -21.2362 -40 8
180.2908 -21.2500 -40 8
180.2581 -21.3000 -40 8
180.2500 -21.3126 -40 8
180.2261 -21.3500 -40 8
180.2000 -21.3914 -40 8
180.1945 -21.4000 -40 8
180.1645 -21.4500 -40 8
180.1500 -21.4752 -40 8
180.1356 -21.5000 -40 8
180.1080 -21.5500 -40 8
180.1000 -21.5655 -40 8
180.0820 -21.6000 -40 8
180.0572 -21.6500 -40 8
180.0500 -21.6654 -40 8
180.0337 -21.7000 -40 8
180.0111 -21.7500 -40 8
180.0000 -21.7757 -40 8
179.9893 -21.8000 -40 8
179.9679 -21.8500 -40 8
179.9500 -21.8919 -40 8
179.9464 -21.9000 -40 8
179.9247 -21.9500 -40 8
179.9021 -22.0000 -40 8
179.9000 -22.0045 -40 8
179.8782 -22.0500 -40 8
179.8522 -22.1000 -40 8
179.8500 -22.1041 -40 8
179.8236 -22.1500 -40 8
179.8000 -22.1875 -40 8
179.7914 -22.2000 -40 8
179.7547 -22.2500 -40 8
179.7500 -22.2561 -40 8
179.7126 -22.3000 -40 8
179.7000 -22.3138 -40 8
179.6639 -22.3500 -40 8
179.6500 -22.3633 -40 8
179.6083 -22.4000 -40 8
179.6000 -22.4070 -40 8
179.5500 -22.4471 -40 8
179.5462 -22.4500 -40 8
179.5000 -22.4852 -40 8
179.4800 -22.5000 -40 8
179.4500 -22.5219 -40 8
179.4107 -22.5500 -40 8
179.4000 -22.5577 -40 8
179.3500 -22.5935 -40 8
179.3410 -22.6000 -40 8
179.3000 -22.6297 -40 8
179.2720 -22.6500 -40 8
179.2500 -22.6659 -40 8
179.2029 -22.7000 -40 8
179.2000 -22.7021 -40 8
179.1500 -22.7391 -40 8
179.1352 -22.7500 -40 8
179.1000 -22.7763 -40 8
179.0684 -22.8000 -40 8
179.0500 -22.8140 -40 8
179.0030 -22.8500 -40 8
179.0000 -22.8524 -40 8
178.9500 -22.8927 -40 8
178.9412 -22.9000 -40 8
178.9000 -22.9354 -40 8
178.8837 -22.9500 -40 8
178.8500 -22.9817 -40 8
178.8315 -23.0000 -40 8
178.8000 -23.0330 -40 8
178.7847 -23.0500 -40 8
178.7500 -23.0912 -40 8
178.7430 -23.1000 -40 8
178.7059 -23.1500 -40 8
178.7000 -23.1584 -40 8
178.6725 -23.2000 -40 8
178.6500 -23.2363 -40 8
178.6419 -23.2500 -40 8
178.6135 -23.3000 -40 8
178.6000 -23.3248 -40 8
178.5866 -23.3500 -40 8
178.5606 -23.4000 -40 8
178.5500 -23.4206 -40 8
178.5349 -23.4500 -40 8
178.5092 -23.5000 -40 8
178.5000 -23.5178 -40 8
178.4829 -23.5500 -40 8
178.4558 -23.6000 -40 8
178.4500 -23.6106 -40 8
178.4272 -23.6500 -40 8
178.4000 -23.6959 -40 8
178.3974 -23.7000 -40 8
178.3651 -23.7500 -40 8
178.3500 -23.7730 -40 8
178.3307 -23.8000 -40 8
178.3000 -23.8427 -40 8
178.2942 -23.8500 -40 8
178.2549 -23.9000 -40 8
178.2500 -23.9063 -40 8
178.2127 -23.9500 -40 8
178.2000 -23.9653 -40 8
178.1686 -24.0000 -40 8
178.1500 -24.0215 -40 8
178.1233 -24.0500 -40 8
178.1000 -24.0765 -40 8
178.0779 -24.1000 -40 8
178.0500 -24.1320 -40 8
178.0333 -24.1500 -40 8
178.0000 -24.1892 -40 8
177.9902 -24.2000 -40 8
177.9500 -24.2487 -40 8
177.9488 -24.2500 -40 8
177.9073 -24.3000 -40 8
177.9000 -24.3095 -40 8
177.8641 -24.3500 -40 8
177.8500 -24.3669 -40 8
177.8143 -24.4000 -40 8
177.8000 -24.4135 -40 8
177.7500 -24.4423 -40 8
> Contour Depth = -40
180.0500 -25.1349 -40 9
180.1000 -25.1234 -40 9
180.1211 -25.1500 -40 9
180.1358 -25.2000 -40 9
180.1373 -25.2500 -40 9
180.1328 -25.3000 -40 9
180.1254 -25.3500 -40 9
180.1163 -25.4000 -40 9
180.1062 -25.4500 -40 9
180.1000 -25.4774 -40 9
180.0939 -25.5000 -40 9
180.0798 -25.5500 -40 9
180.0664 -25.6000 -40 9
180.0536 -25.6500 -40 9
180.0500 -25.6638 -40 9
180.0387 -25.7000 -40 9
180.0244 -25.7500 -40 9
180.0117 -25.8000 -40 9
180.0006 -25.8500 -40 9
180.0000 -25.8531 -40 9
179.9884 -25.9000 -40 9
179.9787 -25.9500 -40 9
179.9715 -26.0000 -40 9
179.9669 -26.0500 -40 9
179.9647 -26.1000 -40 9
179.9650 -26.1500 -40 9
179.9677 -26.2000 -40 9
179.9724 -26.2500 -40 9
179.9788 -26.3000 -40 9
179.9866 -26.3500 -40 9
179.9950 -26.4000 -40 9
180.0000 -26.4296 -40 9
180.0029 -26.4500 -40 9
180.0095 -26.5000 -40 9
180.0151 -26.5500 -40 9
180.0190 -26.6000 -40 9
180.0209 -26.6500 -40 9
180.0204 -26.7000 -40 9
180.0174 -26.7500 -40 9
180.0116 -26.8000 -40 9
180.0033 -26.8500 -40 9
180.0000 -26.8647 -40 9
179.9914 -26.9000 -40 9
179.9766 -26.9500 -40 9
179.9597 -27.0000 -40 9
179.9500 -27.0258 -40 9
179.9400 -27.0500 -40 9
179.9178 -27.1000 -40 9
179.9000 -27.1385 -40 9
179.8943 -27.1500 -40 9
179.8686 -27.2000 -40 9
179.8500 -27.2360 -40 9
179.8425 -27.2500 -40 9
179.8154 -27.3000 -40 9
179.8000 -27.3288 -40 9
179.7885 -27.3500 -40 9
179.7617 -27.4000 -40 9
179.7500 -27.4219 -40 9
179.7352 -27.4500 -40 9
179.7092 -27.5000 -40 9
179.7000 -27.5176 -40 9
179.6835 -27.5500 -40 9
179.6583 -27.6000 -40 9
179.6500 -27.6162 -40 9
179.6334 -27.6500 -40 9
179.6087 -27.7000 -40 9
179.6000 -27.7172 -40 9
179.5843 -27.7500 -40 9
179.5600 -27.8000 -40 9
179.5500 -27.8205 -40 9
179.5362 -27.8500 -40 9
179.5126 -27.9000 -40 9
179.5000 -27.9267 -40 9
179.4895 -27.9500 -40 9
179.4671 -28.0000 -40 9
179.4500 -28.0387 -40 9
179.4452 -28.0500 -40 9
179.4247 -28.1000 -40 9
179.4049 -28.1500 -40 9
179.4000 -28.1637 -40 9
179.3869 -28.2000 -40 9
179.3706 -28.2500 -40 9
179.3563 -28.3000 -40 9
179.3500 -28.3276 -40 9
179.3446 -28.3500 -40 9
179.3362 -28.4000 -40 9
179.3320 -28.4500 -40 9
179.3332 -28.5000 -40 9
179.3423 -28.5500 -40 9
179.3500 -28.5709 -40 9
179.3622 -28.6000 -40 9
179.3974 -28.6500 -40 9
179.4000 -28.6526 -40 9
179.4480 -28.7000 -40 9
179.4500 -28.7016 -40 9
179.5000 -28.7459 -40 9
179.5039 -28.7500 -40 9
179.5500 -28.7953 -40 9
179.5538 -28.8000 -40 9
179.5936 -28.8500 -40 9
179.6000 -28.8583 -40 9
179.6246 -28.9000 -40 9
179.6500 -28.9471 -40 9
179.6512 -28.9500 -40 9
179.6706 -29.0000 -40 9
179.6870 -29.0500 -40 9
179.7000 -29.0984 -40 9
179.7004 -29.1000 -40 9
179.7089 -29.1500 -40 9
179.7143 -29.2000 -40 9
179.7163 -29.2500 -40 9
179.7146 -29.3000 -40 9
179.7092 -29.3500 -40 9
179.7000 -29.3995 -40 9
179.6999 -29.4000 -40 9
179.6843 -29.4500 -40 9
179.6643 -29.5000 -40 9
179.6500 -29.5295 -40 9
179.6376 -29.5500 -40 9
179.6027 -29.6000 -40 9
179.6000 -29.6035 -40 9
179.5511 -29.6500 -40 9
179.5500 -29.6510 -40 9
179.5000 -29.6788 -40 9
179.4500 -29.6900 -40 9
179.4000 -29.6824 -40 9
179.3500 -29.6537 -40 9
179.3461 -29.6500 -40 9
179.3003 -29.6000 -40 9
179.3000 -29.5997 -40 9
179.2679 -29.5500 -40 9
179.2500 -29.5192 -40 9
179.2399 -29.5000 -40 9
179.2154 -29.4500 -40 9
179.2000 -29.4164 -40 9
179.1926 -29.4000 -40 9
179.1714 -29.3500 -40 9
179.1514 -29.3000 -40 9
179.1500 -29.2960 -40 9
179.1324 -29.2500 -40 9
179.1144 -29.2000 -40 9
179.1000 -29.1580 -40 9
179.0970 -29.1500 -40 9
179.0801 -29.1000 -40 9
179.0630 -29.0500 -40 9
179.0500 -29.0134 -40 9
179.0449 -29.0000 -40 9
179.0252 -28.9500 -40 9
179.0015 -28.9000 -40 9
179.0000 -28.8972 -40 9
178.9750 -28.8500 -40 9
178.9500 -28.8119 -40 9
178.9430 -28.8000 -40 9
178.9092 -28.7500 -40 9
178.9000 -28.7381 -40 9
178.8760 -28.7000 -40 9
178.8500 -28.6619 -40 9
178.8435 -28.6500 -40 9
178.8154 -28.6000 -40 9
178.8000 -28.5726 -40 9
178.7899 -28.5500 -40 9
178.7683 -28.5000 -40 9
178.7500 -28.4539 -40 9
178.7487 -28.4500 -40 9
178.7335 -28.4000 -40 9
178.7203 -28.3500 -40 9
178.7090 -28.3000 -40 9
178.7000 -28.2513 -40 9
178.6998 -28.2500 -40 9
178.6929 -28.2000 -40 9
178.6874 -28.1500 -40 9
178.6830 -28.1000 -40 9
178.6796 -28.0500 -40 9
178.6769 -28.0000 -40 9
178.6746 -27.9500 -40 9
178.6724 -27.9000 -40 9
178.6702 -27.8500 -40 9
178.6679 -27.8000 -40 9
178.6653 -27.7500 -40 9
178.6623 -27.7000 -40 9
178.6591 -27.6500 -40 9
178.6556 -27.6000 -40 9
178.6520 -27.5500 -40 9
178.6500 -27.5219 -40 9
178.6485 -27.5000 -40 9
178.6451 -27.4500 -40 9
178.6422 -27.4000 -40 9
178.6398 -27.3500 -40 9
178.6381 -27.3000 -40 9
178.6373 -27.2500 -40 9
178.6376 -27.2000 -40 9
178.6390 -27.1500 -40 9
178.6417 -27.1000 -40 9
178.6459 -27.0500 -40 9
178.6500 -27.0139 -40 9
178.6518 -27.0000 -40 9
178.6602 -26.9500 -40 9
178.6709 -26.9000 -40 9
178.6843 -26.8500 -40 9
178.7000 -26.8030 -40 9
178.7014 -26.8000 -40 9
178.7279 -26.7500 -40 9
178.7500 -26.7171 -40 9
178.7690 -26.7000 -40 9
178.8000 -26.6765 -40 9
178.8500 -26.6585 -40 9
178.9000 -26.6522 -40 9
178.9500 -26.6517 -40 9
179.0000 -26.6540 -40 9
179.0500 -26.6571 -40 9
179.1000 -26.6595 -40 9
179.1500 -26.6602 -40 9
179.2000 -26.6581 -40 9
179.2500 -26.6519 -40 9
179.2588 -26.6500 -40 9
179.3000 -26.6402 -40 9
179.3500 -26.6212 -40 9
179.3884 -26.6000 -40 9
179.4000 -26.5927 -40 9
179.4500 -26.5517 -40 9
179.4517 -26.5500 -40 9
179.4957 -26.5000 -40 9
179.5000 -26.4942 -40 9
179.5304 -26.4500 -40 9
179.5500 -26.4155 -40 9
179.5589 -26.4000 -40 9
179.5833 -26.3500 -40 9
179.6000 -26.3086 -40 9
179.6038 -26.3000 -40 9
179.6229 -26.2500 -40 9
179.6385 -26.2000 -40 9
179.6500 -26.1555 -40 9
179.6517 -26.1500 -40 9
179.6651 -26.1000 -40 9
179.6762 -26.0500 -40 9
179.6856 -26.0000 -40 9
179.6940 -25.9500 -40 9
179.7000 -25.9129 -40 9
179.7026 -25.9000 -40 9
179.7129 -25.8500 -40 9
179.7231 -25.8000 -40 9
179.7338 -25.7500 -40 9
179.7452 -25.7000 -40 9
179.7500 -25.6809 -40 9
179.7596 -25.6500 -40 9
179.7758 -25.6000 -40 9
179.7925 -25.5500 -40 9
179.8000 -25.5290 -40 9
179.8127 -25.5000 -40 9
179.8347 -25.4500 -40 9
179.8500 -25.4149 -40 9
179.8583 -25.4000 -40 9
179.8854 -25.3500 -40 9
179.9000 -25.3217 -40 9
179.9148 -25.3000 -40 9
179.9459 -25.2500 -40 9
179.9500 -25.2431 -40 9
179.9853 -25.2000 -40 9
180.0000 -25.1797 -40 9
180.0347 -25.1500 -40 9
180.0500 -25.1349 -40 9
> Contour Depth = -60
181.9500 -18.9482 -60 10
182.0000 -18.9162 -60 10
182.0500 -18.9091 -60 10
182.1000 -18.9438 -60 10
182.1035 -18.9500 -60 10
182.1262 -19.0000 -60 10
182.1425 -19.0500 -60 10
182.1500 -19.0795 -60 10
182.1536 -19.1000 -60 10
182.1612 -19.1500 -60 10
182.1678 -19.2000 -60 10
182.1737 -19.2500 -60 10
182.1793 -19.3000 -60 10
182.1847 -19.3500 -60 10
182.1899 -19.4000 -60 10
182.1951 -19.4500 -60 10
182.2000 -19.4978 -60 10
182.2002 -19.5000 -60 10
182.2045 -19.5500 -60 10
182.2089 -19.6000 -60 10
182.2132 -19.6500 -60 10
182.2175 -19.7000 -60 10
182.2219 -19.7500 -60 10
182.2263 -19.8000 -60 10
182.2308 -19.8500 -60 10
182.2353 -19.9000 -60 10
182.2397 -19.9500 -60 10
182.2440 -20.0000 -60 10
182.2481 -20.0500 -60 10
182.2500 -20.0749 -60 10
182.2517 -20.1000 -60 10
182.2547 -20.1500 -60 10
182.2571 -20.2000 -60 10
182.2590 -20.2500 -60 10
182.2602 -20.3000 -60 10
182.2605 -20.3500 -60 10
182.2599 -20.4000 -60 10
182.2583 -20.4500 -60 10
182.2556 -20.5000 -60 10
182.2518 -20.5500 -60 10
182.2500 -20.5672 -60 10
182.2462 -20.6000 -60 10
182.2390 -20.6500 -60 10
182.2302 -20.7000 -60 10
182.2197 -20.7500 -60 10
182.2074 -20.8000 -60 10
182.2000 -20.8266 -60 10
182.1926 -20.8500 -60 10
182.1750 -20.9000 -60 10
182.1554 -20.9500 -60 10
182.1500 -20.9625 -60 10
182.1320 -21.0000 -60 10
182.1062 -21.0500 -60 10
182.1000 -21.0613 -60 10
182.0763 -21.1000 -60 10
182.0500 -21.1411 -60 10
182.0437 -21.1500 -60 10
182.0071 -21.2000 -60 10
182.0000 -21.2094 -60 10
181.9667 -21.2500 -60 10
181.9500 -21.2701 -60 10
181.9231 -21.3000 -60 10
181.9000 -21.3258 -60 10
181.8768 -21.3500 -60 10
181.8500 -21.3784 -60 10
181.8282 -21.4000 -60 10
181.8000 -21.4289 -60 10
181.7781 -21.4500 -60 10
181.7500 -21.4786 -60 10
181.7275 -21.5000 -60 10
181.7000 -21.5283 -60 10
181.6773 -21.5500 -60 10
181.6500 -21.5787 -60 10
181.6280 -21.6000 -60 10
181.6000 -21.6305 -60 10
181.5800 -21.6500 -60 10
181.5500 -21.6841 -60 10
181.5335 -21.7000 -60 10
181.5000 -21.7393 -60 10
181.4883 -21.7500 -60 10
181.4500 -21.7950 -60 10
181.4435 -21.8000 -60 10
181.4000 -21.8475 -60 10
181.3944 -21.8500 -60 10
181.3500 -21.8833 -60 10
181.3173 -21.8500 -60 10
181.3000 -21.8071 -60 10
181.2992 -21.8000 -60 10
181.2949 -21.7500 -60 10
181.2933 -21.7000 -60 10
181.2945 -21.6500 -60 10
181.2985 -21.6000 -60 10
181.3000 -21.5898 -60 10
181.3068 -21.5500 -60 10
181.3180 -21.5000 -60 10
181.3311 -21.4500 -60 10
181.3456 -21.4000 -60 10
181.3500 -21.3868 -60 10
181.3633 -21.3500 -60 10
181.3818 -21.3000 -60 10
181.3998 -21.2500 -60 10
181.4000 -21.2495 -60 10
181.4199 -21.2000 -60 10
181.4383 -21.1500 -60 10
181.4500 -21.1162 -60 10
181.4558 -21.1000 -60 10
181.4731 -21.0500 -60 10
181.4882 -21.0000 -60 10
181.5000 -20.9556 -60 10
181.5016 -20.9500 -60 10
181.5147 -20.9000 -60 10
181.5260 -20.8500 -60 10
181.5358 -20.8000 -60 10
181.5444 -20.7500 -60 10
181.5500 -20.7143 -60 10
181.5524 -20.7000 -60 10
181.5603 -20.6500 -60 10
181.5675 -20.6000 -60 10
181.5744 -20.5500 -60 10
181.5812 -20.5000 -60 10
181.5878 -20.4500 -60 10
181.5945 -20.4000 -60 10
181.6000 -20.3596 -60 10
181.6014 -20.3500 -60 10
181.6093 -20.3000 -60 10
181.6172 -20.2500 -60 10
181.6250 -20.2000 -60 10
181.6326 -20.1500 -60 10
181.6400 -20.1000 -60 10
181.6471 -20.0500 -60 10
181.6500 -20.0280 -60 10
181.6543 -20.0000 -60 10
181.6615 -19.9500 -60 10
181.6680 -19.9000 -60 10
181.6739 -19.8500 -60 10
181.6793 -19.8000 -60 10
181.6843 -19.7500 -60 10
181.6890 -19.7000 -60 10
181.6936 -19.6500 -60 10
181.6984 -19.6000 -60 10
181.7000 -19.5850 -60 10
181.7045 -19.5500 -60 10
181.7117 -19.5000 -60 10
181.7199 -19.4500 -60 10
181.7292 -19.4000 -60 10
181.7397 -19.3500 -60 10
181.7500 -19.3069 -60 10
181.7521 -19.3000 -60 10
181.7690 -19.2500 -60 10
181.7871 -19.2000 -60 10
181.8000 -19.1668 -60 10
181.8085 -19.1500 -60 10
181.8347 -19.1000 -60 10
181.8500 -19.0713 -60 10
181.8652 -19.0500 -60 10
181.8999 -19.0000 -60 10
181.9000 -18.9999 -60 10
181.9484 -18.9500 -60 10
181.9500 -18.9482 -60 10
> Contour Depth = -60
177.4500 -25.6076 -60 11
177.5000 -25.6401 -60 11
177.5125 -25.6500 -60 11
177.5500 -25.6819 -60 11
177.5678 -25.7000 -60 11
177.6000 -25.7359 -60 11
177.6107 -25.7500 -60 11
177.6448 -25.8000 -60 11
177.6500 -25.8086 -60 11
177.6717 -25.8500 -60 11
177.6948 -25.9000 -60 11
177.7000 -25.9126 -60 11
177.7136 -25.9500 -60 11
177.7299 -26.0000 -60 11
177.7445 -26.0500 -60 11
177.7500 -26.0708 -60 11
177.7571 -26.1000 -60 11
177.7682 -26.1500 -60 11
177.7786 -26.2000 -60 11
177.7883 -26.2500 -60 11
177.7975 -26.3000 -60 11
177.8000 -26.3151 -60 11
177.8055 -26.3500 -60 11
177.8128 -26.4000 -60 11
177.8195 -26.4500 -60 11
177.8254 -26.5000 -60 11
177.8303 -26.5500 -60 11
177.8343 -26.6000 -60 11
177.8372 -26.6500 -60 11
177.8389 -26.7000 -60 11
177.8393 -26.7500 -60 11
177.8384 -26.8000 -60 11
177.8362 -26.8500 -60 11
177.8327 -26.9000 -60 11
177.8281 -26.9500 -60 11
177.8223 -27.0000 -60 11
177.8155 -27.0500 -60 11
177.8078 -27.1000 -60 11
177.8000 -27.1458 -60 11
177.7992 -27.1500 -60 11
177.7898 -27.2000 -60 11
177.7797 -27.2500 -60 11
177.7691 -27.3000 -60 11
177.7581 -27.3500 -60 11
177.7500 -27.3858 -60 11
177.7466 -27.4000 -60 11
177.7347 -27.4500 -60 11
177.7226 -27.5000 -60 11
177.7103 -27.5500 -60 11
177.7000 -27.5918 -60 11
177.6979 -27.6000 -60 11
177.6850 -27.6500 -60 11
177.6721 -27.7000 -60 11
177.6592 -27.7500 -60 11
177.6500 -27.7863 -60 11
177.6461 -27.8000 -60 11
177.6324 -27.8500 -60 11
177.6184 -27.9000 -60 11
177.6042 -27.9500 -60 11
177.6000 -27.9650 -60 11
177.5884 -28.0000 -60 11
177.5713 -28.0500 -60 11
177.5531 -28.1000 -60 11
177.5500 -28.1084 -60 11
177.5304 -28.1500 -60 11
177.5045 -28.2000 -60 11
> Contour Depth = -60
180.0746 -30.0000 -60 12
180.1000 -29.9587 -60 12
180.1055 -29.9500 -60 12
180.1357 -29.9000 -60 12
180.1500 -29.8747 -60 12
180.1645 -29.8500 -60 12
180.1923 -29.8000 -60 12
180.2000 -29.7853 -60 12
180.2198 -29.7500 -60 12
180.2460 -29.7000 -60 12
180.2500 -29.6921 -60 12
180.2729 -29.6500 -60 12
180.2985 -29.6000 -60 12
180.3000 -29.5969 -60 12
180.3255 -29.5500 -60 12
180.3500 -29.5023 -60 12
180.3513 -29.5000 -60 12
180.3790 -29.4500 -60 12
180.4000 -29.4100 -60 12
180.4060 -29.4000 -60 12
180.4345 -29.3500 -60 12
180.4500 -29.3213 -60 12
180.4632 -29.3000 -60 12
180.4926 -29.2500 -60 12
180.5000 -29.2367 -60 12
180.5233 -29.2000 -60 12
180.5500 -29.1554 -60 12
180.5536 -29.1500 -60 12
180.5854 -29.1000 -60 12
180.6000 -29.0755 -60 12
180.6169 -29.0500 -60 12
180.6478 -29.0000 -60 12
180.6500 -28.9961 -60 12
180.6789 -28.9500 -60 12
180.7000 -28.9137 -60 12
180.7086 -28.9000 -60 12
180.7375 -28.8500 -60 12
180.7500 -28.8263 -60 12
180.7652 -28.8000 -60 12
180.7913 -28.7500 -60 12
180.8000 -28.7316 -60 12
180.8166 -28.7000 -60 12
180.8403 -28.6500 -60 12
180.8500 -28.6273 -60 12
180.8635 -28.6000 -60 12
180.8859 -28.5500 -60 12
180.9000 -28.5156 -60 12
180.9081 -28.5000 -60 12
180.9321 -28.4500 -60 12
180.9500 -28.4113 -60 12
180.9578 -28.4000 -60 12
180.9926 -28.3500 -60 12
181.0000 -28.3396 -60 12
181.0500 -28.3113 -60 12
181.1000 -28.3227 -60 12
181.1297 -28.3500 -60 12
181.1500 -28.3667 -60 12
181.1722 -28.4000 -60 12
181.2000 -28.4385 -60 12
181.2055 -28.4500 -60 12
181.2302 -28.5000 -60 12
181.2500 -28.5392 -60 12
181.2539 -28.5500 -60 12
181.2716 -28.6000 -60 12
181.2885 -28.6500 -60 12
181.3000 -28.6863 -60 12
181.3032 -28.7000 -60 12
181.3142 -28.7500 -60 12
181.3237 -28.8000 -60 12
181.3318 -28.8500 -60 12
181.3381 -28.9000 -60 12
181.3426 -28.9500 -60 12
181.3453 -29.0000 -60 12
181.3462 -29.0500 -60 12
181.3451 -29.1000 -60 12
181.3423 -29.1500 -60 12
181.3376 -29.2000 -60 12
181.3314 -29.2500 -60 12
181.3236 -29.3000 -60 12
181.3144 -29.3500 -60 12
181.3040 -29.4000 -60 12
181.3000 -29.4173 -60 12
181.2917 -29.4500 -60 12
181.2780 -29.5000 -60 12
181.2638 -29.5500 -60 12
181.2500 -29.5975 -60 12
181.2492 -29.6000 -60 12
181.2332 -29.6500 -60 12
181.2173 -29.7000 -60 12
181.2016 -29.7500 -60 12
181.2000 -29.7552 -60 12
181.1853 -29.8000 -60 12
181.1693 -29.8500 -60 12
181.1537 -29.9000 -60 12
181.1500 -29.9119 -60 12
181.1378 -29.9500 -60 12
181.1221 -30.0000 -60 12
181.1067 -30.0500 -60 12
181.1000 -30.0719 -60 12
181.0911 -30.1000 -60 12
181.0755 -30.1500 -60 12
181.0599 -30.2000 -60 12
181.0500 -30.2322 -60 12
181.0443 -30.2500 -60 12
181.0283 -30.3000 -60 12
181.0124 -30.3500 -60 12
181.0000 -30.3891 -60 12
180.9964 -30.4000 -60 12
180.9799 -30.4500 -60 12
180.9635 -30.5000 -60 12
180.9500 -30.5408 -60 12
180.9468 -30.5500 -60 12
180.9296 -30.6000 -60 12
180.9121 -30.6500 -60 12
180.9000 -30.6842 -60 12
180.8942 -30.7000 -60 12
180.8755 -30.7500 -60 12
180.8563 -30.8000 -60 12
180.8500 -30.8159 -60 12
180.8362 -30.8500 -60 12
180.8152 -30.9000 -60 12
180.8000 -30.9350 -60 12
180.7934 -30.9500 -60 12
180.7706 -31.0000 -60 12
180.7500 -31.0437 -60 12
180.7471 -31.0500 -60 12
180.7226 -31.1000 -60 12
180.7000 -31.1451 -60 12
180.6976 -31.1500 -60 12
180.6719 -31.2000 -60 12
180.6500 -31.2421 -60 12
180.6460 -31.2500 -60 12
180.6196 -31.3000 -60 12
180.6000 -31.3370 -60 12
180.5932 -31.3500 -60 12
180.5667 -31.4000 -60 12
180.5500 -31.4315 -60 12
180.5403 -31.4500 -60 12
180.5139 -31.5000 -60 12
180.5000 -31.5266 -60 12
180.4877 -31.5500 -60 12
180.4617 -31.6000 -60 12
180.4500 -31.6226 -60 12
180.4357 -31.6500 -60 12
180.4099 -31.7000 -60 12
180.4000 -31.7194 -60 12
180.3841 -31.7500 -60 12
180.3584 -31.8000 -60 12
180.3500 -31.8165 -60 12
180.3326 -31.8500 -60 12
180.3068 -31.9000 -60 12
180.3000 -31.9134 -60 12
180.2808 -31.9500 -60 12
180.2549 -32.0000 -60 12
180.2500 -32.0095 -60 12
180.2285 -32.0500 -60 12
180.2023 -32.1000 -60 12
180.2000 -32.1043 -60 12
180.1753 -32.1500 -60 12
180.1500 -32.1970 -60 12
180.1483 -32.2000 -60 12
180.1204 -32.2500 -60 12
180.1000 -32.2864 -60 12
180.0922 -32.3000 -60 12
180.0630 -32.3500 -60 12
180.0500 -32.3720 -60 12
180.0330 -32.4000 -60 12
180.0023 -32.4500 -60 12
180.0000 -32.4536 -60 12
179.9701 -32.5000 -60 12
179.9500 -32.5309 -60 12
179.9372 -32.5500 -60 12
179.9035 -32.6000 -60 12
179.9000 -32.6051 -60 12
179.8683 -32.6500 -60 12
179.8500 -32.6760 -60 12
179.8325 -32.7000 -60 12
179.8000 -32.7448 -60 12
179.7961 -32.7500 -60 12
179.7586 -32.8000 -60 12
179.7500 -32.8115 -60 12
179.7203 -32.8500 -60 12
179.7000 -32.8765 -60 12
179.6813 -32.9000 -60 12
179.6500 -32.9398 -60 12
179.6416 -32.9500 -60 12
179.6009 -33.0000 -60 12
179.6000 -33.0011 -60 12
179.5582 -33.0500 -60 12
179.5500 -33.0597 -60 12
179.5137 -33.1000 -60 12
179.5000 -33.1153 -60 12
179.4666 -33.1500 -60 12
179.4500 -33.1674 -60 12
179.4160 -33.2000 -60 12
179.4000 -33.2156 -60 12
179.3606 -33.2500 -60 12
179.3500 -33.2594 -60 12
179.3000 -33.2987 -60 12
179.2981 -33.3000 -60 12
179.2500 -33.3332 -60 12
179.2213 -33.3500 -60 12
179.2000 -33.3629 -60 12
179.1500 -33.3877 -60 12
179.1182 -33.4000 -60 12
179.1000 -33.4074 -60 12
179.0500 -33.4217 -60 12
179.0000 -33.4304 -60 12
178.9500 -33.4331 -60 12
178.9000 -33.4292 -60 12
178.8500 -33.4177 -60 12
178.8061 -33.4000 -60 12
178.8000 -33.3970 -60 12
178.7500 -33.3633 -60 12
178.7350 -33.3500 -60 12
178.7000 -33.3066 -60 12
178.6956 -33.3000 -60 12
178.6713 -33.2500 -60 12
178.6565 -33.2000 -60 12
178.6500 -33.1654 -60 12
178.6473 -33.1500 -60 12
178.6419 -33.1000 -60 12
178.6391 -33.0500 -60 12
178.6382 -33.0000 -60 12
178.6388 -32.9500 -60 12
178.6406 -32.9000 -60 12
178.6434 -32.8500 -60 12
178.6474 -32.8000 -60 12
178.6500 -32.7750 -60 12
178.6525 -32.7500 -60 12
178.6587 -32.7000 -60 12
178.6663 -32.6500 -60 12
178.6756 -32.6000 -60 12
> Contour Depth = -60
178.1500 -33.1970 -60 13
178.1526 -33.2000 -60 13
178.1942 -33.2500 -60 13
178.2000 -33.2575 -60 13
178.2390 -33.3000 -60 13
178.2500 -33.3138 -60 13
178.2839 -33.3500 -60 13
178.3000 -33.3714 -60 13
178.3249 -33.4000 -60 13
178.3500 -33.4392 -60 13
178.3578 -33.4500 -60 13
178.3837 -33.5000 -60 13
178.3998 -33.5500 -60 13
178.4000 -33.5508 -60 13
178.4117 -33.6000 -60 13
178.4178 -33.6500 -60 13
178.4198 -33.7000 -60 13
178.4185 -33.7500 -60 13
178.4144 -33.8000 -60 13
178.4076 -33.8500 -60 13
178.4000 -33.8892 -60 13
178.3981 -33.9000 -60 13
178.3867 -33.9500 -60 13
178.3722 -34.0000 -60 13
178.3543 -34.0500 -60 13
178.3500 -34.0602 -60 13
178.3339 -34.1000 -60 13
178.3099 -34.1500 -60 13
178.3000 -34.1679 -60 13
178.2828 -34.2000 -60 13
178.2519 -34.2500 -60 13
178.2500 -34.2527 -60 13
178.2184 -34.3000 -60 13
178.2000 -34.3248 -60 13
178.1817 -34.3500 -60 13
178.1500 -34.3898 -60 13
178.1421 -34.4000 -60 13
178.1003 -34.4500 -60 13
178.1000 -34.4504 -60 13
178.0575 -34.5000 -60 13
178.0500 -34.5083 -60 13
178.0136 -34.5500 -60 13
178.0000 -34.5649 -60 13
177.9692 -34.6000 -60 13
177.9500 -34.6212 -60 13
177.9249 -34.6500 -60 13
177.9000 -34.6778 -60 13
177.8810 -34.7000 -60 13
177.8500 -34.7355 -60 13
177.8379 -34.7500 -60 13
177.8000 -34.7947 -60 13
177.7957 -34.8000 -60 13
177.7553 -34.8500 -60 13
177.7500 -34.8564 -60 13
177.7168 -34.9000 -60 13
177.7000 -34.9215 -60 13
177.6795 -34.9500 -60 13
177.6500 -34.9900 -60 13
177.6432 -35.0000 -60 13
177.6092 -35.0500 -60 13
177.6000 -35.0635 -60 13
177.5772 -35.1000 -60 13
177.5500 -35.1422 -60 13
177.5454 -35.1500 -60 13
177.5164 -35.2000 -60 13
177.5000 -35.2274 -60 13
177.4877 -35.2500 -60 13
177.4600 -35.3000 -60 13
177.4500 -35.3178 -60 13
177.4335 -35.3500 -60 13
177.4070 -35.4000 -60 13
177.4000 -35.4131 -60 13
177.3821 -35.4500 -60 13
177.3570 -35.5000 -60 13
177.3500 -35.5140 -60 13
177.3337 -35.5500 -60 13
177.3109 -35.6000 -60 13
177.3000 -35.6245 -60 13
177.2897 -35.6500 -60 13
177.2708 -35.7000 -60 13
177.2528 -35.7500 -60 13
177.2500 -35.7595 -60 13
177.2390 -35.8000 -60 13
177.2279 -35.8500 -60 13
177.2197 -35.9000 -60 13
177.2148 -35.9500 -60 13
177.2132 -36.0000 -60 13
177.2142 -36.0500 -60 13
177.2166 -36.1000 -60 13
177.2187 -36.1500 -60 13
177.2189 -36.2000 -60 13
177.2157 -36.2500 -60 13
177.2084 -36.3000 -60 13
177.2000 -36.3357 -60 13
177.1969 -36.3500 -60 13
177.1816 -36.4000 -60 13
177.1623 -36.4500 -60 13
177.1500 -36.4765 -60 13
177.1399 -36.5000 -60 13
177.1147 -36.5500 -60 13
177.1000 -36.5760 -60 13
177.0872 -36.6000 -60 13
177.0577 -36.6500 -60 13
177.0500 -36.6620 -60 13
177.0266 -36.7000 -60 13
177.0000 -36.7403 -60 13
176.9939 -36.7500 -60 13
176.9599 -36.8000 -60 13
176.9500 -36.8137 -60 13
176.9247 -36.8500 -60 13
176.9000 -36.8837 -60 13
176.8884 -36.9000 -60 13
176.8512 -36.9500 -60 13
176.8500 -36.9515 -60 13
176.8133 -37.0000 -60 13
176.8000 -37.0170 -60 13
176.7749 -37.0500 -60 13
176.7500 -37.0820 -60 13
176.7363 -37.1000 -60 13
176.7000 -37.1469 -60 13
176.6977 -37.1500 -60 13
176.6594 -37.2000 -60 13
176.6500 -37.2121 -60 13
176.6215 -37.2500 -60 13
176.6000 -37.2783 -60 13
176.5841 -37.3000 -60 13
176.5500 -37.3459 -60 13
176.5471 -37.3500 -60 13
176.5108 -37.4000 -60 13
176.5000 -37.4146 -60 13
176.4749 -37.4500 -60 13
176.4500 -37.4843 -60 13
176.4390 -37.5000 -60 13
176.4032 -37.5500 -60 13
176.4000 -37.5543 -60 13
176.3672 -37.6000 -60 13
176.3500 -37.6232 -60 13
176.3306 -37.6500 -60 13
176.3000 -37.6907 -60 13
176.2931 -37.7000 -60 13
176.2544 -37.7500 -60 13
176.2500 -37.7554 -60 13
176.2142 -37.8000 -60 13
176.2000 -37.8169 -60 13
176.1723 -37.8500 -60 13
176.1500 -37.8753 -60 13
176.1284 -37.9000 -60 13
176.1000 -37.9308 -60 13
176.0824 -37.9500 -60 13
176.0500 -37.9836 -60 13
176.0342 -38.0000 -60 13
176.0000 -38.0340 -60 13
175.9840 -38.0500 -60 13
175.9500 -38.0826 -60 13
175.9319 -38.1000 -60 13
175.9000 -38.1297 -60 13
175.8784 -38.1500 -60 13
175.8500 -38.1758 -60 13
175.8238 -38.2000 -60 13
175.8000 -38.2214 -60 13
175.7686 -38.2500 -60 13
175.7500 -38.2667 -60 13
175.7134 -38.3000 -60 13
175.7000 -38.3120 -60 13
175.6586 -38.3500 -60 13
175.6500 -38.3578 -60 13
175.6044 -38.4000 -60 13
175.6000 -38.4040 -60 13
175.5509 -38.4500 -60 13
175.5500 -38.4508 -60 13
175.5000 -38.4981 -60 13
175.4980 -38.5000 -60 13
175.4500 -38.5458 -60 13
175.4457 -38.5500 -60 13
175.4000 -38.5939 -60 13
175.3937 -38.6000 -60 13
175.3500 -38.6419 -60 13
175.3416 -38.6500 -60 13
175.3000 -38.6898 -60 13
175.2893 -38.7000 -60 13
175.2500 -38.7372 -60 13
175.2365 -38.7500 -60 13
175.2000 -38.7841 -60 13
175.1828 -38.8000 -60 13
175.1500 -38.8301 -60 13
175.1281 -38.8500 -60 13
175.1000 -38.8753 -60 13
175.0722 -38.9000 -60 13
175.0500 -38.9195 -60 13
175.0149 -38.9500 -60 13
175.0000 -38.9628 -60 13
174.9561 -39.0000 -60 13
174.9500 -39.0051 -60 13
174.9000 -39.0463 -60 13
174.8955 -39.0500 -60 13
174.8500 -39.0864 -60 13
174.8329 -39.1000 -60 13
174.8000 -39.1257 -60 13
174.7688 -39.1500 -60 13
174.7500 -39.1644 -60 13
174.7034 -39.2000 -60 13
174.7000 -39.2026 -60 13
174.6500 -39.2397 -60 13
174.6362 -39.2500 -60 13
174.6000 -39.2764 -60 13
174.5680 -39.3000 -60 13
174.5500 -39.3130 -60 13
174.5000 -39.3496 -60 13
174.4994 -39.3500 -60 13
174.4500 -39.3854 -60 13
174.4300 -39.4000 -60 13
174.4000 -39.4216 -60 13
174.3613 -39.4500 -60 13
174.3500 -39.4582 -60 13
174.3000 -39.4949 -60 13
174.2932 -39.5000 -60 13
174.2500 -39.5318 -60 13
174.2258 -39.5500 -60 13
174.2000 -39.5693 -60 13
174.1598 -39.6000 -60 13
174.1500 -39.6075 -60 13
174.1000 -39.6462 -60 13
174.0952 -39.6500 -60 13
174.0500 -39.6854 -60 13
174.0316 -39.7000 -60 13
174.0000 -39.7254 -60 13
173.9698 -39.7500 -60 13
173.9500 -39.7663 -60 13
173.9096 -39.8000 -60 13
173.9000 -39.8081 -60 13
173.8511 -39.8500 -60 13
173.8500 -39.8510 -60 13
173.8000 -39.8947 -60 13
173.7940 -39.9000 -60 13
173.7500 -39.9395 -60 13
173.7384 -39.9500 -60 13
173.7000 -39.9854 -60 13
173.6843 -40.0000 -60 13
173.6500 -40.0323 -60 13
173.6313 -40.0500 -60 13
173.6000 -40.0800 -60 13
173.5793 -40.1000 -60 13
173.5500 -40.1284 -60 13
173.5279 -40.1500 -60 13
173.5000 -40.1773 -60 13
173.4769 -40.2000 -60 13
173.4500 -40.2264 -60 13
173.4261 -40.2500 -60 13
173.4000 -40.2757 -60 13
173.3754 -40.3000 -60 13
173.3500 -40.3249 -60 13
173.3247 -40.3500 -60 13
173.3000 -40.3742 -60 13
173.2739 -40.4000 -60 13
173.2500 -40.4234 -60 13
173.2230 -40.4500 -60 13
173.2000 -40.4725 -60 13
173.1722 -40.5000 -60 13
173.1500 -40.5217 -60 13
173.1212 -40.5500 -60 13
173.1000 -40.5707 -60 13
173.0701 -40.6000 -60 13
173.0500 -40.6195 -60 13
173.0187 -40.6500 -60 13
173.0000 -40.6681 -60 13
172.9669 -40.7000 -60 13
172.9500 -40.7162 -60 13
172.9145 -40.7500 -60 13
172.9000 -40.7637 -60 13
172.8613 -40.8000 -60 13
172.8500 -40.8105 -60 13
172.8071 -40.8500 -60 13
172.8000 -40.8565 -60 13
172.7519 -40.9000 -60 13
172.7500 -40.9017 -60 13
172.7000 -40.9458 -60 13
172.6952 -40.9500 -60 13
172.6500 -40.9892 -60 13
172.6374 -41.0000 -60 13
172.6000 -41.0319 -60 13
172.5786 -41.0500 -60 13
172.5500 -41.0741 -60 13
172.5190 -41.1000 -60 13
172.5000 -41.1158 -60 13
172.4587 -41.1500 -60 13
172.4500 -41.1572 -60 13
172.4000 -41.1982 -60 13
172.3978 -41.2000 -60 13
172.3500 -41.2385 -60 13
172.3357 -41.2500 -60 13
172.3000 -41.2786 -60 13
172.2730 -41.3000 -60 13
172.2500 -41.3183 -60 13
172.2097 -41.3500 -60 13
172.2000 -41.3577 -60 13
172.1500 -41.3966 -60 13
172.1455 -41.4000 -60 13
172.1000 -41.4348 -60 13
172.0799 -41.4500 -60 13
172.0500 -41.4727 -60 13
172.0137 -41.5000 -60 13
172.0000 -41.5104 -60 13
171.9500 -41.5479 -60 13
171.9472 -41.5500 -60 13
171.9000 -41.5852 -60 13
171.8802 -41.6000 -60 13
171.8500 -41.6228 -60 13
171.8140 -41.6500 -60 13
171.8000 -41.6608 -60 13
171.7500 -41.6993 -60 13
171.7491 -41.7000 -60 13
171.7000 -41.7386 -60 13
171.6858 -41.7500 -60 13
171.6500 -41.7790 -60 13
171.6246 -41.8000 -60 13
171.6000 -41.8206 -60 13
171.5655 -41.8500 -60 13
171.5500 -41.8634 -60 13
171.5086 -41.9000 -60 13
171.5000 -41.9076 -60 13
171.4534 -41.9500 -60 13
171.4500 -41.9531 -60 13
171.4000 -41.9998 -60 13
171.3998 -42.0000 -60 13
171.3500 -42.0476 -60 13
171.3476 -42.0500 -60 13
171.3000 -42.0965 -60 13
171.2966 -42.1000 -60 13
171.2500 -42.1466 -60 13
171.2468 -42.1500 -60 13
171.2000 -42.1980 -60 13
171.1981 -42.2000 -60 13
171.1508 -42.2500 -60 13
171.1500 -42.2508 -60 13
171.1049 -42.3000 -60 13
171.1000 -42.3054 -60 13
171.0606 -42.3500 -60 13
171.0500 -42.3621 -60 13
171.0180 -42.4000 -60 13
171.0000 -42.4216 -60 13
170.9771 -42.4500 -60 13
170.9500 -42.4844 -60 13
170.9381 -42.5000 -60 13
170.9008 -42.5500 -60 13
170.9000 -42.5511 -60 13
170.8652 -42.6000 -60 13
170.8500 -42.6223 -60 13
170.8313 -42.6500 -60 13
170.8000 -42.6988 -60 13
170.7992 -42.7000 -60 13
170.7684 -42.7500 -60 13
170.7500 -42.7818 -60 13
170.7394 -42.8000 -60 13
170.7118 -42.8500 -60 13
170.7000 -42.8728 -60 13
170.6856 -42.9000 -60 13
170.6610 -42.9500 -60 13
170.6500 -42.9740 -60 13
170.6377 -43.0000 -60 13
170.6159 -43.0500 -60 13
170.6000 -43.0894 -60 13
170.5955 -43.1000 -60 13
170.5763 -43.1500 -60 13
> Contour Depth = -80
174.5000 -38.5172 -80 14
174.5280 -38.5000 -80 14
174.5500 -38.4861 -80 14
174.6000 -38.4538 -80 14
174.6056 -38.4500 -80 14
174.6500 -38.4191 -80 14
174.6768 -38.4000 -80 14
174.7000 -38.3828 -80 14
174.7429 -38.3500 -80 14
174.7500 -38.3444 -80 14
174.8000 -38.3030 -80 14
174.8034 -38.3000 -80 14
174.8500 -38.2582 -80 14
174.8587 -38.2500 -80 14
174.9000 -38.2101 -80 14
174.9101 -38.2000 -80 14
174.9500 -38.1586 -80 14
174.9580 -38.1500 -80 14
175.0000 -38.1036 -80 14
175.0032 -38.1000 -80 14
175.0459 -38.0500 -80 14
175.0500 -38.0450 -80 14
175.0866 -38.0000 -80 14
175.1000 -37.9832 -80 14
175.1262 -37.9500 -80 14
175.1500 -37.9194 -80 14
175.1650 -37.9000 -80 14
175.2000 -37.8545 -80 14
175.2035 -37.8500 -80 14
