> Contour Depth = 140
58.5964 29.9500 140 1
58.6000 29.9478 140 1
58.6500 29.9160 140 1
58.6743 29.9000 140 1
58.7000 29.8831 140 1
58.7489 29.8500 140 1
58.7500 29.8493 140 1
58.8000 29.8150 140 1
58.8216 29.8000 140 1
58.8500 29.7804 140 1
58.8937 29.7500 140 1
58.9000 29.7457 140 1
58.9500 29.7114 140 1
58.9669 29.7000 140 1
59.0000 29.6779 140 1
59.0428 29.6500 140 1
59.0500 29.6454 140 1
59.1000 29.6145 140 1
59.1245 29.6000 140 1
59.1500 29.5853 140 1
59.2000 29.5581 140 1
59.2159 29.5500 140 1
59.2500 29.5332 140 1
59.3000 29.5106 140 1
59.3257 29.5000 140 1
59.3500 29.4903 140 1
59.4000 29.4726 140 1
59.4500 29.4570 140 1
59.4762 29.4500 140 1
59.5000 29.4438 140 1
59.5500 29.4329 140 1
59.6000 29.4239 140 1
59.6500 29.4168 140 1
59.7000 29.4114 140 1
59.7500 29.4076 140 1
59.8000 29.4051 140 1
59.8500 29.4039 140 1
59.9000 29.4036 140 1
59.9500 29.4040 140 1
60.0000 29.4051 140 1
60.0500 29.4065 140 1
60.1000 29.4081 140 1
60.1500 29.4096 140 1
60.2000 29.4109 140 1
60.2500 29.4119 140 1
60.3000 29.4123 140 1
60.3500 29.4121 140 1
60.4000 29.4110 140 1
60.4500 29.4091 140 1
60.5000 29.4062 140 1
60.5500 29.4023 140 1
60.5730 29.4000 140 1
60.6000 29.3974 140 1
60.6500 29.3914 140 1
60.7000 29.3843 140 1
60.7500 29.3762 140 1
60.8000 29.3671 140 1
60.8500 29.3570 140 1
60.8821 29.3500 140 1
60.9000 29.3461 140 1
60.9500 29.3346 140 1
61.0000 29.3223 140 1
61.0500 29.3096 140 1
61.0867 29.3000 140 1
61.1000 29.2966 140 1
61.1500 29.2835 140 1
61.2000 29.2704 140 1
61.2500 29.2574 140 1
61.2797 29.2500 140 1
61.3000 29.2450 140 1
61.3500 29.2331 140 1
61.4000 29.2221 140 1
61.4500 29.2119 140 1
61.5000 29.2027 140 1
61.5168 29.2000 140 1
61.5500 29.1948 140 1
61.6000 29.1881 140 1
61.6500 29.1829 140 1
61.7000 29.1790 140 1
61.7500 29.1766 140 1
61.8000 29.1756 140 1
61.8500 29.1761 140 1
61.9000 29.1781 140 1
61.9500 29.1815 140 1
62.0000 29.1864 140 1
62.0500 29.1925 140 1
62.1000 29.2000 140 1
62.1002 29.2000 140 1
62.1500 29.2087 140 1
62.2000 29.2186 140 1
62.2500 29.2296 140 1
62.3000 29.2415 140 1
62.3331 29.2500 140 1
62.3500 29.2544 140 1
62.4000 29.2681 140 1
62.4500 29.2826 140 1
62.5000 29.2977 140 1
62.5074 29.3000 140 1
62.5500 29.3134 140 1
62.6000 29.3296 140 1
62.6500 29.3462 140 1
62.6610 29.3500 140 1
62.7000 29.3632 140 1
62.7500 29.3805 140 1
62.8000 29.3981 140 1
62.8054 29.4000 140 1
62.8500 29.4158 140 1
62.9000 29.4337 140 1
62.9453 29.4500 140 1
62.9500 29.4517 140 1
63.0000 29.4697 140 1
63.0500 29.4879 140 1
63.0831 29.5000 140 1
63.1000 29.5061 140 1
63.1500 29.5243 140 1
63.2000 29.5426 140 1
63.2203 29.5500 140 1
63.2500 29.5608 140 1
63.3000 29.5791 140 1
63.3500 29.5974 140 1
63.3570 29.6000 140 1
63.4000 29.6158 140 1
63.4500 29.6341 140 1
63.4931 29.6500 140 1
63.5000 29.6525 140 1
63.5500 29.6710 140 1
63.6000 29.6895 140 1
63.6282 29.7000 140 1
63.6500 29.7082 140 1
63.7000 29.7269 140 1
63.7500 29.7457 140 1
63.7614 29.7500 140 1
63.8000 29.7648 140 1
63.8500 29.7839 140 1
63.8917 29.8000 140 1
63.9000 29.8033 140 1
63.9500 29.8229 140 1
64.0000 29.8427 140 1
64.0184 29.8500 140 1
64.0500 29.8629 140 1
64.1000 29.8833 140 1
64.1405 29.9000 140 1
64.1500 29.9040 140 1
64.2000 29.9253 140 1
64.2500 29.9467 140 1
64.2578 29.9500 140 1
> Contour Depth = 120
57.7134 29.9500 120 2
57.7500 29.9388 120 2
57.8000 29.9229 120 2
57.8500 29.9063 120 2
57.8681 29.9000 120 2
57.9000 29.8889 120 2
57.9500 29.8706 120 2
58.0000 29.8512 120 2
58.0030 29.8500 120 2
58.0500 29.8307 120 2
58.1000 29.8090 120 2
58.1198 29.8000 120 2
58.1500 29.7860 120 2
58.2000 29.7618 120 2
58.2232 29.7500 120 2
58.2500 29.7362 120 2
58.3000 29.7094 120 2
58.3168 29.7000 120 2
58.3500 29.6813 120 2
58.4000 29.6521 120 2
58.4035 29.6500 120 2
58.4500 29.6218 120 2
58.4849 29.6000 120 2
58.5000 29.5905 120 2
58.5500 29.5584 120 2
58.5629 29.5500 120 2
58.6000 29.5257 120 2
58.6388 29.5000 120 2
58.6500 29.4926 120 2
58.7000 29.4593 120 2
58.7139 29.4500 120 2
58.7500 29.4261 120 2
58.7895 29.4000 120 2
58.8000 29.3932 120 2
58.8500 29.3609 120 2
58.8673 29.3500 120 2
58.9000 29.3296 120 2
58.9491 29.3000 120 2
58.9500 29.2995 120 2
59.0000 29.2708 120 2
59.0382 29.2500 120 2
59.0500 29.2436 120 2
59.1000 29.2183 120 2
59.1389 29.2000 120 2
59.1500 29.1948 120 2
59.2000 29.1733 120 2
59.2500 29.1538 120 2
59.2607 29.1500 120 2
59.3000 29.1363 120 2
59.3500 29.1207 120 2
59.4000 29.1071 120 2
59.4304 29.1000 120 2
59.4500 29.0954 120 2
59.5000 29.0856 120 2
59.5500 29.0775 120 2
59.6000 29.0710 120 2
59.6500 29.0662 120 2
59.7000 29.0629 120 2
59.7500 29.0610 120 2
59.8000 29.0604 120 2
59.8500 29.0610 120 2
59.9000 29.0626 120 2
59.9500 29.0651 120 2
60.0000 29.0683 120 2
60.0500 29.0720 120 2
60.1000 29.0761 120 2
60.1500 29.0804 120 2
60.2000 29.0847 120 2
60.2500 29.0887 120 2
60.3000 29.0924 120 2
60.3500 29.0954 120 2
60.4000 29.0978 120 2
60.4500 29.0992 120 2
60.5000 29.0996 120 2
60.5500 29.0988 120 2
60.6000 29.0969 120 2
60.6500 29.0938 120 2
60.7000 29.0894 120 2
60.7500 29.0838 120 2
60.8000 29.0770 120 2
60.8500 29.0691 120 2
60.9000 29.0603 120 2
60.9500 29.0505 120 2
60.9526 29.0500 120 2
61.0000 29.0400 120 2
61.0500 29.0288 120 2
61.1000 29.0174 120 2
61.1500 29.0057 120 2
61.1745 29.0000 120 2
61.2000 28.9940 120 2
61.2500 28.9825 120 2
61.3000 28.9713 120 2
61.3500 28.9608 120 2
61.4000 28.9510 120 2
61.4053 28.9500 120 2
61.4500 28.9419 120 2
61.5000 28.9338 120 2
61.5500 28.9268 120 2
61.6000 28.9210 120 2
61.6500 28.9164 120 2
61.7000 28.9130 120 2
61.7500 28.9109 120 2
61.8000 28.9101 120 2
61.8500 28.9106 120 2
61.9000 28.9124 120 2
61.9500 28.9155 120 2
62.0000 28.9199 120 2
62.0500 28.9255 120 2
62.1000 28.9324 120 2
62.1500 28.9406 120 2
62.2000 28.9499 120 2
62.2005 28.9500 120 2
62.2500 28.9604 120 2
62.3000 28.9719 120 2
62.3500 28.9846 120 2
62.4000 28.9984 120 2
62.4056 29.0000 120 2
62.4500 29.0130 120 2
62.5000 29.0286 120 2
62.5500 29.0451 120 2
62.5641 29.0500 120 2
62.6000 29.0624 120 2
62.6500 29.0803 120 2
62.7000 29.0989 120 2
62.7030 29.1000 120 2
62.7500 29.1179 120 2
62.8000 29.1374 120 2
62.8316 29.1500 120 2
62.8500 29.1572 120 2
62.9000 29.1773 120 2
62.9500 29.1977 120 2
62.9555 29.2000 120 2
63.0000 29.2181 120 2
63.0500 29.2386 120 2
63.0776 29.2500 120 2
63.1000 29.2591 120 2
63.1500 29.2795 120 2
63.2000 29.2999 120 2
63.2003 29.3000 120 2
63.2500 29.3199 120 2
63.3000 29.3399 120 2
63.3254 29.3500 120 2
63.3500 29.3596 120 2
63.4000 29.3791 120 2
63.4500 29.3983 120 2
63.4545 29.4000 120 2
63.5000 29.4171 120 2
63.5500 29.4357 120 2
63.5890 29.4500 120 2
63.6000 29.4540 120 2
63.6500 29.4719 120 2
63.7000 29.4896 120 2
63.7301 29.5000 120 2
63.7500 29.5069 120 2
63.8000 29.5239 120 2
63.8500 29.5407 120 2
63.8781 29.5500 120 2
63.9000 29.5573 120 2
63.9500 29.5736 120 2
64.0000 29.5897 120 2
64.0324 29.6000 120 2
64.0500 29.6057 120 2
64.1000 29.6216 120 2
64.1500 29.6373 120 2
64.1904 29.6500 120 2
64.2000 29.6531 120 2
64.2500 29.6688 120 2
64.3000 29.6846 120 2
64.3489 29.7000 120 2
64.3500 29.7004 120 2
64.4000 29.7163 120 2
64.4500 29.7323 120 2
64.5000 29.7485 120 2
64.5047 29.7500 120 2
64.5500 29.7649 120 2
64.6000 29.7814 120 2
64.6500 29.7981 120 2
64.6559 29.8000 120 2
64.7000 29.8150 120 2
64.7500 29.8321 120 2
64.8000 29.8493 120 2
64.8021 29.8500 120 2
64.8500 29.8668 120 2
64.9000 29.8844 120 2
64.9444 29.9000 120 2
64.9500 29.9020 120 2
65.0000 29.9199 120 2
65.0500 29.9378 120 2
65.0843 29.9500 120 2
> Contour Depth = 100
55.6000 29.9158 100 3
55.6500 29.9357 100 3
55.7000 29.9469 100 3
55.7264 29.9500 100 3
> Contour Depth = 100
55.9351 29.9500 100 4
55.9500 29.9489 100 4
56.0000 29.9440 100 4
56.0500 29.9381 100 4
56.1000 29.9312 100 4
56.1500 29.9235 100 4
56.2000 29.9151 100 4
56.2500 29.9059 100 4
56.2802 29.9000 100 4
56.3000 29.8961 100 4
56.3500 29.8856 100 4
56.4000 29.8747 100 4
56.4500 29.8632 100 4
56.5000 29.8514 100 4
56.5055 29.8500 100 4
56.5500 29.8391 100 4
56.6000 29.8266 100 4
56.6500 29.8140 100 4
56.7000 29.8013 100 4
56.7052 29.8000 100 4
56.7500 29.7886 100 4
56.8000 29.7761 100 4
56.8500 29.7638 100 4
56.9000 29.7519 100 4
56.9082 29.7500 100 4
56.9500 29.7403 100 4
57.0000 29.7291 100 4
57.0500 29.7185 100 4
57.1000 29.7083 100 4
57.1422 29.7000 100 4
57.1500 29.6985 100 4
57.2000 29.6889 100 4
57.2500 29.6796 100 4
57.3000 29.6703 100 4
57.3500 29.6611 100 4
57.4000 29.6516 100 4
57.4082 29.6500 100 4
57.4500 29.6416 100 4
57.5000 29.6311 100 4
57.5500 29.6198 100 4
57.6000 29.6077 100 4
57.6293 29.6000 100 4
57.6500 29.5945 100 4
57.7000 29.5799 100 4
57.7500 29.5641 100 4
57.7912 29.5500 100 4
57.8000 29.5469 100 4
57.8500 29.5280 100 4
57.9000 29.5078 100 4
57.9179 29.5000 100 4
57.9500 29.4858 100 4
58.0000 29.4624 100 4
58.0251 29.4500 100 4
58.0500 29.4375 100 4
58.1000 29.4112 100 4
58.1204 29.4000 100 4
58.1500 29.3835 100 4
58.2000 29.3549 100 4
58.2083 29.3500 100 4
58.2500 29.3251 100 4
58.2914 29.3000 100 4
58.3000 29.2947 100 4
58.3500 29.2636 100 4
58.3716 29.2500 100 4
58.4000 29.2320 100 4
58.4500 29.2002 100 4
58.4503 29.2000 100 4
58.5000 29.1681 100 4
58.5284 29.1500 100 4
58.5500 29.1362 100 4
58.6000 29.1045 100 4
58.6072 29.1000 100 4
58.6500 29.0731 100 4
58.6876 29.0500 100 4
58.7000 29.0424 100 4
58.7500 29.0124 100 4
58.7713 29.0000 100 4
58.8000 28.9833 100 4
58.8500 28.9554 100 4
58.8601 28.9500 100 4
58.9000 28.9286 100 4
58.9500 28.9033 100 4
58.9568 28.9000 100 4
59.0000 28.8792 100 4
59.0500 28.8568 100 4
59.0662 28.8500 100 4
59.1000 28.8358 100 4
59.1500 28.8165 100 4
59.1966 28.8000 100 4
59.2000 28.7988 100 4
59.2500 28.7825 100 4
59.3000 28.7678 100 4
59.3500 28.7548 100 4
59.3709 28.7500 100 4
59.4000 28.7432 100 4
59.4500 28.7330 100 4
59.5000 28.7243 100 4
59.5500 28.7171 100 4
59.6000 28.7112 100 4
59.6500 28.7067 100 4
59.7000 28.7035 100 4
59.7500 28.7016 100 4
59.8000 28.7008 100 4
59.8500 28.7012 100 4
59.9000 28.7026 100 4
59.9500 28.7050 100 4
60.0000 28.7083 100 4
60.0500 28.7122 100 4
60.1000 28.7168 100 4
60.1500 28.7219 100 4
60.2000 28.7272 100 4
60.2500 28.7327 100 4
60.3000 28.7381 100 4
60.3500 28.7432 100 4
60.4000 28.7479 100 4
60.4268 28.7500 100 4
60.4500 28.7518 100 4
60.5000 28.7548 100 4
60.5500 28.7569 100 4
60.6000 28.7580 100 4
60.6500 28.7579 100 4
60.7000 28.7567 100 4
60.7500 28.7542 100 4
60.8000 28.7506 100 4
60.8069 28.7500 100 4
60.8500 28.7459 100 4
60.9000 28.7401 100 4
60.9500 28.7334 100 4
61.0000 28.7261 100 4
61.0500 28.7184 100 4
61.1000 28.7103 100 4
61.1500 28.7021 100 4
61.1628 28.7000 100 4
61.2000 28.6938 100 4
61.2500 28.6856 100 4
61.3000 28.6778 100 4
61.3500 28.6705 100 4
61.4000 28.6638 100 4
61.4500 28.6578 100 4
61.5000 28.6525 100 4
61.5282 28.6500 100 4
61.5500 28.6480 100 4
61.6000 28.6444 100 4
61.6500 28.6417 100 4
61.7000 28.6400 100 4
61.7500 28.6392 100 4
61.8000 28.6394 100 4
61.8500 28.6407 100 4
61.9000 28.6429 100 4
61.9500 28.6462 100 4
61.9942 28.6500 100 4
62.0000 28.6505 100 4
62.0500 28.6557 100 4
62.1000 28.6620 100 4
62.1500 28.6693 100 4
62.2000 28.6777 100 4
62.2500 28.6872 100 4
62.3000 28.6978 100 4
62.3093 28.7000 100 4
62.3500 28.7094 100 4
62.4000 28.7221 100 4
62.4500 28.7360 100 4
62.4968 28.7500 100 4
62.5000 28.7510 100 4
62.5500 28.7669 100 4
62.6000 28.7839 100 4
62.6444 28.8000 100 4
62.6500 28.8020 100 4
62.7000 28.8209 100 4
62.7500 28.8407 100 4
62.7724 28.8500 100 4
62.8000 28.8613 100 4
62.8500 28.8825 100 4
62.8898 28.9000 100 4
62.9000 28.9044 100 4
62.9500 28.9265 100 4
63.0000 28.9492 100 4
63.0016 28.9500 100 4
63.0500 28.9719 100 4
63.1000 28.9949 100 4
63.1111 29.0000 100 4
63.1500 29.0177 100 4
63.2000 29.0405 100 4
63.2209 29.0500 100 4
63.2500 29.0630 100 4
63.3000 29.0852 100 4
63.3335 29.1000 100 4
63.3500 29.1071 100 4
63.4000 29.1285 100 4
63.4500 29.1495 100 4
63.4512 29.1500 100 4
63.5000 29.1697 100 4
63.5500 29.1894 100 4
63.5776 29.2000 100 4
63.6000 29.2084 100 4
63.6500 29.2267 100 4
63.7000 29.2444 100 4
63.7163 29.2500 100 4
63.7500 29.2613 100 4
63.8000 29.2775 100 4
63.8500 29.2931 100 4
63.8732 29.3000 100 4
63.9000 29.3079 100 4
63.9500 29.3221 100 4
64.0000 29.3356 100 4
64.0500 29.3487 100 4
64.0554 29.3500 100 4
64.1000 29.3610 100 4
64.1500 29.3729 100 4
64.2000 29.3844 100 4
64.2500 29.3955 100 4
64.2709 29.4000 100 4
64.3000 29.4063 100 4
64.3500 29.4167 100 4
64.4000 29.4269 100 4
64.4500 29.4370 100 4
64.5000 29.4469 100 4
64.5157 29.4500 100 4
64.5500 29.4568 100 4
64.6000 29.4665 100 4
64.6500 29.4763 100 4
64.7000 29.4861 100 4
64.7500 29.4960 100 4
64.7706 29.5000 100 4
64.8000 29.5058 100 4
64.8500 29.5158 100 4
64.9000 29.5258 100 4
64.9500 29.5360 100 4
65.0000 29.5462 100 4
65.0185 29.5500 100 4
65.0500 29.5565 100 4
65.1000 29.5668 100 4
65.1500 29.5772 100 4
65.2000 29.5876 100 4
65.2500 29.5980 100 4
65.2599 29.6000 100 4
65.3000 29.6083 100 4
65.3500 29.6184 100 4
65.4000 29.6285 100 4
65.4500 29.6384 100 4
65.5000 29.6480 100 4
65.5107 29.6500 100 4
65.5500 29.6574 100 4
65.6000 29.6664 100 4
65.6500 29.6751 100 4
65.7000 29.6834 100 4
65.7500 29.6913 100 4
65.8000 29.6987 100 4
65.8091 29.7000 100 4
65.8500 29.7057 100 4
65.9000 29.7122 100 4
65.9500 29.7182 100 4
66.0000 29.7237 100 4
66.0500 29.7288 100 4
66.1000 29.7334 100 4
66.1500 29.7375 100 4
66.2000 29.7413 100 4
66.2500 29.7446 100 4
66.3000 29.7476 100 4
66.3455 29.7500 100 4
66.3500 29.7502 100 4
66.4000 29.7526 100 4
66.4500 29.7547 100 4
66.5000 29.7565 100 4
66.5500 29.7581 100 4
66.6000 29.7595 100 4
66.6500 29.7607 100 4
66.7000 29.7617 100 4
66.7500 29.7625 100 4
66.8000 29.7631 100 4
66.8500 29.7636 100 4
66.9000 29.7639 100 4
66.9500 29.7640 100 4
67.0000 29.7639 100 4
67.0500 29.7636 100 4
67.1000 29.7631 100 4
67.1500 29.7625 100 4
67.2000 29.7617 100 4
67.2500 29.7608 100 4
67.3000 29.7598 100 4
67.3500 29.7590 100 4
67.4000 29.7584 100 4
67.4500 29.7582 100 4
> Contour Depth = 80
55.7500 29.2910 80 5
55.7732 29.3000 80 5
55.8000 29.3103 80 5
55.8500 29.3228 80 5
55.9000 29.3305 80 5
55.9500 29.3345 80 5
56.0000 29.3360 80 5
56.0500 29.3355 80 5
56.1000 29.3337 80 5
56.1500 29.3308 80 5
56.2000 29.3270 80 5
56.2500 29.3226 80 5
56.3000 29.3177 80 5
56.3500 29.3122 80 5
56.4000 29.3064 80 5
56.4500 29.3002 80 5
56.4515 29.3000 80 5
56.5000 29.2937 80 5
56.5500 29.2871 80 5
56.6000 29.2804 80 5
56.6500 29.2736 80 5
56.7000 29.2669 80 5
56.7500 29.2603 80 5
56.8000 29.2540 80 5
56.8328 29.2500 80 5
56.8500 29.2479 80 5
56.9000 29.2423 80 5
56.9500 29.2370 80 5
57.0000 29.2322 80 5
57.0500 29.2277 80 5
57.1000 29.2236 80 5
57.1500 29.2198 80 5
57.2000 29.2160 80 5
57.2500 29.2121 80 5
57.3000 29.2079 80 5
57.3500 29.2031 80 5
57.3778 29.2000 80 5
57.4000 29.1975 80 5
57.4500 29.1908 80 5
57.5000 29.1828 80 5
57.5500 29.1732 80 5
57.6000 29.1619 80 5
57.6451 29.1500 80 5
57.6500 29.1487 80 5
57.7000 29.1333 80 5
57.7500 29.1160 80 5
57.7912 29.1000 80 5
57.8000 29.0965 80 5
57.8500 29.0749 80 5
57.9000 29.0515 80 5
57.9030 29.0500 80 5
57.9500 29.0261 80 5
57.9985 29.0000 80 5
58.0000 28.9992 80 5
58.0500 28.9707 80 5
58.0851 28.9500 80 5
58.1000 28.9411 80 5
58.1500 28.9105 80 5
58.1669 28.9000 80 5
58.2000 28.8791 80 5
58.2459 28.8500 80 5
58.2500 28.8474 80 5
58.3000 28.8152 80 5
58.3237 28.8000 80 5
58.3500 28.7830 80 5
58.4000 28.7511 80 5
58.4017 28.7500 80 5
58.4500 28.7193 80 5
58.4810 28.7000 80 5
58.5000 28.6882 80 5
58.5500 28.6577 80 5
58.5631 28.6500 80 5
58.6000 28.6281 80 5
58.6495 28.6000 80 5
58.6500 28.5997 80 5
58.7000 28.5722 80 5
58.7424 28.5500 80 5
58.7500 28.5460 80 5
58.8000 28.5210 80 5
58.8448 28.5000 80 5
58.8500 28.4975 80 5
58.9000 28.4751 80 5
58.9500 28.4542 80 5
58.9607 28.4500 80 5
59.0000 28.4344 80 5
59.0500 28.4159 80 5
59.0962 28.4000 80 5
59.1000 28.3987 80 5
59.1500 28.3823 80 5
59.2000 28.3672 80 5
59.2500 28.3532 80 5
59.2622 28.3500 80 5
59.3000 28.3400 80 5
59.3500 28.3278 80 5
59.4000 28.3166 80 5
59.4500 28.3063 80 5
59.4843 28.3000 80 5
59.5000 28.2970 80 5
59.5500 28.2886 80 5
59.6000 28.2811 80 5
59.6500 28.2747 80 5
59.7000 28.2693 80 5
59.7500 28.2649 80 5
59.8000 28.2616 80 5
59.8500 28.2593 80 5
59.9000 28.2581 80 5
59.9500 28.2579 80 5
60.0000 28.2586 80 5
60.0500 28.2602 80 5
60.1000 28.2627 80 5
60.1500 28.2658 80 5
60.2000 28.2696 80 5
60.2500 28.2739 80 5
60.3000 28.2785 80 5
60.3500 28.2833 80 5
60.4000 28.2883 80 5
60.4500 28.2932 80 5
60.5000 28.2981 80 5
60.5210 28.3000 80 5
60.5500 28.3026 80 5
60.6000 28.3068 80 5
60.6500 28.3107 80 5
60.7000 28.3141 80 5
60.7500 28.3170 80 5
60.8000 28.3195 80 5
60.8500 28.3215 80 5
60.9000 28.3231 80 5
60.9500 28.3242 80 5
61.0000 28.3249 80 5
61.0500 28.3253 80 5
61.1000 28.3254 80 5
61.1500 28.3253 80 5
61.2000 28.3250 80 5
61.2500 28.3246 80 5
61.3000 28.3243 80 5
61.3500 28.3239 80 5
61.4000 28.3237 80 5
61.4500 28.3236 80 5
61.5000 28.3238 80 5
61.5500 28.3243 80 5
61.6000 28.3251 80 5
61.6500 28.3264 80 5
61.7000 28.3282 80 5
61.7500 28.3305 80 5
61.8000 28.3333 80 5
61.8500 28.3367 80 5
61.9000 28.3408 80 5
61.9500 28.3455 80 5
61.9915 28.3500 80 5
62.0000 28.3509 80 5
62.0500 28.3568 80 5
62.1000 28.3634 80 5
62.1500 28.3708 80 5
62.2000 28.3789 80 5
62.2500 28.3880 80 5
62.3000 28.3979 80 5
62.3097 28.4000 80 5
62.3500 28.4085 80 5
62.4000 28.4201 80 5
62.4500 28.4327 80 5
62.5000 28.4465 80 5
62.5117 28.4500 80 5
62.5500 28.4612 80 5
62.6000 28.4770 80 5
62.6500 28.4942 80 5
62.6659 28.5000 80 5
62.7000 28.5123 80 5
62.7500 28.5316 80 5
62.7947 28.5500 80 5
62.8000 28.5521 80 5
62.8500 28.5734 80 5
62.9000 28.5960 80 5
62.9086 28.6000 80 5
62.9500 28.6191 80 5
63.0000 28.6432 80 5
63.0138 28.6500 80 5
63.0500 28.6676 80 5
63.1000 28.6927 80 5
63.1143 28.7000 80 5
63.1500 28.7178 80 5
63.2000 28.7433 80 5
63.2131 28.7500 80 5
63.2500 28.7685 80 5
63.3000 28.7936 80 5
63.3127 28.8000 80 5
63.3500 28.8182 80 5
63.4000 28.8424 80 5
63.4158 28.8500 80 5
63.4500 28.8659 80 5
63.5000 28.8886 80 5
63.5256 28.9000 80 5
63.5500 28.9105 80 5
63.6000 28.9313 80 5
63.6466 28.9500 80 5
63.6500 28.9513 80 5
63.7000 28.9698 80 5
63.7500 28.9874 80 5
63.7879 29.0000 80 5
63.8000 29.0039 80 5
63.8500 29.0189 80 5
63.9000 29.0330 80 5
63.9500 29.0459 80 5
63.9671 29.0500 80 5
64.0000 29.0576 80 5
64.0500 29.0681 80 5
64.1000 29.0777 80 5
64.1500 29.0863 80 5
64.2000 29.0940 80 5
64.2431 29.1000 80 5
64.2500 29.1009 80 5
64.3000 29.1069 80 5
64.3500 29.1122 80 5
64.4000 29.1170 80 5
64.4500 29.1212 80 5
64.5000 29.1250 80 5
64.5500 29.1284 80 5
64.6000 29.1315 80 5
64.6500 29.1344 80 5
64.7000 29.1371 80 5
64.7500 29.1397 80 5
64.8000 29.1423 80 5
64.8500 29.1448 80 5
64.9000 29.1473 80 5
64.9500 29.1499 80 5
64.9526 29.1500 80 5
65.0000 29.1524 80 5
65.0500 29.1551 80 5
65.1000 29.1578 80 5
65.1500 29.1606 80 5
65.2000 29.1635 80 5
65.2500 29.1665 80 5
65.3000 29.1696 80 5
65.3500 29.1727 80 5
65.4000 29.1760 80 5
65.4500 29.1793 80 5
65.5000 29.1826 80 5
65.5500 29.1860 80 5
65.6000 29.1894 80 5
65.6500 29.1928 80 5
65.7000 29.1961 80 5
65.7500 29.1994 80 5
65.7585 29.2000 80 5
65.8000 29.2027 80 5
65.8500 29.2058 80 5
65.9000 29.2088 80 5
65.9500 29.2117 80 5
66.0000 29.2145 80 5
66.0500 29.2171 80 5
66.1000 29.2195 80 5
66.1500 29.2218 80 5
66.2000 29.2238 80 5
66.2500 29.2256 80 5
66.3000 29.2271 80 5
66.3500 29.2284 80 5
66.4000 29.2293 80 5
66.4500 29.2299 80 5
66.5000 29.2302 80 5
66.5500 29.2300 80 5
66.6000 29.2294 80 5
66.6500 29.2284 80 5
66.7000 29.2269 80 5
66.7500 29.2248 80 5
66.8000 29.2223 80 5
66.8500 29.2192 80 5
66.9000 29.2155 80 5
66.9500 29.2112 80 5
67.0000 29.2063 80 5
67.0500 29.2009 80 5
67.0573 29.2000 80 5
67.1000 29.1947 80 5
67.1500 29.1880 80 5
67.2000 29.1808 80 5
67.2500 29.1730 80 5
67.3000 29.1649 80 5
> Contour Depth = 60
55.9500 28.6333 60 6
56.0000 28.6442 60 6
56.0302 28.6500 60 6
56.0500 28.6537 60 6
56.1000 28.6620 60 6
56.1500 28.6693 60 6
56.2000 28.6759 60 6
56.2500 28.6817 60 6
56.3000 28.6867 60 6
56.3500 28.6911 60 6
56.4000 28.6947 60 6
56.4500 28.6977 60 6
56.4988 28.7000 60 6
56.5000 28.7001 60 6
56.5500 28.7017 60 6
56.6000 28.7028 60 6
56.6500 28.7034 60 6
56.7000 28.7035 60 6
56.7500 28.7032 60 6
56.8000 28.7026 60 6
56.8500 28.7016 60 6
56.9000 28.7003 60 6
56.9105 28.7000 60 6
56.9500 28.6988 60 6
57.0000 28.6969 60 6
57.0500 28.6948 60 6
57.1000 28.6924 60 6
57.1500 28.6895 60 6
57.2000 28.6860 60 6
57.2500 28.6819 60 6
57.3000 28.6769 60 6
57.3500 28.6708 60 6
57.4000 28.6634 60 6
57.4500 28.6546 60 6
57.4717 28.6500 60 6
57.5000 28.6438 60 6
57.5500 28.6310 60 6
57.6000 28.6161 60 6
57.6474 28.6000 60 6
57.6500 28.5991 60 6
57.7000 28.5793 60 6
57.7500 28.5575 60 6
57.7658 28.5500 60 6
57.8000 28.5332 60 6
57.8500 28.5069 60 6
57.8624 28.5000 60 6
57.9000 28.4785 60 6
57.9477 28.4500 60 6
57.9500 28.4486 60 6
58.0000 28.4170 60 6
58.0263 28.4000 60 6
58.0500 28.3844 60 6
58.1000 28.3513 60 6
58.1019 28.3500 60 6
58.1500 28.3176 60 6
58.1763 28.3000 60 6
58.2000 28.2841 60 6
58.2500 28.2510 60 6
58.2515 28.2500 60 6
58.3000 28.2184 60 6
58.3291 28.2000 60 6
58.3500 28.1868 60 6
58.4000 28.1564 60 6
58.4110 28.1500 60 6
58.4500 28.1273 60 6
58.4994 28.1000 60 6
58.5000 28.0997 60 6
58.5500 28.0733 60 6
58.5972 28.0500 60 6
58.6000 28.0486 60 6
58.6500 28.0252 60 6
58.7000 28.0033 60 6
58.7080 28.0000 60 6
58.7500 27.9825 60 6
58.8000 27.9630 60 6
58.8355 27.9500 60 6
58.8500 27.9446 60 6
58.9000 27.9270 60 6
58.9500 27.9104 60 6
58.9826 27.9000 60 6
59.0000 27.8944 60 6
59.0500 27.8789 60 6
59.1000 27.8640 60 6
59.1487 27.8500 60 6
59.1500 27.8496 60 6
59.2000 27.8354 60 6
59.2500 27.8216 60 6
59.3000 27.8083 60 6
59.3319 27.8000 60 6
59.3500 27.7952 60 6
59.4000 27.7825 60 6
59.4500 27.7703 60 6
59.5000 27.7587 60 6
59.5396 27.7500 60 6
59.5500 27.7477 60 6
59.6000 27.7373 60 6
59.6500 27.7279 60 6
59.7000 27.7195 60 6
59.7500 27.7121 60 6
59.8000 27.7059 60 6
59.8500 27.7008 60 6
59.8611 27.7000 60 6
59.9000 27.6971 60 6
59.9500 27.6945 60 6
60.0000 27.6933 60 6
60.0500 27.6933 60 6
60.1000 27.6946 60 6
60.1500 27.6969 60 6
60.1961 27.7000 60 6
60.2000 27.7003 60 6
60.2500 27.7045 60 6
60.3000 27.7096 60 6
60.3500 27.7154 60 6
60.4000 27.7219 60 6
60.4500 27.7288 60 6
60.5000 27.7362 60 6
60.5500 27.7440 60 6
60.5868 27.7500 60 6
60.6000 27.7521 60 6
60.6500 27.7604 60 6
60.7000 27.7689 60 6
60.7500 27.7776 60 6
60.8000 27.7864 60 6
60.8500 27.7953 60 6
60.8759 27.8000 60 6
60.9000 27.8043 60 6
60.9500 27.8131 60 6
61.0000 27.8219 60 6
61.0500 27.8306 60 6
61.1000 27.8390 60 6
61.1500 27.8473 60 6
61.1669 27.8500 60 6
61.2000 27.8551 60 6
61.2500 27.8626 60 6
61.3000 27.8697 60 6
61.3500 27.8764 60 6
61.4000 27.8829 60 6
61.4500 27.8891 60 6
61.5000 27.8952 60 6
61.5403 27.9000 60 6
61.5500 27.9011 60 6
61.6000 27.9068 60 6
61.6500 27.9126 60 6
61.7000 27.9186 60 6
61.7500 27.9249 60 6
61.8000 27.9316 60 6
61.8500 27.9387 60 6
61.9000 27.9463 60 6
61.9224 27.9500 60 6
61.9500 27.9543 60 6
62.0000 27.9626 60 6
62.0500 27.9715 60 6
62.1000 27.9810 60 6
62.1500 27.9911 60 6
62.1917 28.0000 60 6
62.2000 28.0017 60 6
62.2500 28.0124 60 6
62.3000 28.0237 60 6
62.3500 28.0356 60 6
62.4000 28.0483 60 6
62.4063 28.0500 60 6
62.4500 28.0612 60 6
62.5000 28.0748 60 6
62.5500 28.0893 60 6
62.5843 28.1000 60 6
62.6000 28.1047 60 6
62.6500 28.1206 60 6
62.7000 28.1378 60 6
62.7333 28.1500 60 6
62.7500 28.1559 60 6
62.8000 28.1749 60 6
62.8500 28.1953 60 6
62.8609 28.2000 60 6
62.9000 28.2165 60 6
62.9500 28.2389 60 6
62.9735 28.2500 60 6
63.0000 28.2623 60 6
63.0500 28.2866 60 6
63.0762 28.3000 60 6
63.1000 28.3119 60 6
63.1500 28.3378 60 6
63.1727 28.3500 60 6
63.2000 28.3644 60 6
63.2500 28.3914 60 6
63.2657 28.4000 60 6
63.3000 28.4184 60 6
63.3500 28.4457 60 6
63.3579 28.4500 60 6
63.4000 28.4724 60 6
63.4500 28.4991 60 6
63.4518 28.5000 60 6
63.5000 28.5245 60 6
63.5500 28.5496 60 6
63.5508 28.5500 60 6
63.6000 28.5729 60 6
63.6500 28.5955 60 6
63.6604 28.6000 60 6
63.7000 28.6162 60 6
63.7500 28.6356 60 6
63.7902 28.6500 60 6
63.8000 28.6534 60 6
63.8500 28.6690 60 6
63.9000 28.6830 60 6
63.9500 28.6955 60 6
63.9714 28.7000 60 6
64.0000 28.7058 60 6
64.0500 28.7143 60 6
64.1000 28.7212 60 6
64.1500 28.7265 60 6
64.2000 28.7302 60 6
64.2500 28.7326 60 6
64.3000 28.7336 60 6
64.3500 28.7334 60 6
64.4000 28.7321 60 6
64.4500 28.7299 60 6
64.5000 28.7269 60 6
64.5500 28.7232 60 6
64.6000 28.7189 60 6
64.6500 28.7142 60 6
64.7000 28.7091 60 6
64.7500 28.7038 60 6
64.7850 28.7000 60 6
64.8000 28.6983 60 6
64.8500 28.6924 60 6
64.9000 28.6866 60 6
64.9500 28.6807 60 6
65.0000 28.6749 60 6
65.0500 28.6691 60 6
65.1000 28.6635 60 6
65.1500 28.6580 60 6
65.2000 28.6527 60 6
65.2267 28.6500 60 6
65.2500 28.6475 60 6
65.3000 28.6424 60 6
65.3500 28.6376 60 6
65.4000 28.6330 60 6
65.4500 28.6286 60 6
65.5000 28.6246 60 6
65.5500 28.6209 60 6
65.6000 28.6174 60 6
65.6500 28.6143 60 6
65.7000 28.6116 60 6
65.7500 28.6092 60 6
65.8000 28.6072 60 6
65.8500 28.6055 60 6
65.9000 28.6042 60 6
65.9500 28.6033 60 6
66.0000 28.6026 60 6
66.0500 28.6023 60 6
66.1000 28.6023 60 6
66.1500 28.6024 60 6
66.2000 28.6027 60 6
66.2500 28.6031 60 6
66.3000 28.6033 60 6
66.3500 28.6035 60 6
66.4000 28.6033 60 6
66.4500 28.6028 60 6
66.5000 28.6016 60 6
66.5453 28.6000 60 6
66.5500 28.5998 60 6
66.6000 28.5970 60 6
66.6500 28.5933 60 6
66.7000 28.5884 60 6
66.7500 28.5823 60 6
66.8000 28.5749 60 6
66.8500 28.5661 60 6
66.9000 28.5560 60 6
66.9260 28.5500 60 6
66.9500 28.5442 60 6
67.0000 28.5306 60 6
67.0500 28.5156 60 6
67.0982 28.5000 60 6
67.1000 28.4994 60 6
67.1500 28.4810 60 6
> Contour Depth = 40
56.2000 27.6611 40 7
56.2500 27.6703 40 7
56.3000 27.6792 40 7
56.3500 27.6882 40 7
56.4000 27.6972 40 7
56.4153 27.7000 40 7
56.4500 27.7065 40 7
56.5000 27.7163 40 7
56.5500 27.7264 40 7
56.6000 27.7371 40 7
56.6500 27.7481 40 7
56.6581 27.7500 40 7
56.7000 27.7596 40 7
56.7500 27.7713 40 7
56.8000 27.7830 40 7
56.8500 27.7943 40 7
56.8764 27.8000 40 7
56.9000 27.8050 40 7
56.9500 27.8147 40 7
57.0000 27.8231 40 7
57.0500 27.8301 40 7
57.1000 27.8353 40 7
57.1500 27.8387 40 7
57.2000 27.8399 40 7
57.2500 27.8390 40 7
57.3000 27.8360 40 7
57.3500 27.8307 40 7
57.4000 27.8232 40 7
57.4500 27.8135 40 7
57.5000 27.8018 40 7
57.5065 27.8000 40 7
57.5500 27.7880 40 7
57.6000 27.7723 40 7
57.6500 27.7549 40 7
57.6626 27.7500 40 7
57.7000 27.7357 40 7
57.7500 27.7151 40 7
57.7846 27.7000 40 7
57.8000 27.6933 40 7
57.8500 27.6703 40 7
57.8924 27.6500 40 7
57.9000 27.6464 40 7
57.9500 27.6217 40 7
57.9930 27.6000 40 7
58.0000 27.5965 40 7
58.0500 27.5708 40 7
58.0905 27.5500 40 7
58.1000 27.5451 40 7
58.1500 27.5193 40 7
58.1879 27.5000 40 7
58.2000 27.4938 40 7
58.2500 27.4686 40 7
58.2881 27.4500 40 7
58.3000 27.4442 40 7
58.3500 27.4203 40 7
58.3945 27.4000 40 7
58.4000 27.3975 40 7
58.4500 27.3755 40 7
58.5000 27.3548 40 7
58.5121 27.3500 40 7
58.5500 27.3350 40 7
58.6000 27.3165 40 7
58.6478 27.3000 40 7
58.6500 27.2992 40 7
58.7000 27.2829 40 7
58.7500 27.2676 40 7
58.8000 27.2533 40 7
58.8123 27.2500 40 7
58.8500 27.2398 40 7
58.9000 27.2269 40 7
58.9500 27.2147 40 7
59.0000 27.2030 40 7
59.0134 27.2000 40 7
59.0500 27.1917 40 7
59.1000 27.1807 40 7
59.1500 27.1700 40 7
59.2000 27.1596 40 7
59.2476 27.1500 40 7
59.2500 27.1495 40 7
59.3000 27.1396 40 7
59.3500 27.1299 40 7
59.4000 27.1206 40 7
59.4500 27.1117 40 7
59.5000 27.1033 40 7
59.5202 27.1000 40 7
59.5500 27.0951 40 7
59.6000 27.0875 40 7
59.6500 27.0803 40 7
59.7000 27.0738 40 7
59.7500 27.0678 40 7
59.8000 27.0625 40 7
59.8500 27.0578 40 7
59.9000 27.0538 40 7
59.9500 27.0505 40 7
59.9604 27.0500 40 7
60.0000 27.0479 40 7
60.0500 27.0460 40 7
60.1000 27.0449 40 7
60.1500 27.0446 40 7
60.2000 27.0451 40 7
60.2500 27.0464 40 7
60.3000 27.0486 40 7
60.3236 27.0500 40 7
60.3500 27.0516 40 7
60.4000 27.0554 40 7
60.4500 27.0600 40 7
60.5000 27.0655 40 7
60.5500 27.0718 40 7
60.6000 27.0790 40 7
60.6500 27.0869 40 7
60.7000 27.0956 40 7
60.7237 27.1000 40 7
60.7500 27.1048 40 7
60.8000 27.1145 40 7
60.8500 27.1247 40 7
60.9000 27.1353 40 7
60.9500 27.1463 40 7
60.9664 27.1500 40 7
61.0000 27.1573 40 7
61.0500 27.1682 40 7
61.1000 27.1790 40 7
61.1500 27.1896 40 7
61.2000 27.2000 40 7
61.2003 27.2000 40 7
61.2500 27.2095 40 7
61.3000 27.2185 40 7
61.3500 27.2270 40 7
61.4000 27.2349 40 7
61.4500 27.2424 40 7
61.5000 27.2493 40 7
61.5051 27.2500 40 7
61.5500 27.2557 40 7
61.6000 27.2620 40 7
61.6500 27.2681 40 7
61.7000 27.2745 40 7
61.7500 27.2812 40 7
61.8000 27.2884 40 7
61.8500 27.2962 40 7
61.8715 27.3000 40 7
61.9000 27.3049 40 7
61.9500 27.3144 40 7
62.0000 27.3249 40 7
62.0500 27.3366 40 7
62.1000 27.3496 40 7
62.1015 27.3500 40 7
62.1500 27.3633 40 7
62.2000 27.3782 40 7
62.2500 27.3941 40 7
62.2675 27.4000 40 7
62.3000 27.4107 40 7
62.3500 27.4280 40 7
62.4000 27.4461 40 7
62.4104 27.4500 40 7
62.4500 27.4644 40 7
62.5000 27.4831 40 7
62.5437 27.5000 40 7
62.5500 27.5023 40 7
62.6000 27.5214 40 7
62.6500 27.5410 40 7
62.6725 27.5500 40 7
62.7000 27.5606 40 7
62.7500 27.5805 40 7
62.7976 27.6000 40 7
62.8000 27.6010 40 7
62.8500 27.6212 40 7
62.9000 27.6423 40 7
62.9178 27.6500 40 7
62.9500 27.6635 40 7
63.0000 27.6853 40 7
63.0324 27.7000 40 7
63.0500 27.7078 40 7
63.1000 27.7305 40 7
63.1412 27.7500 40 7
63.1500 27.7541 40 7
63.2000 27.7777 40 7
63.2455 27.8000 40 7
63.2500 27.8022 40 7
63.3000 27.8265 40 7
63.3467 27.8500 40 7
63.3500 27.8516 40 7
63.4000 27.8762 40 7
63.4472 27.9000 40 7
63.4500 27.9014 40 7
63.5000 27.9256 40 7
63.5500 27.9500 40 7
63.5500 27.9500 40 7
63.6000 27.9730 40 7
63.6500 27.9956 40 7
63.6605 28.0000 40 7
63.7000 28.0164 40 7
63.7500 28.0360 40 7
63.7888 28.0500 40 7
63.8000 28.0539 40 7
63.8500 28.0695 40 7
63.9000 28.0831 40 7
63.9500 28.0946 40 7
63.9795 28.1000 40 7
64.0000 28.1036 40 7
64.0500 28.1100 40 7
64.1000 28.1141 40 7
64.1500 28.1160 40 7
64.2000 28.1157 40 7
64.2500 28.1133 40 7
64.3000 28.1091 40 7
64.3500 28.1031 40 7
64.3713 28.1000 40 7
64.4000 28.0955 40 7
64.4500 28.0864 40 7
64.5000 28.0761 40 7
64.5500 28.0649 40 7
64.6000 28.0529 40 7
64.6114 28.0500 40 7
64.6500 28.0398 40 7
64.7000 28.0260 40 7
64.7500 28.0117 40 7
64.7900 28.0000 40 7
64.8000 27.9970 40 7
64.8500 27.9814 40 7
64.9000 27.9657 40 7
64.9491 27.9500 40 7
64.9500 27.9497 40 7
65.0000 27.9330 40 7
65.0500 27.9161 40 7
65.0974 27.9000 40 7
65.1000 27.8991 40 7
65.1500 27.8813 40 7
65.2000 27.8635 40 7
65.2375 27.8500 40 7
65.2500 27.8454 40 7
65.3000 27.8266 40 7
65.3500 27.8077 40 7
65.3703 27.8000 40 7
65.4000 27.7883 40 7
65.4500 27.7684 40 7
65.4958 27.7500 40 7
65.5000 27.7483 40 7
65.5500 27.7273 40 7
65.6000 27.7061 40 7
65.6142 27.7000 40 7
65.6500 27.6842 40 7
65.7000 27.6618 40 7
65.7260 27.6500 40 7
65.7500 27.6389 40 7
65.8000 27.6154 40 7
65.8325 27.6000 40 7
65.8500 27.5916 40 7
65.9000 27.5673 40 7
65.9354 27.5500 40 7
65.9500 27.5428 40 7
66.0000 27.5182 40 7
66.0369 27.5000 40 7
66.0500 27.4935 40 7
66.1000 27.4691 40 7
66.1395 27.4500 40 7
66.1500 27.4450 40 7
66.2000 27.4215 40 7
66.2467 27.4000 40 7
66.2500 27.3985 40 7
66.3000 27.3766 40 7
66.3500 27.3554 40 7
66.3633 27.3500 40 7
66.4000 27.3354 40 7
66.4500 27.3163 40 7
66.4949 27.3000 40 7
66.5000 27.2982 40 7
66.5500 27.2813 40 7
66.6000 27.2653 40 7
66.6498 27.2500 40 7
66.6500 27.2500 40 7
66.7000 27.2356 40 7
66.7500 27.2218 40 7
66.8000 27.2084 40 7
66.8317 27.2000 40 7
66.8500 27.1953 40 7
66.9000 27.1823 40 7
> Contour Depth = 20
56.5500 26.4534 20 8
56.6000 26.4564 20 8
56.6500 26.4590 20 8
56.7000 26.4614 20 8
56.7500 26.4636 20 8
56.8000 26.4656 20 8
56.8500 26.4676 20 8
56.9000 26.4695 20 8
56.9500 26.4714 20 8
57.0000 26.4733 20 8
57.0500 26.4750 20 8
57.1000 26.4766 20 8
57.1500 26.4780 20 8
57.2000 26.4791 20 8
57.2500 26.4798 20 8
57.3000 26.4800 20 8
57.3500 26.4796 20 8
57.4000 26.4784 20 8
57.4500 26.4763 20 8
57.5000 26.4733 20 8
57.5500 26.4693 20 8
57.6000 26.4642 20 8
57.6500 26.4580 20 8
57.7000 26.4508 20 8
57.7049 26.4500 20 8
57.7500 26.4425 20 8
57.8000 26.4333 20 8
57.8500 26.4234 20 8
57.9000 26.4130 20 8
57.9500 26.4023 20 8
57.9605 26.4000 20 8
58.0000 26.3913 20 8
58.0500 26.3802 20 8
58.1000 26.3693 20 8
58.1500 26.3588 20 8
58.1934 26.3500 20 8
58.2000 26.3487 20 8
58.2500 26.3388 20 8
58.3000 26.3295 20 8
58.3500 26.3209 20 8
58.4000 26.3128 20 8
58.4500 26.3052 20 8
58.4866 26.3000 20 8
58.5000 26.2981 20 8
58.5500 26.2912 20 8
58.6000 26.2847 20 8
58.6500 26.2785 20 8
58.7000 26.2725 20 8
58.7500 26.2666 20 8
58.8000 26.2607 20 8
58.8500 26.2548 20 8
58.8898 26.2500 20 8
58.9000 26.2487 20 8
58.9500 26.2423 20 8
59.0000 26.2356 20 8
59.0500 26.2286 20 8
59.1000 26.2214 20 8
59.1500 26.2139 20 8
59.2000 26.2060 20 8
59.2369 26.2000 20 8
59.2500 26.1978 20 8
59.3000 26.1891 20 8
59.3500 26.1801 20 8
59.4000 26.1708 20 8
59.4500 26.1614 20 8
59.5000 26.1517 20 8
59.5085 26.1500 20 8
59.5500 26.1415 20 8
59.6000 26.1312 20 8
59.6500 26.1207 20 8
59.7000 26.1102 20 8
59.7482 26.1000 20 8
59.7500 26.0996 20 8
59.8000 26.0887 20 8
59.8500 26.0779 20 8
59.9000 26.0672 20 8
59.9500 26.0567 20 8
59.9822 26.0500 20 8
60.0000 26.0462 20 8
60.0500 26.0359 20 8
60.1000 26.0260 20 8
60.1500 26.0164 20 8
60.2000 26.0072 20 8
60.2418 26.0000 20 8
60.2500 25.9986 20 8
60.3000 25.9903 20 8
60.3500 25.9827 20 8
60.4000 25.9758 20 8
60.4500 25.9696 20 8
60.5000 25.9644 20 8
60.5500 25.9601 20 8
60.6000 25.9568 20 8
60.6500 25.9545 20 8
60.7000 25.9534 20 8
60.7500 25.9534 20 8
60.8000 25.9546 20 8
60.8500 25.9568 20 8
60.9000 25.9602 20 8
60.9500 25.9645 20 8
61.0000 25.9698 20 8
61.0500 25.9758 20 8
61.1000 25.9825 20 8
61.1500 25.9898 20 8
61.2000 25.9974 20 8
61.2171 26.0000 20 8
61.2500 26.0051 20 8
61.3000 26.0127 20 8
61.3500 26.0203 20 8
61.4000 26.0276 20 8
61.4500 26.0345 20 8
61.5000 26.0408 20 8
61.5500 26.0465 20 8
61.5849 26.0500 20 8
61.6000 26.0515 20 8
61.6500 26.0556 20 8
61.7000 26.0589 20 8
61.7500 26.0615 20 8
61.8000 26.0633 20 8
61.8500 26.0645 20 8
61.9000 26.0651 20 8
61.9500 26.0653 20 8
62.0000 26.0653 20 8
62.0500 26.0652 20 8
62.1000 26.0651 20 8
62.1500 26.0654 20 8
62.2000 26.0661 20 8
62.2500 26.0674 20 8
62.3000 26.0695 20 8
62.3500 26.0725 20 8
62.4000 26.0764 20 8
62.4500 26.0814 20 8
62.5000 26.0876 20 8
62.5500 26.0948 20 8
62.5806 26.1000 20 8
62.6000 26.1032 20 8
62.6500 26.1127 20 8
62.7000 26.1233 20 8
62.7500 26.1350 20 8
62.8000 26.1479 20 8
62.8076 26.1500 20 8
62.8500 26.1616 20 8
62.9000 26.1761 20 8
62.9500 26.1916 20 8
62.9759 26.2000 20 8
63.0000 26.2077 20 8
63.0500 26.2244 20 8
63.1000 26.2416 20 8
63.1240 26.2500 20 8
63.1500 26.2590 20 8
63.2000 26.2766 20 8
63.2500 26.2944 20 8
63.2658 26.3000 20 8
63.3000 26.3119 20 8
63.3500 26.3293 20 8
63.4000 26.3464 20 8
63.4107 26.3500 20 8
63.4500 26.3629 20 8
63.5000 26.3788 20 8
63.5500 26.3942 20 8
63.5698 26.4000 20 8
63.6000 26.4087 20 8
63.6500 26.4223 20 8
63.7000 26.4351 20 8
63.7500 26.4470 20 8
63.7639 26.4500 20 8
63.8000 26.4577 20 8
63.8500 26.4672 20 8
63.9000 26.4758 20 8
63.9500 26.4833 20 8
64.0000 26.4896 20 8
64.0500 26.4949 20 8
64.1000 26.4990 20 8
64.1173 26.5000 20 8
64.1500 26.5019 20 8
64.2000 26.5037 20 8
64.2500 26.5046 20 8
64.3000 26.5045 20 8
64.3500 26.5035 20 8
64.4000 26.5016 20 8
64.4306 26.5000 20 8
64.4500 26.4990 20 8
64.5000 26.4956 20 8
64.5500 26.4915 20 8
64.6000 26.4869 20 8
64.6500 26.4818 20 8
64.7000 26.4763 20 8
64.7500 26.4703 20 8
64.8000 26.4640 20 8
64.8500 26.4574 20 8
64.9000 26.4506 20 8
64.9039 26.4500 20 8
64.9500 26.4433 20 8
65.0000 26.4359 20 8
65.0500 26.4282 20 8
65.1000 26.4204 20 8
65.1500 26.4124 20 8
65.2000 26.4042 20 8
65.2251 26.4000 20 8
65.2500 26.3959 20 8
65.3000 26.3873 20 8
65.3500 26.3785 20 8
65.4000 26.3697 20 8
65.4500 26.3606 20 8
65.5000 26.3515 20 8
65.5077 26.3500 20 8
65.5500 26.3421 20 8
65.6000 26.3325 20 8
65.6500 26.3228 20 8
65.7000 26.3130 20 8
65.7500 26.3030 20 8
65.7648 26.3000 20 8
65.8000 26.2929 20 8
65.8500 26.2825 20 8
65.9000 26.2720 20 8
65.9500 26.2613 20 8
66.0000 26.2505 20 8
66.0023 26.2500 20 8
66.0500 26.2394 20 8
66.1000 26.2281 20 8
66.1500 26.2166 20 8
66.2000 26.2049 20 8
66.2204 26.2000 20 8
66.2500 26.1929 20 8
66.3000 26.1805 20 8
66.3500 26.1678 20 8
66.4000 26.1549 20 8
66.4181 26.1500 20 8
66.4500 26.1414 20 8
66.5000 26.1275 20 8
66.5500 26.1131 20 8
66.5942 26.1000 20 8
66.6000 26.0982 20 8
66.6500 26.0827 20 8
