> Contour Depth = -240
55.5917 29.9500 -240 1
55.6000 29.9308 -240 1
55.6157 29.9000 -240 1
55.6363 29.8500 -240 1
55.6500 29.8100 -240 1
55.6541 29.8000 -240 1
55.6712 29.7500 -240 1
55.6853 29.7000 -240 1
55.6971 29.6500 -240 1
55.7000 29.6359 -240 1
55.7084 29.6000 -240 1
55.7180 29.5500 -240 1
55.7258 29.5000 -240 1
55.7320 29.4500 -240 1
55.7369 29.4000 -240 1
> Contour Depth = -240
63.2500 28.7536 -240 2
63.2725 28.7500 -240 2
63.3000 28.7454 -240 2
63.3500 28.7210 -240 2
63.3758 28.7000 -240 2
63.4000 28.6792 -240 2
63.4233 28.6500 -240 2
63.4500 28.6138 -240 2
63.4575 28.6000 -240 2
63.4816 28.5500 -240 2
63.5000 28.5060 -240 2
63.5019 28.5000 -240 2
63.5147 28.4500 -240 2
63.5242 28.4000 -240 2
63.5300 28.3500 -240 2
63.5321 28.3000 -240 2
63.5300 28.2500 -240 2
63.5239 28.2000 -240 2
63.5138 28.1500 -240 2
63.5000 28.1009 -240 2
63.4996 28.1000 -240 2
63.4747 28.0500 -240 2
63.4500 28.0075 -240 2
63.4429 28.0000 -240 2
63.4000 27.9584 -240 2
63.3808 27.9500 -240 2
63.3500 27.9370 -240 2
63.3000 27.9394 -240 2
63.2795 27.9500 -240 2
63.2500 27.9669 -240 2
63.2194 28.0000 -240 2
63.2000 28.0232 -240 2
63.1842 28.0500 -240 2
63.1573 28.1000 -240 2
63.1500 28.1149 -240 2
63.1362 28.1500 -240 2
63.1183 28.2000 -240 2
63.1022 28.2500 -240 2
63.1000 28.2578 -240 2
63.0900 28.3000 -240 2
63.0803 28.3500 -240 2
63.0731 28.4000 -240 2
63.0689 28.4500 -240 2
63.0685 28.5000 -240 2
63.0728 28.5500 -240 2
63.0829 28.6000 -240 2
63.1000 28.6495 -240 2
63.1003 28.6500 -240 2
63.1351 28.7000 -240 2
63.1500 28.7157 -240 2
63.2000 28.7453 -240 2
63.2260 28.7500 -240 2
63.2500 28.7536 -240 2
> Contour Depth = -240
65.0667 24.4000 -240 3
65.0847 24.4500 -240 3
65.0975 24.5000 -240 3
65.1000 24.5188 -240 3
65.1044 24.5500 -240 3
65.1052 24.6000 -240 3
65.1000 24.6465 -240 3
65.0996 24.6500 -240 3
65.0867 24.7000 -240 3
65.0661 24.7500 -240 3
65.0500 24.7790 -240 3
65.0369 24.8000 -240 3
65.0000 24.8481 -240 3
64.9985 24.8500 -240 3
64.9515 24.9000 -240 3
64.9500 24.9015 -240 3
64.9000 24.9489 -240 3
64.8988 24.9500 -240 3
64.8500 24.9951 -240 3
64.8450 25.0000 -240 3
64.8000 25.0429 -240 3
64.7931 25.0500 -240 3
64.7500 25.0946 -240 3
64.7452 25.1000 -240 3
64.7022 25.1500 -240 3
64.7000 25.1527 -240 3
64.6655 25.2000 -240 3
64.6500 25.2231 -240 3
64.6337 25.2500 -240 3
64.6077 25.3000 -240 3
64.6000 25.3202 -240 3
64.5897 25.3500 -240 3
64.5815 25.4000 -240 3
64.5867 25.4500 -240 3
64.6000 25.4769 -240 3
64.6192 25.5000 -240 3
64.6500 25.5189 -240 3
64.7000 25.5329 -240 3
64.7500 25.5351 -240 3
64.8000 25.5294 -240 3
64.8500 25.5180 -240 3
64.9000 25.5025 -240 3
64.9064 25.5000 -240 3
64.9500 25.4809 -240 3
65.0000 25.4571 -240 3
65.0136 25.4500 -240 3
65.0500 25.4290 -240 3
65.1000 25.4002 -240 3
65.1003 25.4000 -240 3
65.1500 25.3678 -240 3
65.1789 25.3500 -240 3
65.2000 25.3361 -240 3
65.2500 25.3051 -240 3
65.2585 25.3000 -240 3
65.3000 25.2745 -240 3
65.3437 25.2500 -240 3
65.3500 25.2465 -240 3
65.4000 25.2189 -240 3
65.4362 25.2000 -240 3
65.4500 25.1930 -240 3
65.5000 25.1668 -240 3
65.5315 25.1500 -240 3
65.5500 25.1404 -240 3
65.6000 25.1126 -240 3
65.6206 25.1000 -240 3
65.6500 25.0827 -240 3
65.7000 25.0503 -240 3
65.7004 25.0500 -240 3
65.7500 25.0140 -240 3
65.7670 25.0000 -240 3
65.8000 24.9737 -240 3
65.8259 24.9500 -240 3
65.8500 24.9286 -240 3
65.8779 24.9000 -240 3
65.9000 24.8780 -240 3
65.9243 24.8500 -240 3
65.9500 24.8213 -240 3
65.9665 24.8000 -240 3
66.0000 24.7580 -240 3
66.0056 24.7500 -240 3
66.0412 24.7000 -240 3
66.0500 24.6882 -240 3
66.0744 24.6500 -240 3
66.1000 24.6122 -240 3
66.1070 24.6000 -240 3
66.1376 24.5500 -240 3
> Contour Depth = -260
62.9062 24.3000 -260 4
62.9035 24.3500 -260 4
62.9000 24.3956 -260 4
62.8997 24.4000 -260 4
62.8951 24.4500 -260 4
62.8897 24.5000 -260 4
62.8836 24.5500 -260 4
62.8768 24.6000 -260 4
62.8691 24.6500 -260 4
62.8607 24.7000 -260 4
62.8514 24.7500 -260 4
62.8500 24.7576 -260 4
62.8427 24.8000 -260 4
62.8340 24.8500 -260 4
62.8251 24.9000 -260 4
62.8163 24.9500 -260 4
62.8077 25.0000 -260 4
62.8000 25.0485 -260 4
62.7998 25.0500 -260 4
62.7948 25.1000 -260 4
62.7909 25.1500 -260 4
62.7879 25.2000 -260 4
62.7855 25.2500 -260 4
62.7831 25.3000 -260 4
62.7800 25.3500 -260 4
62.7755 25.4000 -260 4
62.7692 25.4500 -260 4
62.7606 25.5000 -260 4
62.7500 25.5483 -260 4
62.7497 25.5500 -260 4
62.7389 25.6000 -260 4
62.7258 25.6500 -260 4
62.7107 25.7000 -260 4
62.7000 25.7311 -260 4
62.6945 25.7500 -260 4
62.6779 25.8000 -260 4
62.6596 25.8500 -260 4
62.6500 25.8740 -260 4
62.6406 25.9000 -260 4
62.6207 25.9500 -260 4
62.6000 25.9985 -260 4
62.5994 26.0000 -260 4
62.5773 26.0500 -260 4
62.5533 26.1000 -260 4
62.5500 26.1065 -260 4
62.5275 26.1500 -260 4
62.5000 26.1987 -260 4
62.4992 26.2000 -260 4
62.4674 26.2500 -260 4
62.4500 26.2754 -260 4
62.4313 26.3000 -260 4
62.4000 26.3387 -260 4
62.3895 26.3500 -260 4
62.3500 26.3909 -260 4
62.3396 26.4000 -260 4
62.3000 26.4343 -260 4
62.2782 26.4500 -260 4
62.2500 26.4708 -260 4
62.2019 26.5000 -260 4
62.2000 26.5013 -260 4
62.1500 26.5276 -260 4
62.1000 26.5487 -260 4
62.0954 26.5500 -260 4
62.0500 26.5659 -260 4
62.0000 26.5767 -260 4
61.9500 26.5779 -260 4
61.9000 26.5633 -260 4
61.8823 26.5500 -260 4
61.8500 26.5270 -260 4
61.8275 26.5000 -260 4
61.8000 26.4703 -260 4
61.7860 26.4500 -260 4
61.7500 26.4051 -260 4
61.7466 26.4000 -260 4
61.7066 26.3500 -260 4
61.7000 26.3429 -260 4
61.6635 26.3000 -260 4
61.6500 26.2859 -260 4
61.6165 26.2500 -260 4
61.6000 26.2341 -260 4
61.5644 26.2000 -260 4
61.5500 26.1873 -260 4
61.5060 26.1500 -260 4
61.5000 26.1452 -260 4
61.4500 26.1082 -260 4
61.4374 26.1000 -260 4
61.4000 26.0763 -260 4
61.3514 26.0500 -260 4
61.3500 26.0492 -260 4
61.3000 26.0301 -260 4
61.2500 26.0194 -260 4
61.2000 26.0207 -260 4
61.1500 26.0381 -260 4
61.1335 26.0500 -260 4
61.1000 26.0782 -260 4
61.0829 26.1000 -260 4
61.0500 26.1481 -260 4
61.0490 26.1500 -260 4
61.0243 26.2000 -260 4
61.0014 26.2500 -260 4
61.0000 26.2532 -260 4
60.9821 26.3000 -260 4
60.9632 26.3500 -260 4
60.9500 26.3852 -260 4
60.9448 26.4000 -260 4
60.9272 26.4500 -260 4
60.9089 26.5000 -260 4
60.9000 26.5234 -260 4
60.8902 26.5500 -260 4
60.8709 26.6000 -260 4
60.8500 26.6500 -260 4
60.8500 26.6501 -260 4
60.8287 26.7000 -260 4
60.8054 26.7500 -260 4
60.8000 26.7611 -260 4
60.7810 26.8000 -260 4
60.7547 26.8500 -260 4
60.7500 26.8588 -260 4
60.7277 26.9000 -260 4
60.7000 26.9484 -260 4
60.6991 26.9500 -260 4
60.6707 27.0000 -260 4
60.6500 27.0355 -260 4
60.6416 27.0500 -260 4
60.6133 27.1000 -260 4
60.6000 27.1242 -260 4
60.5859 27.1500 -260 4
60.5602 27.2000 -260 4
60.5500 27.2216 -260 4
60.5369 27.2500 -260 4
60.5164 27.3000 -260 4
60.5000 27.3466 -260 4
60.4989 27.3500 -260 4
60.4860 27.4000 -260 4
60.4771 27.4500 -260 4
60.4726 27.5000 -260 4
60.4731 27.5500 -260 4
60.4790 27.6000 -260 4
60.4907 27.6500 -260 4
60.5000 27.6768 -260 4
60.5098 27.7000 -260 4
60.5384 27.7500 -260 4
60.5500 27.7661 -260 4
60.5803 27.8000 -260 4
60.6000 27.8182 -260 4
60.6438 27.8500 -260 4
60.6500 27.8538 -260 4
60.7000 27.8784 -260 4
60.7500 27.8967 -260 4
60.7618 27.9000 -260 4
60.8000 27.9090 -260 4
60.8500 27.9166 -260 4
60.9000 27.9201 -260 4
60.9500 27.9195 -260 4
61.0000 27.9149 -260 4
61.0500 27.9061 -260 4
61.0729 27.9000 -260 4
61.1000 27.8916 -260 4
61.1500 27.8706 -260 4
61.1885 27.8500 -260 4
61.2000 27.8422 -260 4
61.2500 27.8011 -260 4
61.2512 27.8000 -260 4
61.2900 27.7500 -260 4
61.3000 27.7306 -260 4
61.3146 27.7000 -260 4
61.3291 27.6500 -260 4
61.3372 27.6000 -260 4
61.3415 27.5500 -260 4
61.3441 27.5000 -260 4
61.3464 27.4500 -260 4
61.3498 27.4000 -260 4
61.3500 27.3983 -260 4
61.3554 27.3500 -260 4
61.3639 27.3000 -260 4
61.3761 27.2500 -260 4
61.3926 27.2000 -260 4
61.4000 27.1828 -260 4
61.4156 27.1500 -260 4
61.4450 27.1000 -260 4
61.4500 27.0927 -260 4
61.4845 27.0500 -260 4
61.5000 27.0328 -260 4
61.5361 27.0000 -260 4
61.5500 26.9879 -260 4
61.6000 26.9539 -260 4
61.6087 26.9500 -260 4
61.6500 26.9301 -260 4
61.7000 26.9182 -260 4
61.7500 26.9264 -260 4
61.7757 26.9500 -260 4
61.8000 26.9851 -260 4
61.8052 27.0000 -260 4
61.8176 27.0500 -260 4
61.8247 27.1000 -260 4
61.8280 27.1500 -260 4
61.8285 27.2000 -260 4
61.8268 27.2500 -260 4
61.8234 27.3000 -260 4
61.8187 27.3500 -260 4
61.8132 27.4000 -260 4
61.8072 27.4500 -260 4
61.8014 27.5000 -260 4
61.8000 27.5144 -260 4
61.7957 27.5500 -260 4
61.7916 27.6000 -260 4
61.7906 27.6500 -260 4
61.7942 27.7000 -260 4
61.8000 27.7306 -260 4
61.8033 27.7500 -260 4
61.8182 27.8000 -260 4
61.8411 27.8500 -260 4
61.8500 27.8647 -260 4
61.8705 27.9000 -260 4
61.9000 27.9411 -260 4
61.9063 27.9500 -260 4
61.9460 28.0000 -260 4
61.9500 28.0047 -260 4
61.9873 28.0500 -260 4
62.0000 28.0656 -260 4
62.0272 28.1000 -260 4
62.0500 28.1313 -260 4
62.0629 28.1500 -260 4
62.0927 28.2000 -260 4
62.1000 28.2151 -260 4
62.1157 28.2500 -260 4
62.1327 28.3000 -260 4
62.1443 28.3500 -260 4
62.1500 28.3895 -260 4
62.1514 28.4000 -260 4
62.1548 28.4500 -260 4
62.1553 28.5000 -260 4
62.1536 28.5500 -260 4
62.1501 28.6000 -260 4
62.1500 28.6010 -260 4
62.1453 28.6500 -260 4
62.1397 28.7000 -260 4
62.1334 28.7500 -260 4
62.1267 28.8000 -260 4
62.1199 28.8500 -260 4
62.1131 28.9000 -260 4
62.1065 28.9500 -260 4
62.1002 29.0000 -260 4
62.1000 29.0017 -260 4
62.0948 29.0500 -260 4
62.0901 29.1000 -260 4
62.0864 29.1500 -260 4
62.0840 29.2000 -260 4
62.0830 29.2500 -260 4
62.0839 29.3000 -260 4
62.0869 29.3500 -260 4
62.0924 29.4000 -260 4
62.1000 29.4453 -260 4
62.1009 29.4500 -260 4
62.1136 29.5000 -260 4
62.1303 29.5500 -260 4
62.1500 29.5969 -260 4
62.1515 29.6000 -260 4
62.1796 29.6500 -260 4
62.2000 29.6808 -260 4
62.2142 29.7000 -260 4
62.2500 29.7425 -260 4
62.2570 29.7500 -260 4
62.3000 29.7916 -260 4
62.3095 29.8000 -260 4
62.3500 29.8333 -260 4
62.3719 29.8500 -260 4
62.4000 29.8704 -260 4
62.4424 29.9000 -260 4
62.4500 29.9051 -260 4
62.5000 29.9382 -260 4
62.5176 29.9500 -260 4
> Contour Depth = -260
66.2895 24.6000 -260 5
66.2729 24.6500 -260 5
66.2555 24.7000 -260 5
66.2500 24.7157 -260 5
66.2366 24.7500 -260 5
66.2168 24.8000 -260 5
66.2000 24.8411 -260 5
66.1960 24.8500 -260 5
66.1736 24.9000 -260 5
66.1503 24.9500 -260 5
66.1500 24.9507 -260 5
66.1252 25.0000 -260 5
66.1000 25.0484 -260 5
66.0991 25.0500 -260 5
66.0710 25.1000 -260 5
66.0500 25.1366 -260 5
66.0415 25.1500 -260 5
66.0102 25.2000 -260 5
66.0000 25.2162 -260 5
65.9767 25.2500 -260 5
65.9500 25.2886 -260 5
65.9413 25.3000 -260 5
65.9034 25.3500 -260 5
65.9000 25.3546 -260 5
65.8626 25.4000 -260 5
65.8500 25.4152 -260 5
65.8187 25.4500 -260 5
65.8000 25.4708 -260 5
65.7714 25.5000 -260 5
65.7500 25.5218 -260 5
65.7202 25.5500 -260 5
65.7000 25.5690 -260 5
65.6645 25.6000 -260 5
65.6500 25.6125 -260 5
65.6037 25.6500 -260 5
65.6000 25.6529 -260 5
65.5500 25.6906 -260 5
65.5368 25.7000 -260 5
65.5000 25.7257 -260 5
65.4630 25.7500 -260 5
65.4500 25.7583 -260 5
65.4000 25.7888 -260 5
65.3807 25.8000 -260 5
65.3500 25.8173 -260 5
65.3000 25.8438 -260 5
65.2877 25.8500 -260 5
65.2500 25.8685 -260 5
65.2000 25.8914 -260 5
65.1800 25.9000 -260 5
65.1500 25.9126 -260 5
65.1000 25.9323 -260 5
65.0510 25.9500 -260 5
65.0500 25.9504 -260 5
65.0000 25.9670 -260 5
64.9500 25.9823 -260 5
64.9000 25.9962 -260 5
64.8849 26.0000 -260 5
64.8500 26.0089 -260 5
64.8000 26.0204 -260 5
64.7500 26.0307 -260 5
64.7000 26.0401 -260 5
64.6500 26.0484 -260 5
64.6388 26.0500 -260 5
64.6000 26.0559 -260 5
64.5500 26.0626 -260 5
64.5000 26.0686 -260 5
64.4500 26.0741 -260 5
64.4000 26.0792 -260 5
64.3500 26.0841 -260 5
64.3000 26.0894 -260 5
64.2500 26.0956 -260 5
64.2207 26.1000 -260 5
64.2000 26.1036 -260 5
64.1500 26.1152 -260 5
64.1000 26.1330 -260 5
64.0686 26.1500 -260 5
64.0500 26.1626 -260 5
64.0115 26.2000 -260 5
64.0000 26.2145 -260 5
63.9779 26.2500 -260 5
63.9542 26.3000 -260 5
63.9500 26.3106 -260 5
63.9364 26.3500 -260 5
63.9222 26.4000 -260 5
63.9106 26.4500 -260 5
63.9012 26.5000 -260 5
63.9000 26.5076 -260 5
63.8935 26.5500 -260 5
63.8873 26.6000 -260 5
63.8824 26.6500 -260 5
63.8789 26.7000 -260 5
63.8766 26.7500 -260 5
63.8755 26.8000 -260 5
63.8754 26.8500 -260 5
63.8764 26.9000 -260 5
63.8783 26.9500 -260 5
63.8811 27.0000 -260 5
63.8847 27.0500 -260 5
63.8891 27.1000 -260 5
63.8940 27.1500 -260 5
63.8996 27.2000 -260 5
63.9000 27.2032 -260 5
63.9053 27.2500 -260 5
63.9114 27.3000 -260 5
63.9178 27.3500 -260 5
63.9243 27.4000 -260 5
63.9309 27.4500 -260 5
63.9376 27.5000 -260 5
63.9442 27.5500 -260 5
63.9500 27.5947 -260 5
63.9507 27.6000 -260 5
63.9567 27.6500 -260 5
63.9626 27.7000 -260 5
63.9682 27.7500 -260 5
63.9735 27.8000 -260 5
63.9786 27.8500 -260 5
63.9833 27.9000 -260 5
63.9878 27.9500 -260 5
63.9919 28.0000 -260 5
63.9958 28.0500 -260 5
63.9995 28.1000 -260 5
64.0000 28.1072 -260 5
64.0029 28.1500 -260 5
64.0062 28.2000 -260 5
64.0094 28.2500 -260 5
64.0126 28.3000 -260 5
64.0159 28.3500 -260 5
64.0193 28.4000 -260 5
64.0229 28.4500 -260 5
64.0269 28.5000 -260 5
64.0314 28.5500 -260 5
64.0365 28.6000 -260 5
64.0424 28.6500 -260 5
64.0492 28.7000 -260 5
64.0500 28.7051 -260 5
64.0573 28.7500 -260 5
64.0669 28.8000 -260 5
64.0782 28.8500 -260 5
64.0915 28.9000 -260 5
64.1000 28.9275 -260 5
64.1077 28.9500 -260 5
64.1273 29.0000 -260 5
64.1500 29.0487 -260 5
64.1507 29.0500 -260 5
64.1802 29.1000 -260 5
64.2000 29.1290 -260 5
64.2166 29.1500 -260 5
64.2500 29.1876 -260 5
64.2630 29.2000 -260 5
64.3000 29.2323 -260 5
64.3242 29.2500 -260 5
64.3500 29.2675 -260 5
64.4000 29.2957 -260 5
64.4090 29.3000 -260 5
64.4500 29.3186 -260 5
64.5000 29.3373 -260 5
64.5412 29.3500 -260 5
64.5500 29.3526 -260 5
64.6000 29.3653 -260 5
64.6500 29.3757 -260 5
64.7000 29.3844 -260 5
64.7500 29.3916 -260 5
64.8000 29.3977 -260 5
64.8223 29.4000 -260 5
64.8500 29.4029 -260 5
64.9000 29.4075 -260 5
64.9500 29.4118 -260 5
65.0000 29.4160 -260 5
65.0500 29.4203 -260 5
65.1000 29.4250 -260 5
65.1500 29.4304 -260 5
65.2000 29.4367 -260 5
65.2500 29.4443 -260 5
65.2816 29.4500 -260 5
65.3000 29.4534 -260 5
65.3500 29.4646 -260 5
65.4000 29.4781 -260 5
65.4500 29.4946 -260 5
65.4641 29.5000 -260 5
65.5000 29.5145 -260 5
65.5500 29.5386 -260 5
65.5703 29.5500 -260 5
65.6000 29.5676 -260 5
65.6470 29.6000 -260 5
65.6500 29.6022 -260 5
65.7000 29.6430 -260 5
65.7076 29.6500 -260 5
65.7500 29.6906 -260 5
65.7590 29.7000 -260 5
65.8000 29.7449 -260 5
65.8043 29.7500 -260 5
65.8459 29.8000 -260 5
65.8500 29.8050 -260 5
65.8853 29.8500 -260 5
65.9000 29.8689 -260 5
65.9237 29.9000 -260 5
65.9500 29.9344 -260 5
65.9619 29.9500 -260 5
> Contour Depth = -260
55.7054 29.9500 -260 6
55.7319 29.9000 -260 6
55.7500 29.8554 -260 6
55.7526 29.8500 -260 6
55.7737 29.8000 -260 6
55.7904 29.7500 -260 6
55.8000 29.7150 -260 6
55.8051 29.7000 -260 6
55.8197 29.6500 -260 6
55.8317 29.6000 -260 6
55.8417 29.5500 -260 6
55.8500 29.5002 -260 6
55.8500 29.5000 -260 6
55.8595 29.4500 -260 6
55.8676 29.4000 -260 6
55.8748 29.3500 -260 6
55.8813 29.3000 -260 6
55.8874 29.2500 -260 6
55.8933 29.2000 -260 6
55.8993 29.1500 -260 6
55.9000 29.1445 -260 6
55.9074 29.1000 -260 6
55.9165 29.0500 -260 6
55.9265 29.0000 -260 6
55.9379 28.9500 -260 6
55.9500 28.9034 -260 6
55.9512 28.9000 -260 6
55.9711 28.8500 -260 6
55.9941 28.8000 -260 6
56.0000 28.7883 -260 6
56.0265 28.7500 -260 6
56.0500 28.7190 -260 6
56.0688 28.7000 -260 6
56.1000 28.6701 -260 6
56.1254 28.6500 -260 6
56.1500 28.6310 -260 6
56.1951 28.6000 -260 6
56.2000 28.5967 -260 6
56.2500 28.5640 -260 6
56.2715 28.5500 -260 6
56.3000 28.5313 -260 6
56.3463 28.5000 -260 6
56.3500 28.4975 -260 6
56.4000 28.4616 -260 6
56.4155 28.4500 -260 6
56.4500 28.4235 -260 6
56.4791 28.4000 -260 6
56.5000 28.3826 -260 6
56.5375 28.3500 -260 6
56.5500 28.3388 -260 6
56.5916 28.3000 -260 6
56.6000 28.2919 -260 6
56.6421 28.2500 -260 6
56.6500 28.2420 -260 6
56.6898 28.2000 -260 6
56.7000 28.1892 -260 6
56.7354 28.1500 -260 6
56.7500 28.1340 -260 6
56.7794 28.1000 -260 6
56.8000 28.0767 -260 6
56.8221 28.0500 -260 6
56.8500 28.0174 -260 6
56.8637 28.0000 -260 6
56.9000 27.9556 -260 6
56.9042 27.9500 -260 6
56.9421 27.9000 -260 6
56.9500 27.8897 -260 6
56.9776 27.8500 -260 6
57.0000 27.8180 -260 6
57.0114 27.8000 -260 6
57.0424 27.7500 -260 6
57.0500 27.7372 -260 6
57.0698 27.7000 -260 6
57.0955 27.6500 -260 6
57.1000 27.6402 -260 6
57.1166 27.6000 -260 6
57.1353 27.5500 -260 6
57.1500 27.5055 -260 6
57.1516 27.5000 -260 6
57.1627 27.4500 -260 6
57.1705 27.4000 -260 6
57.1745 27.3500 -260 6
57.1739 27.3000 -260 6
57.1677 27.2500 -260 6
57.1547 27.2000 -260 6
57.1500 27.1875 -260 6
57.1249 27.1500 -260 6
57.1000 27.1228 -260 6
57.0500 27.1030 -260 6
57.0000 27.1074 -260 6
56.9500 27.1289 -260 6
56.9205 27.1500 -260 6
56.9000 27.1645 -260 6
56.8625 27.2000 -260 6
56.8500 27.2117 -260 6
56.8163 27.2500 -260 6
56.8000 27.2682 -260 6
56.7748 27.3000 -260 6
56.7500 27.3306 -260 6
56.7352 27.3500 -260 6
56.7000 27.3947 -260 6
56.6959 27.4000 -260 6
56.6546 27.4500 -260 6
56.6500 27.4552 -260 6
56.6081 27.5000 -260 6
56.6000 27.5080 -260 6
56.5511 27.5500 -260 6
56.5500 27.5509 -260 6
56.5000 27.5824 -260 6
56.4600 27.6000 -260 6
56.4500 27.6041 -260 6
56.4000 27.6152 -260 6
56.3500 27.6168 -260 6
56.3000 27.6087 -260 6
56.2761 27.6000 -260 6
56.2500 27.5889 -260 6
> Contour Depth = -260
63.8194 24.3500 -260 7
63.8000 24.3663 -260 7
63.7594 24.4000 -260 7
63.7500 24.4077 -260 7
63.7000 24.4485 -260 7
63.6981 24.4500 -260 7
63.6500 24.4892 -260 7
63.6364 24.5000 -260 7
63.6000 24.5299 -260 7
63.5748 24.5500 -260 7
63.5500 24.5708 -260 7
63.5142 24.6000 -260 7
63.5000 24.6123 -260 7
63.4555 24.6500 -260 7
63.4500 24.6551 -260 7
63.4000 24.6997 -260 7
63.3996 24.7000 -260 7
63.3500 24.7472 -260 7
63.3468 24.7500 -260 7
63.3000 24.7985 -260 7
63.2984 24.8000 -260 7
63.2543 24.8500 -260 7
63.2500 24.8558 -260 7
63.2146 24.9000 -260 7
63.2000 24.9229 -260 7
63.1805 24.9500 -260 7
63.1530 25.0000 -260 7
63.1500 25.0071 -260 7
63.1285 25.0500 -260 7
63.1110 25.1000 -260 7
63.1000 25.1484 -260 7
63.0995 25.1500 -260 7
63.0919 25.2000 -260 7
63.0914 25.2500 -260 7
63.0989 25.3000 -260 7
63.1000 25.3032 -260 7
63.1126 25.3500 -260 7
63.1363 25.4000 -260 7
63.1500 25.4191 -260 7
63.1696 25.4500 -260 7
63.2000 25.4841 -260 7
63.2133 25.5000 -260 7
63.2500 25.5338 -260 7
63.2672 25.5500 -260 7
63.3000 25.5754 -260 7
63.3321 25.6000 -260 7
63.3500 25.6118 -260 7
63.4000 25.6439 -260 7
63.4101 25.6500 -260 7
63.4500 25.6721 -260 7
63.5000 25.6970 -260 7
63.5071 25.7000 -260 7
63.5500 25.7180 -260 7
63.6000 25.7348 -260 7
63.6500 25.7465 -260 7
63.6854 25.7500 -260 7
63.7000 25.7516 -260 7
63.7210 25.7500 -260 7
63.7500 25.7477 -260 7
63.8000 25.7312 -260 7
63.8436 25.7000 -260 7
63.8500 25.6952 -260 7
63.8884 25.6500 -260 7
63.9000 25.6358 -260 7
63.9215 25.6000 -260 7
63.9500 25.5516 -260 7
63.9508 25.5500 -260 7
63.9754 25.5000 -260 7
64.0000 25.4503 -260 7
64.0001 25.4500 -260 7
64.0222 25.4000 -260 7
64.0447 25.3500 -260 7
64.0500 25.3383 -260 7
64.0660 25.3000 -260 7
64.0871 25.2500 -260 7
64.1000 25.2194 -260 7
64.1079 25.2000 -260 7
64.1279 25.1500 -260 7
64.1483 25.1000 -260 7
64.1500 25.0957 -260 7
64.1677 25.0500 -260 7
64.1873 25.0000 -260 7
64.2000 24.9677 -260 7
64.2069 24.9500 -260 7
64.2261 24.9000 -260 7
64.2459 24.8500 -260 7
64.2500 24.8395 -260 7
64.2653 24.8000 -260 7
64.2850 24.7500 -260 7
64.3000 24.7129 -260 7
64.3052 24.7000 -260 7
64.3249 24.6500 -260 7
64.3452 24.6000 -260 7
64.3500 24.5877 -260 7
64.3645 24.5500 -260 7
64.3832 24.5000 -260 7
64.4000 24.4529 -260 7
64.4010 24.4500 -260 7
64.4151 24.4000 -260 7
64.4261 24.3500 -260 7
> Contour Depth = -280
59.6827 24.3000 -280 8
59.6500 24.3300 -280 8
59.6281 24.3500 -280 8
59.6000 24.3783 -280 8
59.5779 24.4000 -280 8
59.5500 24.4305 -280 8
59.5314 24.4500 -280 8
59.5000 24.4867 -280 8
59.4879 24.5000 -280 8
59.4500 24.5471 -280 8
59.4475 24.5500 -280 8
59.4103 24.6000 -280 8
59.4000 24.6162 -280 8
59.3763 24.6500 -280 8
59.3500 24.6937 -280 8
59.3458 24.7000 -280 8
59.3196 24.7500 -280 8
59.3000 24.7957 -280 8
59.2979 24.8000 -280 8
59.2818 24.8500 -280 8
59.2716 24.9000 -280 8
59.2687 24.9500 -280 8
59.2751 25.0000 -280 8
59.2949 25.0500 -280 8
59.3000 25.0576 -280 8
59.3347 25.1000 -280 8
59.3500 25.1127 -280 8
59.4000 25.1479 -280 8
59.4032 25.1500 -280 8
59.4500 25.1755 -280 8
59.4988 25.2000 -280 8
59.5000 25.2005 -280 8
59.5500 25.2238 -280 8
59.6000 25.2465 -280 8
59.6078 25.2500 -280 8
59.6500 25.2684 -280 8
59.7000 25.2894 -280 8
59.7264 25.3000 -280 8
59.7500 25.3093 -280 8
59.8000 25.3275 -280 8
59.8500 25.3437 -280 8
59.8731 25.3500 -280 8
59.9000 25.3575 -280 8
59.9500 25.3688 -280 8
60.0000 25.3776 -280 8
60.0500 25.3846 -280 8
60.1000 25.3910 -280 8
60.1500 25.3999 -280 8
60.1503 25.4000 -280 8
60.2000 25.4172 -280 8
60.2417 25.4500 -280 8
60.2500 25.4587 -280 8
60.2732 25.5000 -280 8
60.2924 25.5500 -280 8
60.3000 25.5775 -280 8
60.3045 25.6000 -280 8
60.3119 25.6500 -280 8
60.3165 25.7000 -280 8
60.3188 25.7500 -280 8
60.3188 25.8000 -280 8
60.3165 25.8500 -280 8
60.3119 25.9000 -280 8
60.3050 25.9500 -280 8
60.3000 25.9764 -280 8
60.2950 26.0000 -280 8
60.2816 26.0500 -280 8
60.2653 26.1000 -280 8
60.2500 26.1397 -280 8
60.2456 26.1500 -280 8
60.2206 26.2000 -280 8
60.2000 26.2368 -280 8
60.1917 26.2500 -280 8
60.1569 26.3000 -280 8
60.1500 26.3092 -280 8
60.1153 26.3500 -280 8
60.1000 26.3670 -280 8
60.0664 26.4000 -280 8
60.0500 26.4155 -280 8
60.0089 26.4500 -280 8
60.0000 26.4573 -280 8
59.9500 26.4939 -280 8
59.9405 26.5000 -280 8
59.9000 26.5265 -280 8
59.8607 26.5500 -280 8
59.8500 26.5567 -280 8
59.8000 26.5848 -280 8
59.7710 26.6000 -280 8
59.7500 26.6121 -280 8
59.7000 26.6392 -280 8
59.6787 26.6500 -280 8
59.6500 26.6674 -280 8
59.6000 26.6975 -280 8
59.5953 26.7000 -280 8
59.5500 26.7346 -280 8
59.5294 26.7500 -280 8
59.5000 26.7953 -280 8
59.4969 26.8000 -280 8
59.4868 26.8500 -280 8
59.4920 26.9000 -280 8
59.5000 26.9295 -280 8
59.5037 26.9500 -280 8
59.5177 27.0000 -280 8
59.5344 27.0500 -280 8
59.5500 27.0914 -280 8
59.5526 27.1000 -280 8
59.5701 27.1500 -280 8
59.5885 27.2000 -280 8
59.6000 27.2298 -280 8
59.6065 27.2500 -280 8
59.6234 27.3000 -280 8
59.6399 27.3500 -280 8
59.6500 27.3817 -280 8
59.6551 27.4000 -280 8
59.6682 27.4500 -280 8
59.6800 27.5000 -280 8
59.6899 27.5500 -280 8
59.6978 27.6000 -280 8
59.7000 27.6201 -280 8
59.7030 27.6500 -280 8
59.7054 27.7000 -280 8
59.7051 27.7500 -280 8
59.7019 27.8000 -280 8
59.7000 27.8157 -280 8
59.6954 27.8500 -280 8
59.6855 27.9000 -280 8
59.6728 27.9500 -280 8
59.6578 28.0000 -280 8
59.6500 28.0232 -280 8
59.6404 28.0500 -280 8
59.6217 28.1000 -280 8
59.6032 28.1500 -280 8
59.6000 28.1589 -280 8
59.5849 28.2000 -280 8
59.5683 28.2500 -280 8
59.5538 28.3000 -280 8
59.5500 28.3150 -280 8
59.5413 28.3500 -280 8
59.5311 28.4000 -280 8
59.5231 28.4500 -280 8
59.5170 28.5000 -280 8
59.5126 28.5500 -280 8
59.5098 28.6000 -280 8
59.5083 28.6500 -280 8
59.5081 28.7000 -280 8
59.5089 28.7500 -280 8
59.5106 28.8000 -280 8
59.5133 28.8500 -280 8
59.5169 28.9000 -280 8
59.5213 28.9500 -280 8
59.5266 29.0000 -280 8
59.5327 29.0500 -280 8
59.5396 29.1000 -280 8
59.5474 29.1500 -280 8
59.5500 29.1645 -280 8
59.5563 29.2000 -280 8
59.5663 29.2500 -280 8
59.5773 29.3000 -280 8
59.5894 29.3500 -280 8
59.6000 29.3897 -280 8
59.6029 29.4000 -280 8
59.6182 29.4500 -280 8
59.6350 29.5000 -280 8
59.6500 29.5407 -280 8
59.6537 29.5500 -280 8
59.6754 29.6000 -280 8
59.6990 29.6500 -280 8
59.7000 29.6520 -280 8
59.7274 29.7000 -280 8
59.7500 29.7365 -280 8
59.7596 29.7500 -280 8
59.7980 29.8000 -280 8
59.8000 29.8024 -280 8
59.8466 29.8500 -280 8
59.8500 29.8533 -280 8
59.9000 29.8922 -280 8
59.9130 29.9000 -280 8
59.9500 29.9211 -280 8
60.0000 29.9417 -280 8
60.0316 29.9500 -280 8
> Contour Depth = -280
60.2093 29.9500 -280 9
60.2500 29.9384 -280 9
60.3000 29.9174 -280 9
60.3318 29.9000 -280 9
60.3500 29.8891 -280 9
60.4000 29.8526 -280 9
60.4031 29.8500 -280 9
60.4500 29.8066 -280 9
60.4563 29.8000 -280 9
60.5000 29.7502 -280 9
60.5002 29.7500 -280 9
60.5376 29.7000 -280 9
60.5500 29.6819 -280 9
60.5707 29.6500 -280 9
60.6000 29.6007 -280 9
60.6004 29.6000 -280 9
60.6276 29.5500 -280 9
60.6500 29.5049 -280 9
60.6524 29.5000 -280 9
60.6757 29.4500 -280 9
60.6972 29.4000 -280 9
60.7000 29.3932 -280 9
60.7178 29.3500 -280 9
60.7371 29.3000 -280 9
60.7500 29.2644 -280 9
60.7554 29.2500 -280 9
60.7735 29.2000 -280 9
60.7907 29.1500 -280 9
60.8000 29.1226 -280 9
60.8081 29.1000 -280 9
60.8261 29.0500 -280 9
60.8442 29.0000 -280 9
60.8500 28.9847 -280 9
60.8645 28.9500 -280 9
60.8870 28.9000 -280 9
60.9000 28.8735 -280 9
60.9134 28.8500 -280 9
60.9455 28.8000 -280 9
60.9500 28.7938 -280 9
60.9896 28.7500 -280 9
61.0000 28.7400 -280 9
61.0500 28.7037 -280 9
61.0576 28.7000 -280 9
61.1000 28.6816 -280 9
61.1500 28.6697 -280 9
61.2000 28.6671 -280 9
61.2500 28.6739 -280 9
61.3000 28.6902 -280 9
61.3189 28.7000 -280 9
61.3500 28.7190 -280 9
61.3864 28.7500 -280 9
61.4000 28.7639 -280 9
61.4277 28.8000 -280 9
61.4500 28.8358 -280 9
61.4574 28.8500 -280 9
61.4784 28.9000 -280 9
61.4951 28.9500 -280 9
61.5000 28.9685 -280 9
61.5073 29.0000 -280 9
61.5165 29.0500 -280 9
61.5237 29.1000 -280 9
61.5294 29.1500 -280 9
61.5341 29.2000 -280 9
61.5382 29.2500 -280 9
61.5419 29.3000 -280 9
61.5457 29.3500 -280 9
61.5498 29.4000 -280 9
61.5500 29.4023 -280 9
61.5541 29.4500 -280 9
61.5592 29.5000 -280 9
61.5655 29.5500 -280 9
61.5730 29.6000 -280 9
61.5822 29.6500 -280 9
61.5932 29.7000 -280 9
61.6000 29.7257 -280 9
61.6062 29.7500 -280 9
61.6213 29.8000 -280 9
61.6394 29.8500 -280 9
61.6500 29.8751 -280 9
61.6605 29.9000 -280 9
61.6852 29.9500 -280 9
> Contour Depth = -280
56.1102 29.9500 -280 10
56.1370 29.9000 -280 10
56.1500 29.8733 -280 10
56.1622 29.8500 -280 10
56.1866 29.8000 -280 10
56.2000 29.7711 -280 10
56.2108 29.7500 -280 10
56.2360 29.7000 -280 10
56.2500 29.6722 -280 10
56.2627 29.6500 -280 10
56.2922 29.6000 -280 10
56.3000 29.5875 -280 10
56.3268 29.5500 -280 10
56.3500 29.5200 -280 10
56.3682 29.5000 -280 10
56.4000 29.4678 -280 10
56.4213 29.4500 -280 10
56.4500 29.4278 -280 10
56.4958 29.4000 -280 10
56.5000 29.3976 -280 10
56.5500 29.3764 -280 10
56.6000 29.3632 -280 10
56.6500 29.3581 -280 10
56.7000 29.3613 -280 10
56.7500 29.3729 -280 10
56.8000 29.3923 -280 10
56.8145 29.4000 -280 10
56.8500 29.4180 -280 10
56.9000 29.4480 -280 10
56.9031 29.4500 -280 10
56.9500 29.4786 -280 10
56.9857 29.5000 -280 10
57.0000 29.5080 -280 10
57.0500 29.5333 -280 10
57.0906 29.5500 -280 10
57.1000 29.5536 -280 10
57.1500 29.5669 -280 10
57.2000 29.5724 -280 10
57.2500 29.5681 -280 10
57.3000 29.5510 -280 10
57.3016 29.5500 -280 10
57.3500 29.5141 -280 10
57.3618 29.5000 -280 10
57.3965 29.4500 -280 10
57.4000 29.4440 -280 10
57.4184 29.4000 -280 10
57.4349 29.3500 -280 10
57.4476 29.3000 -280 10
57.4500 29.2879 -280 10
57.4560 29.2500 -280 10
57.4616 29.2000 -280 10
57.4648 29.1500 -280 10
57.4658 29.1000 -280 10
57.4646 29.0500 -280 10
57.4612 29.0000 -280 10
57.4557 28.9500 -280 10
57.4500 28.9117 -280 10
57.4480 28.9000 -280 10
57.4374 28.8500 -280 10
57.4251 28.8000 -280 10
57.4114 28.7500 -280 10
57.4000 28.7113 -280 10
57.3963 28.7000 -280 10
57.3790 28.6500 -280 10
57.3619 28.6000 -280 10
57.3500 28.5645 -280 10
57.3448 28.5500 -280 10
57.3277 28.5000 -280 10
57.3126 28.4500 -280 10
57.3000 28.4006 -280 10
57.2998 28.4000 -280 10
57.2890 28.3500 -280 10
57.2815 28.3000 -280 10
57.2775 28.2500 -280 10
57.2772 28.2000 -280 10
57.2807 28.1500 -280 10
57.2879 28.1000 -280 10
57.2988 28.0500 -280 10
57.3000 28.0458 -280 10
57.3129 28.0000 -280 10
57.3299 27.9500 -280 10
57.3494 27.9000 -280 10
57.3500 27.8987 -280 10
57.3709 27.8500 -280 10
57.3936 27.8000 -280 10
57.4000 27.7864 -280 10
57.4171 27.7500 -280 10
57.4407 27.7000 -280 10
57.4500 27.6798 -280 10
57.4640 27.6500 -280 10
57.4865 27.6000 -280 10
57.5000 27.5684 -280 10
57.5080 27.5500 -280 10
57.5284 27.5000 -280 10
57.5471 27.4500 -280 10
57.5500 27.4414 -280 10
57.5645 27.4000 -280 10
57.5803 27.3500 -280 10
57.5945 27.3000 -280 10
57.6000 27.2780 -280 10
57.6073 27.2500 -280 10
57.6188 27.2000 -280 10
57.6288 27.1500 -280 10
57.6377 27.1000 -280 10
57.6455 27.0500 -280 10
57.6500 27.0174 -280 10
57.6525 27.0000 -280 10
57.6588 26.9500 -280 10
57.6645 26.9000 -280 10
57.6697 26.8500 -280 10
57.6745 26.8000 -280 10
57.6791 26.7500 -280 10
57.6836 26.7000 -280 10
57.6880 26.6500 -280 10
57.6924 26.6000 -280 10
57.6968 26.5500 -280 10
57.7000 26.5131 -280 10
57.7013 26.5000 -280 10
57.7062 26.4500 -280 10
57.7115 26.4000 -280 10
57.7174 26.3500 -280 10
57.7246 26.3000 -280 10
57.7348 26.2500 -280 10
57.7500 26.2063 -280 10
57.7541 26.2000 -280 10
57.8000 26.1630 -280 10
57.8500 26.1551 -280 10
57.9000 26.1564 -280 10
57.9500 26.1618 -280 10
58.0000 26.1697 -280 10
58.0500 26.1795 -280 10
58.1000 26.1911 -280 10
58.1324 26.2000 -280 10
58.1500 26.2047 -280 10
58.2000 26.2204 -280 10
58.2500 26.2386 -280 10
58.2772 26.2500 -280 10
58.3000 26.2599 -280 10
58.3500 26.2848 -280 10
58.3767 26.3000 -280 10
58.4000 26.3143 -280 10
58.4500 26.3494 -280 10
58.4508 26.3500 -280 10
58.5000 26.3910 -280 10
58.5099 26.4000 -280 10
58.5500 26.4402 -280 10
58.5593 26.4500 -280 10
58.6000 26.4971 -280 10
58.6025 26.5000 -280 10
58.6431 26.5500 -280 10
58.6500 26.5590 -280 10
58.6830 26.6000 -280 10
58.7000 26.6219 -280 10
58.7239 26.6500 -280 10
58.7500 26.6810 -280 10
58.7684 26.7000 -280 10
58.8000 26.7322 -280 10
58.8213 26.7500 -280 10
58.8500 26.7734 -280 10
58.8920 26.8000 -280 10
58.9000 26.8049 -280 10
58.9500 26.8256 -280 10
59.0000 26.8378 -280 10
59.0500 26.8416 -280 10
59.1000 26.8374 -280 10
59.1500 26.8258 -280 10
59.2000 26.8078 -280 10
59.2186 26.8000 -280 10
59.2500 26.7785 -280 10
59.2856 26.7500 -280 10
59.3000 26.7212 -280 10
59.3103 26.7000 -280 10
59.3132 26.6500 -280 10
59.3053 26.6000 -280 10
59.3000 26.5815 -280 10
59.2931 26.5500 -280 10
59.2785 26.5000 -280 10
59.2617 26.4500 -280 10
59.2500 26.4185 -280 10
59.2438 26.4000 -280 10
59.2254 26.3500 -280 10
59.2062 26.3000 -280 10
59.2000 26.2842 -280 10
59.1871 26.2500 -280 10
59.1682 26.2000 -280 10
59.1500 26.1503 -280 10
59.1499 26.1500 -280 10
59.1327 26.1000 -280 10
59.1168 26.0500 -280 10
59.1023 26.0000 -280 10
59.1000 25.9914 -280 10
59.0893 25.9500 -280 10
59.0777 25.9000 -280 10
59.0671 25.8500 -280 10
59.0572 25.8000 -280 10
59.0500 25.7621 -280 10
59.0478 25.7500 -280 10
59.0387 25.7000 -280 10
59.0292 25.6500 -280 10
59.0189 25.6000 -280 10
59.0068 25.5500 -280 10
59.0000 25.5261 -280 10
58.9923 25.5000 -280 10
58.9739 25.4500 -280 10
58.9500 25.4047 -280 10
58.9474 25.4000 -280 10
58.9089 25.3500 -280 10
58.9000 25.3418 -280 10
58.8500 25.3016 -280 10
58.8479 25.3000 -280 10
58.8000 25.2726 -280 10
58.7537 25.2500 -280 10
58.7500 25.2486 -280 10
58.7000 25.2290 -280 10
58.6500 25.2117 -280 10
58.6126 25.2000 -280 10
58.6000 25.1967 -280 10
58.5500 25.1846 -280 10
58.5000 25.1745 -280 10
58.4500 25.1668 -280 10
58.4000 25.1616 -280 10
58.3500 25.1589 -280 10
58.3000 25.1589 -280 10
58.2500 25.1615 -280 10
58.2000 25.1667 -280 10
58.1500 25.1744 -280 10
58.1000 25.1847 -280 10
58.0500 25.1973 -280 10
58.0411 25.2000 -280 10
58.0000 25.2140 -280 10
57.9500 25.2340 -280 10
57.9153 25.2500 -280 10
57.9000 25.2584 -280 10
57.8500 25.2897 -280 10
57.8353 25.3000 -280 10
57.8000 25.3313 -280 10
57.7812 25.3500 -280 10
57.7500 25.3912 -280 10
57.7439 25.4000 -280 10
57.7182 25.4500 -280 10
57.7007 25.5000 -280 10
57.7000 25.5028 -280 10
57.6888 25.5500 -280 10
57.6812 25.6000 -280 10
57.6764 25.6500 -280 10
57.6735 25.7000 -280 10
57.6717 25.7500 -280 10
57.6701 25.8000 -280 10
57.6679 25.8500 -280 10
57.6638 25.9000 -280 10
57.6547 25.9500 -280 10
57.6500 25.9643 -280 10
57.6258 26.0000 -280 10
57.6000 26.0164 -280 10
57.5500 26.0247 -280 10
57.5000 26.0232 -280 10
57.4500 26.0173 -280 10
57.4000 26.0087 -280 10
57.3604 26.0000 -280 10
57.3500 25.9978 -280 10
57.3000 25.9845 -280 10
57.2500 25.9688 -280 10
57.2000 25.9506 -280 10
57.1986 25.9500 -280 10
57.1500 25.9282 -280 10
57.1000 25.9020 -280 10
57.0968 25.9000 -280 10
57.0500 25.8691 -280 10
57.0252 25.8500 -280 10
57.0000 25.8286 -280 10
56.9709 25.8000 -280 10
56.9500 25.7767 -280 10
56.9289 25.7500 -280 10
56.9000 25.7077 -280 10
56.8954 25.7000 -280 10
56.8694 25.6500 -280 10
56.8500 25.6052 -280 10
56.8480 25.6000 -280 10
56.8321 25.5500 -280 10
56.8197 25.5000 -280 10
56.8106 25.4500 -280 10
> Contour Depth = -280
66.3962 24.9000 -280 11
66.3879 24.9500 -280 11
66.3793 25.0000 -280 11
66.3705 25.0500 -280 11
66.3615 25.1000 -280 11
66.3524 25.1500 -280 11
66.3500 25.1638 -280 11
66.3435 25.2000 -280 11
66.3345 25.2500 -280 11
66.3253 25.3000 -280 11
66.3159 25.3500 -280 11
66.3061 25.4000 -280 11
66.3000 25.4306 -280 11
66.2959 25.4500 -280 11
66.2851 25.5000 -280 11
66.2733 25.5500 -280 11
66.2602 25.6000 -280 11
66.2500 25.6357 -280 11
66.2456 25.6500 -280 11
66.2292 25.7000 -280 11
66.2102 25.7500 -280 11
66.2000 25.7740 -280 11
66.1881 25.8000 -280 11
66.1622 25.8500 -280 11
66.1500 25.8709 -280 11
66.1314 25.9000 -280 11
66.1000 25.9431 -280 11
66.0945 25.9500 -280 11
66.0500 25.9997 -280 11
66.0497 26.0000 -280 11
66.0000 26.0458 -280 11
65.9950 26.0500 -280 11
65.9500 26.0846 -280 11
65.9277 26.1000 -280 11
65.9000 26.1179 -280 11
65.8500 26.1472 -280 11
65.8449 26.1500 -280 11
65.8000 26.1735 -280 11
65.7500 26.1974 -280 11
65.7442 26.2000 -280 11
65.7000 26.2195 -280 11
65.6500 26.2400 -280 11
65.6245 26.2500 -280 11
65.6000 26.2594 -280 11
65.5500 26.2778 -280 11
65.5000 26.2953 -280 11
65.4860 26.3000 -280 11
65.4500 26.3122 -280 11
65.4000 26.3285 -280 11
65.3500 26.3442 -280 11
65.3310 26.3500 -280 11
65.3000 26.3596 -280 11
65.2500 26.3748 -280 11
65.2000 26.3896 -280 11
65.1642 26.4000 -280 11
65.1500 26.4043 -280 11
65.1000 26.4193 -280 11
65.0500 26.4342 -280 11
65.0000 26.4493 -280 11
64.9978 26.4500 -280 11
64.9500 26.4656 -280 11
64.9000 26.4826 -280 11
64.8514 26.5000 -280 11
64.8500 26.5005 -280 11
64.8000 26.5211 -280 11
64.7500 26.5436 -280 11
64.7369 26.5500 -280 11
64.7000 26.5701 -280 11
64.6511 26.6000 -280 11
64.6500 26.6007 -280 11
64.6000 26.6390 -280 11
64.5874 26.6500 -280 11
64.5500 26.6871 -280 11
64.5385 26.7000 -280 11
64.5000 26.7500 -280 11
64.5000 26.7500 -280 11
64.4701 26.8000 -280 11
64.4500 26.8396 -280 11
64.4453 26.8500 -280 11
64.4255 26.9000 -280 11
64.4088 26.9500 -280 11
64.4000 26.9810 -280 11
64.3951 27.0000 -280 11
64.3840 27.0500 -280 11
64.3748 27.1000 -280 11
64.3671 27.1500 -280 11
64.3608 27.2000 -280 11
64.3557 27.2500 -280 11
64.3517 27.3000 -280 11
64.3500 27.3261 -280 11
64.3486 27.3500 -280 11
64.3464 27.4000 -280 11
64.3450 27.4500 -280 11
64.3441 27.5000 -280 11
64.3438 27.5500 -280 11
64.3440 27.6000 -280 11
64.3447 27.6500 -280 11
64.3459 27.7000 -280 11
64.3476 27.7500 -280 11
64.3499 27.8000 -280 11
64.3500 27.8018 -280 11
64.3531 27.8500 -280 11
64.3571 27.9000 -280 11
64.3619 27.9500 -280 11
64.3678 28.0000 -280 11
64.3748 28.0500 -280 11
64.3832 28.1000 -280 11
64.3931 28.1500 -280 11
64.4000 28.1799 -280 11
64.4055 28.2000 -280 11
64.4215 28.2500 -280 11
64.4400 28.3000 -280 11
64.4500 28.3236 -280 11
64.4638 28.3500 -280 11
64.4934 28.4000 -280 11
64.5000 28.4099 -280 11
64.5338 28.4500 -280 11
64.5500 28.4674 -280 11
64.5901 28.5000 -280 11
64.6000 28.5074 -280 11
64.6500 28.5350 -280 11
64.6898 28.5500 -280 11
64.7000 28.5536 -280 11
64.7500 28.5648 -280 11
64.8000 28.5705 -280 11
64.8500 28.5716 -280 11
64.9000 28.5690 -280 11
64.9500 28.5631 -280 11
65.0000 28.5546 -280 11
65.0212 28.5500 -280 11
65.0500 28.5437 -280 11
65.1000 28.5309 -280 11
65.1500 28.5164 -280 11
65.2000 28.5006 -280 11
65.2018 28.5000 -280 11
65.2500 28.4836 -280 11
65.3000 28.4656 -280 11
65.3410 28.4500 -280 11
65.3500 28.4467 -280 11
65.4000 28.4273 -280 11
65.4500 28.4074 -280 11
65.4679 28.4000 -280 11
65.5000 28.3874 -280 11
65.5500 28.3673 -280 11
65.5924 28.3500 -280 11
65.6000 28.3471 -280 11
65.6500 28.3276 -280 11
65.7000 28.3081 -280 11
65.7208 28.3000 -280 11
65.7500 28.2894 -280 11
65.8000 28.2714 -280 11
65.8500 28.2537 -280 11
65.8604 28.2500 -280 11
65.9000 28.2372 -280 11
65.9500 28.2214 -280 11
66.0000 28.2062 -280 11
66.0213 28.2000 -280 11
66.0500 28.1923 -280 11
66.1000 28.1795 -280 11
66.1500 28.1678 -280 11
66.2000 28.1574 -280 11
66.2433 28.1500 -280 11
66.2500 28.1489 -280 11
66.3000 28.1430 -280 11
66.3500 28.1401 -280 11
66.4000 28.1413 -280 11
66.4500 28.1481 -280 11
66.4568 28.1500 -280 11
66.5000 28.1635 -280 11
66.5500 28.1899 -280 11
66.5631 28.2000 -280 11
66.6000 28.2325 -280 11
66.6153 28.2500 -280 11
66.6500 28.2953 -280 11
66.6530 28.3000 -280 11
66.6826 28.3500 -280 11
66.7000 28.3823 -280 11
66.7088 28.4000 -280 11
66.7324 28.4500 -280 11
66.7500 28.4890 -280 11
66.7549 28.5000 -280 11
66.7763 28.5500 -280 11
66.7978 28.6000 -280 11
66.8000 28.6051 -280 11
66.8195 28.6500 -280 11
66.8418 28.7000 -280 11
66.8500 28.7180 -280 11
66.8653 28.7500 -280 11
66.8903 28.8000 -280 11
66.9000 28.8189 -280 11
66.9173 28.8500 -280 11
66.9468 28.9000 -280 11
66.9500 28.9052 -280 11
66.9799 28.9500 -280 11
67.0000 28.9783 -280 11
67.0172 29.0000 -280 11
67.0500 29.0393 -280 11
67.0601 29.0500 -280 11
67.1000 29.0902 -280 11
67.1114 29.1000 -280 11
67.1500 29.1320 -280 11
67.1768 29.1500 -280 11
67.2000 29.1652 -280 11
67.2500 29.1897 -280 11
67.2844 29.2000 -280 11
67.3000 29.2047 -280 11
67.3500 29.2091 -280 11
> Contour Depth = -280
60.4436 24.2500 -280 12
60.4498 24.3000 -280 12
60.4500 24.3057 -280 12
60.4519 24.3500 -280 12
60.4520 24.4000 -280 12
60.4511 24.4500 -280 12
60.4500 24.5000 -280 12
60.4500 24.5043 -280 12
60.4496 24.5500 -280 12
60.4500 24.5748 -280 12
60.4504 24.6000 -280 12
60.4532 24.6500 -280 12
60.4589 24.7000 -280 12
60.4691 24.7500 -280 12
60.4863 24.8000 -280 12
60.5000 24.8253 -280 12
60.5191 24.8500 -280 12
60.5500 24.8751 -280 12
60.5984 24.9000 -280 12
60.6000 24.9006 -280 12
60.6500 24.9187 -280 12
60.7000 24.9372 -280 12
60.7278 24.9500 -280 12
60.7500 24.9580 -280 12
60.8000 24.9818 -280 12
60.8311 25.0000 -280 12
60.8500 25.0091 -280 12
60.9000 25.0394 -280 12
60.9144 25.0500 -280 12
60.9500 25.0724 -280 12
60.9872 25.1000 -280 12
61.0000 25.1082 -280 12
61.0500 25.1462 -280 12
61.0544 25.1500 -280 12
61.1000 25.1859 -280 12
61.1160 25.2000 -280 12
61.1500 25.2274 -280 12
61.1752 25.2500 -280 12
61.2000 25.2705 -280 12
61.2325 25.3000 -280 12
61.2500 25.3148 -280 12
61.2885 25.3500 -280 12
61.3000 25.3599 -280 12
61.3439 25.4000 -280 12
61.3500 25.4053 -280 12
61.3994 25.4500 -280 12
61.4000 25.4505 -280 12
61.4500 25.4947 -280 12
61.4562 25.5000 -280 12
61.5000 25.5373 -280 12
61.5157 25.5500 -280 12
61.5500 25.5776 -280 12
61.5801 25.6000 -280 12
61.6000 25.6149 -280 12
61.6500 25.6486 -280 12
61.6525 25.6500 -280 12
61.7000 25.6781 -280 12
61.7445 25.7000 -280 12
61.7500 25.7028 -280 12
61.8000 25.7220 -280 12
61.8500 25.7346 -280 12
61.9000 25.7395 -280 12
61.9500 25.7350 -280 12
62.0000 25.7183 -280 12
62.0296 25.7000 -280 12
62.0500 25.6852 -280 12
62.0826 25.6500 -280 12
62.1000 25.6265 -280 12
62.1153 25.6000 -280 12
62.1375 25.5500 -280 12
62.1500 25.5113 -280 12
62.1532 25.5000 -280 12
62.1632 25.4500 -280 12
62.1691 25.4000 -280 12
62.1715 25.3500 -280 12
62.1708 25.3000 -280 12
62.1676 25.2500 -280 12
62.1621 25.2000 -280 12
62.1549 25.1500 -280 12
62.1500 25.1220 -280 12
62.1461 25.1000 -280 12
62.1363 25.0500 -280 12
62.1256 25.0000 -280 12
62.1143 24.9500 -280 12
62.1027 24.9000 -280 12
62.1000 24.8881 -280 12
62.0910 24.8500 -280 12
62.0793 24.8000 -280 12
62.0677 24.7500 -280 12
62.0562 24.7000 -280 12
62.0500 24.6715 -280 12
62.0451 24.6500 -280 12
62.0343 24.6000 -280 12
62.0236 24.5500 -280 12
62.0131 24.5000 -280 12
62.0025 24.4500 -280 12
62.0000 24.4378 -280 12
61.9918 24.4000 -280 12
61.9806 24.3500 -280 12
61.9684 24.3000 -280 12
61.9544 24.2500 -280 12
61.9500 24.2359 -280 12
61.9383 24.2000 -280 12
61.9190 24.1500 -280 12
61.9000 24.1103 -280 12
61.8950 24.1000 -280 12
> Contour Depth = -300
59.3967 29.9500 -300 13
59.3726 29.9000 -300 13
59.3506 29.8500 -300 13
59.3500 29.8486 -300 13
59.3283 29.8000 -300 13
59.3072 29.7500 -300 13
59.3000 29.7324 -300 13
59.2858 29.7000 -300 13
59.2646 29.6500 -300 13
59.2500 29.6145 -300 13
59.2435 29.6000 -300 13
59.2217 29.5500 -300 13
59.2007 29.5000 -300 13
59.2000 29.4983 -300 13
59.1781 29.4500 -300 13
59.1564 29.4000 -300 13
59.1500 29.3848 -300 13
59.1337 29.3500 -300 13
59.1112 29.3000 -300 13
59.1000 29.2741 -300 13
59.0883 29.2500 -300 13
59.0651 29.2000 -300 13
59.0500 29.1660 -300 13
59.0420 29.1500 -300 13
59.0182 29.1000 -300 13
59.0000 29.0600 -300 13
58.9949 29.0500 -300 13
58.9705 29.0000 -300 13
58.9500 28.9556 -300 13
58.9471 28.9500 -300 13
58.9225 28.9000 -300 13
58.9000 28.8516 -300 13
58.8992 28.8500 -300 13
58.8748 28.8000 -300 13
58.8518 28.7500 -300 13
58.8500 28.7460 -300 13
58.8282 28.7000 -300 13
58.8056 28.6500 -300 13
58.8000 28.6373 -300 13
58.7831 28.6000 -300 13
58.7611 28.5500 -300 13
58.7500 28.5246 -300 13
58.7392 28.5000 -300 13
58.7175 28.4500 -300 13
58.7000 28.4093 -300 13
58.6960 28.4000 -300 13
58.6743 28.3500 -300 13
58.6526 28.3000 -300 13
58.6500 28.2942 -300 13
58.6305 28.2500 -300 13
58.6084 28.2000 -300 13
58.6000 28.1813 -300 13
58.5859 28.1500 -300 13
58.5632 28.1000 -300 13
58.5500 28.0709 -300 13
58.5402 28.0500 -300 13
58.5169 28.0000 -300 13
58.5000 27.9637 -300 13
58.4933 27.9500 -300 13
58.4689 27.9000 -300 13
58.4500 27.8608 -300 13
58.4443 27.8500 -300 13
58.4183 27.8000 -300 13
58.4000 27.7644 -300 13
58.3916 27.7500 -300 13
58.3626 27.7000 -300 13
58.3500 27.6781 -300 13
58.3303 27.6500 -300 13
58.3000 27.6066 -300 13
58.2938 27.6000 -300 13
58.2500 27.5539 -300 13
58.2437 27.5500 -300 13
58.2000 27.5231 -300 13
58.1500 27.5156 -300 13
58.1000 27.5299 -300 13
58.0703 27.5500 -300 13
58.0500 27.5623 -300 13
58.0096 27.6000 -300 13
58.0000 27.6080 -300 13
57.9627 27.6500 -300 13
57.9500 27.6630 -300 13
57.9212 27.7000 -300 13
57.9000 27.7254 -300 13
57.8828 27.7500 -300 13
57.8500 27.7952 -300 13
57.8470 27.8000 -300 13
57.8162 27.8500 -300 13
57.8000 27.8773 -300 13
57.7883 27.9000 -300 13
57.7650 27.9500 -300 13
57.7500 27.9882 -300 13
57.7459 28.0000 -300 13
57.7329 28.0500 -300 13
57.7245 28.1000 -300 13
57.7210 28.1500 -300 13
57.7221 28.2000 -300 13
57.7274 28.2500 -300 13
57.7359 28.3000 -300 13
57.7469 28.3500 -300 13
57.7500 28.3618 -300 13
57.7607 28.4000 -300 13
57.7757 28.4500 -300 13
57.7910 28.5000 -300 13
57.8000 28.5296 -300 13
57.8067 28.5500 -300 13
57.8228 28.6000 -300 13
57.8376 28.6500 -300 13
57.8500 28.6955 -300 13
57.8514 28.7000 -300 13
57.8653 28.7500 -300 13
57.8776 28.8000 -300 13
57.8884 28.8500 -300 13
57.8980 28.9000 -300 13
57.9000 28.9114 -300 13
57.9077 28.9500 -300 13
57.9167 29.0000 -300 13
57.9253 29.0500 -300 13
57.9338 29.1000 -300 13
57.9427 29.1500 -300 13
57.9500 29.1880 -300 13
57.9527 29.2000 -300 13
57.9651 29.2500 -300 13
57.9790 29.3000 -300 13
57.9946 29.3500 -300 13
58.0000 29.3657 -300 13
58.0136 29.4000 -300 13
58.0349 29.4500 -300 13
58.0500 29.4829 -300 13
58.0587 29.5000 -300 13
58.0851 29.5500 -300 13
58.1000 29.5775 -300 13
58.1130 29.6000 -300 13
58.1420 29.6500 -300 13
58.1500 29.6640 -300 13
58.1714 29.7000 -300 13
58.2000 29.7498 -300 13
58.2001 29.7500 -300 13
58.2282 29.8000 -300 13
58.2500 29.8411 -300 13
58.2547 29.8500 -300 13
58.2796 29.9000 -300 13
58.3000 29.9444 -300 13
58.3026 29.9500 -300 13
> Contour Depth = -300
57.4102 24.6000 -300 14
57.4500 24.6358 -300 14
57.4703 24.6500 -300 14
57.5000 24.6686 -300 14
57.5500 24.6924 -300 14
57.5713 24.7000 -300 14
57.6000 24.7096 -300 14
57.6500 24.7216 -300 14
57.7000 24.7293 -300 14
57.7500 24.7333 -300 14
57.8000 24.7340 -300 14
57.8500 24.7315 -300 14
57.9000 24.7261 -300 14
57.9500 24.7179 -300 14
58.0000 24.7071 -300 14
58.0269 24.7000 -300 14
58.0500 24.6931 -300 14
58.1000 24.6759 -300 14
58.1500 24.6564 -300 14
58.1651 24.6500 -300 14
58.2000 24.6327 -300 14
58.2500 24.6066 -300 14
58.2623 24.6000 -300 14
58.3000 24.5762 -300 14
58.3421 24.5500 -300 14
58.3500 24.5443 -300 14
58.4000 24.5099 -300 14
58.4156 24.5000 -300 14
58.4500 24.4759 -300 14
58.4929 24.4500 -300 14
58.5000 24.4455 -300 14
58.5500 24.4180 -300 14
58.5904 24.4000 -300 14
> Contour Depth = -300
58.6500 24.3767 -300 15
58.7000 24.3612 -300 15
58.7410 24.3500 -300 15
