> Contour Depth = -20
289.5800 17.8897 -20 1
289.6000 17.8848 -20 1
289.6189 17.8800 -20 1
289.6200 17.8797 -20 1
289.6400 17.8740 -20 1
289.6600 17.8685 -20 1
289.6800 17.8632 -20 1
289.6928 17.8600 -20 1
289.7000 17.8580 -20 1
289.7200 17.8527 -20 1
289.7400 17.8478 -20 1
289.7600 17.8433 -20 1
289.7758 17.8400 -20 1
289.7800 17.8390 -20 1
289.8000 17.8345 -20 1
289.8200 17.8301 -20 1
289.8400 17.8257 -20 1
289.8600 17.8211 -20 1
289.8642 17.8200 -20 1
289.8800 17.8157 -20 1
289.9000 17.8098 -20 1
289.9200 17.8034 -20 1
289.9294 17.8000 -20 1
289.9400 17.7960 -20 1
289.9600 17.7877 -20 1
289.9773 17.7800 -20 1
289.9800 17.7787 -20 1
290.0000 17.7686 -20 1
290.0162 17.7600 -20 1
290.0200 17.7579 -20 1
290.0400 17.7463 -20 1
290.0508 17.7400 -20 1
290.0600 17.7344 -20 1
290.0800 17.7222 -20 1
290.0836 17.7200 -20 1
290.1000 17.7097 -20 1
290.1161 17.7000 -20 1
290.1200 17.6976 -20 1
290.1400 17.6856 -20 1
290.1497 17.6800 -20 1
290.1600 17.6740 -20 1
290.1800 17.6628 -20 1
290.1852 17.6600 -20 1
290.2000 17.6520 -20 1
290.2200 17.6416 -20 1
290.2233 17.6400 -20 1
290.2400 17.6316 -20 1
290.2600 17.6220 -20 1
290.2643 17.6200 -20 1
290.2800 17.6127 -20 1
290.3000 17.6037 -20 1
290.3087 17.6000 -20 1
290.3200 17.5951 -20 1
290.3400 17.5868 -20 1
290.3571 17.5800 -20 1
290.3600 17.5789 -20 1
290.3800 17.5712 -20 1
290.4000 17.5640 -20 1
290.4114 17.5600 -20 1
290.4200 17.5570 -20 1
290.4400 17.5503 -20 1
290.4600 17.5439 -20 1
290.4725 17.5400 -20 1
290.4800 17.5377 -20 1
290.5000 17.5315 -20 1
290.5200 17.5256 -20 1
290.5389 17.5200 -20 1
290.5400 17.5197 -20 1
290.5600 17.5137 -20 1
290.5800 17.5078 -20 1
290.6000 17.5018 -20 1
290.6060 17.5000 -20 1
290.6200 17.4957 -20 1
290.6400 17.4896 -20 1
290.6600 17.4835 -20 1
290.6714 17.4800 -20 1
290.6800 17.4773 -20 1
290.7000 17.4711 -20 1
290.7200 17.4650 -20 1
290.7363 17.4600 -20 1
290.7400 17.4589 -20 1
290.7600 17.4528 -20 1
290.7800 17.4468 -20 1
290.8000 17.4410 -20 1
290.8034 17.4400 -20 1
290.8200 17.4352 -20 1
290.8400 17.4297 -20 1
290.8600 17.4242 -20 1
290.8761 17.4200 -20 1
290.8800 17.4190 -20 1
290.9000 17.4139 -20 1
290.9200 17.4091 -20 1
290.9400 17.4044 -20 1
290.9599 17.4000 -20 1
290.9600 17.4000 -20 1
290.9800 17.3958 -20 1
291.0000 17.3918 -20 1
291.0200 17.3880 -20 1
291.0400 17.3844 -20 1
291.0600 17.3809 -20 1
291.0658 17.3800 -20 1
291.0800 17.3777 -20 1
291.1000 17.3747 -20 1
291.1200 17.3718 -20 1
291.1400 17.3690 -20 1
291.1600 17.3663 -20 1
291.1800 17.3637 -20 1
291.2000 17.3612 -20 1
291.2094 17.3600 -20 1
291.2200 17.3587 -20 1
291.2400 17.3563 -20 1
291.2600 17.3540 -20 1
291.2800 17.3517 -20 1
291.3000 17.3493 -20 1
291.3200 17.3470 -20 1
291.3400 17.3446 -20 1
291.3600 17.3423 -20 1
291.3794 17.3400 -20 1
291.3800 17.3399 -20 1
291.4000 17.3376 -20 1
291.4200 17.3354 -20 1
291.4400 17.3331 -20 1
291.4600 17.3309 -20 1
291.4800 17.3287 -20 1
291.5000 17.3265 -20 1
291.5200 17.3244 -20 1
291.5400 17.3224 -20 1
291.5600 17.3204 -20 1
291.5649 17.3200 -20 1
291.5800 17.3187 -20 1
291.6000 17.3171 -20 1
291.6200 17.3156 -20 1
291.6400 17.3143 -20 1
291.6600 17.3131 -20 1
291.6800 17.3121 -20 1
291.7000 17.3113 -20 1
291.7200 17.3107 -20 1
291.7400 17.3103 -20 1
291.7600 17.3101 -20 1
291.7800 17.3101 -20 1
291.8000 17.3102 -20 1
291.8200 17.3105 -20 1
291.8400 17.3109 -20 1
291.8600 17.3114 -20 1
291.8800 17.3120 -20 1
291.9000 17.3126 -20 1
291.9200 17.3132 -20 1
291.9400 17.3137 -20 1
291.9600 17.3140 -20 1
291.9800 17.3142 -20 1
292.0000 17.3140 -20 1
292.0200 17.3135 -20 1
292.0400 17.3124 -20 1
292.0600 17.3107 -20 1
292.0800 17.3083 -20 1
292.1000 17.3051 -20 1
292.1200 17.3008 -20 1
292.1232 17.3000 -20 1
292.1400 17.2954 -20 1
292.1600 17.2889 -20 1
292.1800 17.2814 -20 1
292.1834 17.2800 -20 1
292.2000 17.2726 -20 1
292.2200 17.2632 -20 1
292.2265 17.2600 -20 1
> Contour Depth = -20
293.1144 17.3600 -20 2
293.1200 17.3651 -20 2
293.1345 17.3800 -20 2
293.1400 17.3854 -20 2
293.1536 17.4000 -20 2
293.1600 17.4065 -20 2
293.1727 17.4200 -20 2
293.1800 17.4271 -20 2
293.1928 17.4400 -20 2
293.2000 17.4466 -20 2
293.2145 17.4600 -20 2
293.2200 17.4646 -20 2
293.2384 17.4800 -20 2
293.2400 17.4812 -20 2
293.2600 17.4962 -20 2
293.2652 17.5000 -20 2
293.2800 17.5099 -20 2
293.2954 17.5200 -20 2
293.3000 17.5228 -20 2
293.3200 17.5345 -20 2
293.3298 17.5400 -20 2
293.3400 17.5454 -20 2
293.3600 17.5555 -20 2
293.3693 17.5600 -20 2
293.3800 17.5649 -20 2
293.4000 17.5735 -20 2
293.4157 17.5800 -20 2
293.4200 17.5817 -20 2
293.4400 17.5890 -20 2
293.4600 17.5959 -20 2
293.4726 17.6000 -20 2
293.4800 17.6023 -20 2
293.5000 17.6080 -20 2
293.5200 17.6134 -20 2
293.5400 17.6185 -20 2
293.5459 17.6200 -20 2
293.5600 17.6232 -20 2
293.5800 17.6277 -20 2
293.6000 17.6322 -20 2
293.6200 17.6367 -20 2
293.6339 17.6400 -20 2
293.6400 17.6414 -20 2
293.6600 17.6460 -20 2
293.6800 17.6509 -20 2
293.7000 17.6563 -20 2
293.7128 17.6600 -20 2
293.7200 17.6619 -20 2
293.7400 17.6677 -20 2
293.7600 17.6738 -20 2
293.7788 17.6800 -20 2
293.7800 17.6803 -20 2
293.8000 17.6865 -20 2
293.8200 17.6928 -20 2
293.8400 17.6992 -20 2
293.8426 17.7000 -20 2
293.8600 17.7049 -20 2
293.8800 17.7103 -20 2
293.9000 17.7154 -20 2
293.9198 17.7200 -20 2
293.9200 17.7201 -20 2
293.9400 17.7237 -20 2
293.9600 17.7269 -20 2
293.9800 17.7294 -20 2
294.0000 17.7313 -20 2
294.0200 17.7326 -20 2
294.0400 17.7332 -20 2
294.0600 17.7331 -20 2
294.0800 17.7324 -20 2
294.1000 17.7312 -20 2
294.1200 17.7294 -20 2
294.1400 17.7272 -20 2
294.1600 17.7247 -20 2
294.1800 17.7220 -20 2
294.1936 17.7200 -20 2
294.2000 17.7190 -20 2
294.2200 17.7157 -20 2
294.2400 17.7125 -20 2
294.2600 17.7095 -20 2
294.2800 17.7068 -20 2
294.3000 17.7045 -20 2
294.3200 17.7026 -20 2
294.3400 17.7012 -20 2
294.3600 17.7002 -20 2
294.3662 17.7000 -20 2
294.3800 17.6995 -20 2
294.4000 17.6993 -20 2
294.4200 17.6996 -20 2
294.4362 17.7000 -20 2
294.4400 17.7001 -20 2
294.4600 17.7008 -20 2
294.4800 17.7017 -20 2
294.5000 17.7027 -20 2
294.5200 17.7038 -20 2
294.5400 17.7049 -20 2
294.5600 17.7061 -20 2
294.5800 17.7071 -20 2
294.6000 17.7082 -20 2
294.6200 17.7092 -20 2
294.6400 17.7102 -20 2
294.6600 17.7112 -20 2
294.6800 17.7122 -20 2
294.7000 17.7133 -20 2
294.7200 17.7146 -20 2
294.7400 17.7160 -20 2
294.7600 17.7175 -20 2
294.7800 17.7194 -20 2
294.7862 17.7200 -20 2
294.8000 17.7213 -20 2
294.8200 17.7233 -20 2
294.8400 17.7256 -20 2
294.8600 17.7282 -20 2
294.8800 17.7310 -20 2
294.9000 17.7341 -20 2
294.9200 17.7373 -20 2
294.9360 17.7400 -20 2
294.9400 17.7406 -20 2
294.9600 17.7437 -20 2
294.9800 17.7468 -20 2
295.0000 17.7499 -20 2
295.0200 17.7529 -20 2
295.0400 17.7558 -20 2
295.0600 17.7586 -20 2
295.0716 17.7600 -20 2
295.0800 17.7609 -20 2
295.1000 17.7629 -20 2
295.1200 17.7646 -20 2
295.1400 17.7659 -20 2
295.1600 17.7668 -20 2
295.1800 17.7673 -20 2
295.2000 17.7673 -20 2
295.2200 17.7670 -20 2
295.2400 17.7661 -20 2
295.2600 17.7649 -20 2
295.2800 17.7634 -20 2
295.3000 17.7615 -20 2
295.3139 17.7600 -20 2
295.3200 17.7593 -20 2
295.3400 17.7567 -20 2
295.3600 17.7541 -20 2
295.3800 17.7515 -20 2
295.4000 17.7491 -20 2
295.4200 17.7468 -20 2
295.4400 17.7448 -20 2
295.4600 17.7430 -20 2
295.4800 17.7417 -20 2
295.5000 17.7408 -20 2
295.5200 17.7403 -20 2
295.5400 17.7404 -20 2
295.5600 17.7409 -20 2
295.5800 17.7419 -20 2
295.6000 17.7435 -20 2
295.6200 17.7456 -20 2
295.6400 17.7482 -20 2
295.6600 17.7513 -20 2
295.6800 17.7549 -20 2
295.7000 17.7590 -20 2
295.7046 17.7600 -20 2
295.7200 17.7631 -20 2
295.7400 17.7675 -20 2
> Contour Depth = -40
289.4000 18.1127 -40 3
289.4200 18.1083 -40 3
289.4400 18.1041 -40 3
289.4600 18.1001 -40 3
289.4606 18.1000 -40 3
289.4800 18.0965 -40 3
289.5000 18.0930 -40 3
289.5200 18.0895 -40 3
289.5400 18.0861 -40 3
289.5600 18.0826 -40 3
289.5748 18.0800 -40 3
289.5800 18.0791 -40 3
289.6000 18.0757 -40 3
289.6200 18.0722 -40 3
289.6400 18.0686 -40 3
289.6600 18.0648 -40 3
289.6800 18.0609 -40 3
289.6844 18.0600 -40 3
289.7000 18.0570 -40 3
289.7200 18.0530 -40 3
289.7400 18.0490 -40 3
289.7600 18.0448 -40 3
289.7800 18.0405 -40 3
289.7824 18.0400 -40 3
289.8000 18.0363 -40 3
289.8200 18.0321 -40 3
289.8400 18.0277 -40 3
289.8600 18.0233 -40 3
289.8746 18.0200 -40 3
289.8800 18.0188 -40 3
289.9000 18.0143 -40 3
289.9200 18.0096 -40 3
289.9400 18.0048 -40 3
289.9586 18.0000 -40 3
289.9600 17.9996 -40 3
289.9800 17.9944 -40 3
290.0000 17.9889 -40 3
290.0200 17.9829 -40 3
290.0294 17.9800 -40 3
290.0400 17.9767 -40 3
290.0600 17.9701 -40 3
290.0800 17.9631 -40 3
290.0885 17.9600 -40 3
290.1000 17.9557 -40 3
290.1200 17.9481 -40 3
290.1399 17.9400 -40 3
290.1400 17.9400 -40 3
290.1600 17.9317 -40 3
290.1800 17.9232 -40 3
290.1873 17.9200 -40 3
290.2000 17.9145 -40 3
290.2200 17.9057 -40 3
290.2328 17.9000 -40 3
290.2400 17.8968 -40 3
290.2600 17.8879 -40 3
290.2776 17.8800 -40 3
290.2800 17.8789 -40 3
290.3000 17.8700 -40 3
290.3200 17.8610 -40 3
290.3223 17.8600 -40 3
290.3400 17.8521 -40 3
290.3600 17.8431 -40 3
290.3671 17.8400 -40 3
290.3800 17.8343 -40 3
290.4000 17.8255 -40 3
290.4126 17.8200 -40 3
290.4200 17.8168 -40 3
290.4400 17.8083 -40 3
290.4600 17.8000 -40 3
290.4600 17.8000 -40 3
290.4800 17.7921 -40 3
290.5000 17.7844 -40 3
290.5120 17.7800 -40 3
290.5200 17.7771 -40 3
290.5400 17.7703 -40 3
290.5600 17.7638 -40 3
290.5726 17.7600 -40 3
290.5800 17.7578 -40 3
290.6000 17.7523 -40 3
290.6200 17.7471 -40 3
290.6400 17.7423 -40 3
290.6504 17.7400 -40 3
290.6600 17.7379 -40 3
290.6800 17.7340 -40 3
290.7000 17.7304 -40 3
290.7200 17.7270 -40 3
290.7400 17.7239 -40 3
290.7600 17.7211 -40 3
290.7683 17.7200 -40 3
290.7800 17.7185 -40 3
290.8000 17.7162 -40 3
290.8200 17.7141 -40 3
290.8400 17.7121 -40 3
290.8600 17.7102 -40 3
290.8800 17.7083 -40 3
290.9000 17.7066 -40 3
290.9200 17.7049 -40 3
290.9400 17.7032 -40 3
290.9600 17.7016 -40 3
290.9798 17.7000 -40 3
290.9800 17.7000 -40 3
291.0000 17.6985 -40 3
291.0200 17.6971 -40 3
291.0400 17.6958 -40 3
291.0600 17.6946 -40 3
291.0800 17.6936 -40 3
291.1000 17.6929 -40 3
291.1200 17.6924 -40 3
291.1400 17.6922 -40 3
291.1600 17.6925 -40 3
291.1800 17.6933 -40 3
291.2000 17.6946 -40 3
291.2200 17.6965 -40 3
291.2400 17.6991 -40 3
291.2458 17.7000 -40 3
291.2600 17.7024 -40 3
291.2800 17.7065 -40 3
291.3000 17.7113 -40 3
291.3200 17.7168 -40 3
291.3302 17.7200 -40 3
291.3400 17.7231 -40 3
291.3600 17.7300 -40 3
291.3800 17.7374 -40 3
291.3867 17.7400 -40 3
291.4000 17.7451 -40 3
291.4200 17.7531 -40 3
291.4371 17.7600 -40 3
291.4400 17.7611 -40 3
291.4600 17.7689 -40 3
291.4800 17.7765 -40 3
291.4892 17.7800 -40 3
291.5000 17.7837 -40 3
291.5200 17.7904 -40 3
291.5400 17.7968 -40 3
291.5504 17.8000 -40 3
291.5600 17.8026 -40 3
291.5800 17.8078 -40 3
291.6000 17.8125 -40 3
291.6200 17.8167 -40 3
291.6374 17.8200 -40 3
291.6400 17.8204 -40 3
291.6600 17.8234 -40 3
291.6800 17.8260 -40 3
291.7000 17.8280 -40 3
291.7200 17.8295 -40 3
291.7400 17.8305 -40 3
291.7600 17.8310 -40 3
291.7800 17.8311 -40 3
291.8000 17.8306 -40 3
291.8200 17.8298 -40 3
291.8400 17.8286 -40 3
291.8600 17.8270 -40 3
291.8800 17.8251 -40 3
291.9000 17.8229 -40 3
291.9200 17.8206 -40 3
291.9249 17.8200 -40 3
291.9400 17.8180 -40 3
291.9600 17.8153 -40 3
291.9800 17.8125 -40 3
292.0000 17.8098 -40 3
292.0200 17.8071 -40 3
292.0400 17.8045 -40 3
292.0600 17.8020 -40 3
292.0770 17.8000 -40 3
292.0800 17.7996 -40 3
292.1000 17.7973 -40 3
292.1200 17.7952 -40 3
292.1400 17.7932 -40 3
292.1600 17.7915 -40 3
292.1800 17.7901 -40 3
292.2000 17.7889 -40 3
292.2200 17.7879 -40 3
292.2400 17.7873 -40 3
292.2600 17.7870 -40 3
292.2800 17.7870 -40 3
292.3000 17.7873 -40 3
292.3200 17.7879 -40 3
292.3400 17.7887 -40 3
292.3600 17.7898 -40 3
292.3800 17.7910 -40 3
292.4000 17.7923 -40 3
292.4200 17.7937 -40 3
292.4400 17.7952 -40 3
292.4600 17.7967 -40 3
292.4800 17.7983 -40 3
292.5000 17.7999 -40 3
292.5006 17.8000 -40 3
292.5200 17.8015 -40 3
292.5400 17.8032 -40 3
292.5600 17.8050 -40 3
292.5800 17.8068 -40 3
292.6000 17.8088 -40 3
292.6200 17.8109 -40 3
292.6400 17.8129 -40 3
292.6600 17.8150 -40 3
292.6800 17.8170 -40 3
292.7000 17.8188 -40 3
292.7144 17.8200 -40 3
292.7200 17.8204 -40 3
292.7400 17.8218 -40 3
292.7600 17.8229 -40 3
292.7800 17.8237 -40 3
292.8000 17.8244 -40 3
292.8200 17.8248 -40 3
292.8400 17.8251 -40 3
292.8600 17.8253 -40 3
292.8800 17.8255 -40 3
292.9000 17.8258 -40 3
292.9200 17.8262 -40 3
292.9400 17.8267 -40 3
292.9600 17.8275 -40 3
292.9800 17.8286 -40 3
293.0000 17.8299 -40 3
293.0200 17.8315 -40 3
293.0400 17.8335 -40 3
293.0600 17.8357 -40 3
293.0800 17.8382 -40 3
293.0932 17.8400 -40 3
293.1000 17.8409 -40 3
293.1200 17.8439 -40 3
293.1400 17.8472 -40 3
293.1600 17.8507 -40 3
293.1800 17.8545 -40 3
293.2000 17.8585 -40 3
293.2073 17.8600 -40 3
293.2200 17.8627 -40 3
293.2400 17.8672 -40 3
293.2600 17.8718 -40 3
293.2800 17.8766 -40 3
293.2937 17.8800 -40 3
293.3000 17.8816 -40 3
293.3200 17.8866 -40 3
293.3400 17.8918 -40 3
293.3600 17.8969 -40 3
293.3723 17.9000 -40 3
293.3800 17.9020 -40 3
293.4000 17.9070 -40 3
293.4200 17.9120 -40 3
293.4400 17.9169 -40 3
293.4529 17.9200 -40 3
293.4600 17.9217 -40 3
293.4800 17.9264 -40 3
293.5000 17.9310 -40 3
293.5200 17.9355 -40 3
293.5400 17.9399 -40 3
293.5404 17.9400 -40 3
293.5600 17.9443 -40 3
293.5800 17.9486 -40 3
293.6000 17.9527 -40 3
293.6200 17.9568 -40 3
293.6362 17.9600 -40 3
293.6400 17.9608 -40 3
293.6600 17.9646 -40 3
293.6800 17.9684 -40 3
293.7000 17.9720 -40 3
293.7200 17.9754 -40 3
293.7400 17.9786 -40 3
293.7488 17.9800 -40 3
293.7600 17.9817 -40 3
293.7800 17.9846 -40 3
293.8000 17.9873 -40 3
293.8200 17.9898 -40 3
293.8400 17.9921 -40 3
293.8600 17.9941 -40 3
293.8800 17.9959 -40 3
293.9000 17.9975 -40 3
293.9200 17.9989 -40 3
293.9400 18.0000 -40 3
293.9402 18.0000 -40 3
293.9600 18.0009 -40 3
293.9800 18.0016 -40 3
294.0000 18.0020 -40 3
294.0200 18.0022 -40 3
294.0400 18.0021 -40 3
294.0600 18.0018 -40 3
294.0800 18.0012 -40 3
294.1000 18.0004 -40 3
294.1065 18.0000 -40 3
294.1200 17.9993 -40 3
294.1400 17.9979 -40 3
294.1600 17.9963 -40 3
294.1800 17.9945 -40 3
294.2000 17.9924 -40 3
294.2200 17.9901 -40 3
294.2400 17.9876 -40 3
294.2600 17.9849 -40 3
294.2800 17.9820 -40 3
294.2933 17.9800 -40 3
294.3000 17.9790 -40 3
294.3200 17.9759 -40 3
294.3400 17.9726 -40 3
294.3600 17.9693 -40 3
294.3800 17.9660 -40 3
294.4000 17.9627 -40 3
294.4164 17.9600 -40 3
294.4200 17.9594 -40 3
294.4400 17.9562 -40 3
294.4600 17.9531 -40 3
294.4800 17.9500 -40 3
294.5000 17.9471 -40 3
294.5200 17.9443 -40 3
294.5400 17.9417 -40 3
294.5534 17.9400 -40 3
294.5600 17.9392 -40 3
294.5800 17.9369 -40 3
294.6000 17.9348 -40 3
294.6200 17.9328 -40 3
294.6400 17.9311 -40 3
294.6600 17.9295 -40 3
294.6800 17.9282 -40 3
294.7000 17.9271 -40 3
294.7200 17.9262 -40 3
294.7400 17.9255 -40 3
294.7600 17.9250 -40 3
294.7800 17.9248 -40 3
294.8000 17.9248 -40 3
294.8200 17.9250 -40 3
294.8400 17.9253 -40 3
294.8600 17.9259 -40 3
294.8800 17.9266 -40 3
294.9000 17.9274 -40 3
294.9200 17.9283 -40 3
294.9400 17.9293 -40 3
294.9600 17.9303 -40 3
294.9800 17.9314 -40 3
295.0000 17.9324 -40 3
295.0200 17.9334 -40 3
295.0400 17.9344 -40 3
295.0600 17.9352 -40 3
295.0800 17.9359 -40 3
295.1000 17.9365 -40 3
295.1200 17.9368 -40 3
295.1400 17.9369 -40 3
295.1600 17.9367 -40 3
295.1800 17.9363 -40 3
295.2000 17.9355 -40 3
295.2200 17.9345 -40 3
295.2400 17.9332 -40 3
295.2600 17.9316 -40 3
295.2800 17.9297 -40 3
295.3000 17.9277 -40 3
295.3200 17.9255 -40 3
295.3400 17.9233 -40 3
295.3600 17.9210 -40 3
295.3690 17.9200 -40 3
295.3800 17.9188 -40 3
295.4000 17.9167 -40 3
295.4200 17.9147 -40 3
295.4400 17.9130 -40 3
295.4600 17.9115 -40 3
295.4800 17.9102 -40 3
295.5000 17.9094 -40 3
295.5200 17.9089 -40 3
295.5400 17.9087 -40 3
295.5600 17.9090 -40 3
295.5800 17.9097 -40 3
295.6000 17.9108 -40 3
295.6200 17.9123 -40 3
295.6400 17.9142 -40 3
295.6600 17.9164 -40 3
295.6800 17.9190 -40 3
295.6867 17.9200 -40 3
295.7000 17.9220 -40 3
295.7200 17.9252 -40 3
295.7400 17.9287 -40 3
295.7600 17.9323 -40 3
> Contour Depth = -60
290.0004 18.3800 -60 4
290.0200 18.3705 -60 4
290.0400 18.3614 -60 4
290.0432 18.3600 -60 4
290.0600 18.3533 -60 4
290.0800 18.3455 -60 4
290.0945 18.3400 -60 4
290.1000 18.3381 -60 4
290.1200 18.3311 -60 4
290.1400 18.3240 -60 4
290.1512 18.3200 -60 4
290.1600 18.3171 -60 4
290.1800 18.3103 -60 4
290.2000 18.3033 -60 4
290.2095 18.3000 -60 4
290.2200 18.2965 -60 4
290.2400 18.2899 -60 4
290.2600 18.2833 -60 4
290.2703 18.2800 -60 4
290.2800 18.2770 -60 4
290.3000 18.2712 -60 4
290.3200 18.2658 -60 4
290.3400 18.2608 -60 4
290.3439 18.2600 -60 4
290.3600 18.2567 -60 4
290.3800 18.2533 -60 4
290.4000 18.2507 -60 4
290.4200 18.2490 -60 4
290.4400 18.2482 -60 4
290.4600 18.2483 -60 4
290.4800 18.2493 -60 4
290.5000 18.2512 -60 4
290.5200 18.2539 -60 4
290.5400 18.2574 -60 4
290.5528 18.2600 -60 4
290.5600 18.2615 -60 4
290.5800 18.2663 -60 4
290.6000 18.2714 -60 4
290.6200 18.2770 -60 4
290.6304 18.2800 -60 4
290.6400 18.2828 -60 4
290.6600 18.2890 -60 4
290.6800 18.2953 -60 4
290.6941 18.3000 -60 4
290.7000 18.3019 -60 4
290.7200 18.3089 -60 4
290.7400 18.3162 -60 4
290.7499 18.3200 -60 4
290.7600 18.3239 -60 4
290.7800 18.3322 -60 4
290.7977 18.3400 -60 4
> Contour Depth = -60
291.3463 18.3400 -60 5
291.3600 18.3243 -60 5
291.3640 18.3200 -60 5
291.3800 18.3032 -60 5
291.3832 18.3000 -60 5
291.4000 18.2838 -60 5
291.4042 18.2800 -60 5
291.4200 18.2660 -60 5
291.4272 18.2600 -60 5
291.4400 18.2497 -60 5
291.4527 18.2400 -60 5
291.4600 18.2347 -60 5
291.4800 18.2211 -60 5
291.4817 18.2200 -60 5
291.5000 18.2090 -60 5
291.5161 18.2000 -60 5
291.5200 18.1980 -60 5
291.5400 18.1883 -60 5
291.5590 18.1800 -60 5
291.5600 18.1796 -60 5
291.5800 18.1722 -60 5
291.6000 18.1655 -60 5
291.6189 18.1600 -60 5
291.6200 18.1597 -60 5
291.6400 18.1549 -60 5
291.6600 18.1507 -60 5
291.6800 18.1471 -60 5
291.7000 18.1440 -60 5
291.7200 18.1413 -60 5
291.7322 18.1400 -60 5
291.7400 18.1392 -60 5
291.7600 18.1375 -60 5
291.7800 18.1362 -60 5
291.8000 18.1351 -60 5
291.8200 18.1343 -60 5
291.8400 18.1337 -60 5
291.8600 18.1334 -60 5
291.8800 18.1333 -60 5
291.9000 18.1334 -60 5
291.9200 18.1337 -60 5
291.9400 18.1342 -60 5
291.9600 18.1350 -60 5
291.9800 18.1359 -60 5
292.0000 18.1371 -60 5
292.0200 18.1385 -60 5
292.0386 18.1400 -60 5
292.0400 18.1401 -60 5
292.0600 18.1421 -60 5
292.0800 18.1443 -60 5
292.1000 18.1468 -60 5
292.1200 18.1494 -60 5
292.1400 18.1521 -60 5
292.1600 18.1549 -60 5
292.1800 18.1577 -60 5
292.1962 18.1600 -60 5
292.2000 18.1606 -60 5
292.2200 18.1634 -60 5
292.2400 18.1661 -60 5
292.2600 18.1686 -60 5
292.2800 18.1708 -60 5
292.3000 18.1726 -60 5
292.3200 18.1740 -60 5
292.3400 18.1750 -60 5
292.3600 18.1756 -60 5
292.3800 18.1758 -60 5
292.4000 18.1755 -60 5
292.4200 18.1749 -60 5
292.4400 18.1739 -60 5
292.4600 18.1727 -60 5
292.4800 18.1712 -60 5
292.5000 18.1695 -60 5
292.5200 18.1678 -60 5
292.5400 18.1660 -60 5
292.5600 18.1644 -60 5
292.5800 18.1629 -60 5
292.6000 18.1617 -60 5
292.6200 18.1610 -60 5
292.6400 18.1607 -60 5
292.6600 18.1611 -60 5
292.6800 18.1621 -60 5
292.7000 18.1638 -60 5
292.7200 18.1664 -60 5
292.7400 18.1697 -60 5
292.7600 18.1739 -60 5
292.7800 18.1788 -60 5
292.7840 18.1800 -60 5
292.8000 18.1850 -60 5
292.8200 18.1920 -60 5
292.8400 18.1997 -60 5
292.8407 18.2000 -60 5
292.8600 18.2086 -60 5
292.8800 18.2179 -60 5
292.8845 18.2200 -60 5
292.9000 18.2279 -60 5
292.9200 18.2382 -60 5
292.9235 18.2400 -60 5
> Contour Depth = -60
294.1238 18.2800 -60 6
294.1400 18.2748 -60 6
294.1600 18.2686 -60 6
294.1800 18.2624 -60 6
294.1881 18.2600 -60 6
294.2000 18.2566 -60 6
294.2200 18.2510 -60 6
294.2400 18.2455 -60 6
294.2600 18.2400 -60 6
294.2600 18.2400 -60 6
294.2800 18.2349 -60 6
294.3000 18.2297 -60 6
294.3200 18.2246 -60 6
294.3381 18.2200 -60 6
294.3400 18.2195 -60 6
294.3600 18.2148 -60 6
294.3800 18.2100 -60 6
294.4000 18.2053 -60 6
294.4200 18.2006 -60 6
294.4226 18.2000 -60 6
294.4400 18.1962 -60 6
294.4600 18.1920 -60 6
294.4800 18.1879 -60 6
294.5000 18.1839 -60 6
294.5200 18.1801 -60 6
294.5203 18.1800 -60 6
294.5400 18.1767 -60 6
294.5600 18.1736 -60 6
294.5800 18.1707 -60 6
294.6000 18.1681 -60 6
294.6200 18.1658 -60 6
294.6400 18.1638 -60 6
294.6600 18.1621 -60 6
294.6800 18.1607 -60 6
294.6930 18.1600 -60 6
294.7000 18.1597 -60 6
294.7200 18.1590 -60 6
294.7400 18.1586 -60 6
294.7600 18.1584 -60 6
294.7800 18.1584 -60 6
294.8000 18.1586 -60 6
294.8200 18.1589 -60 6
294.8400 18.1593 -60 6
294.8600 18.1597 -60 6
294.8750 18.1600 -60 6
294.8800 18.1601 -60 6
294.9000 18.1606 -60 6
294.9200 18.1609 -60 6
294.9400 18.1612 -60 6
294.9600 18.1613 -60 6
294.9800 18.1613 -60 6
295.0000 18.1611 -60 6
295.0200 18.1607 -60 6
295.0400 18.1601 -60 6
295.0415 18.1600 -60 6
295.0600 18.1593 -60 6
295.0800 18.1582 -60 6
295.1000 18.1570 -60 6
295.1200 18.1554 -60 6
295.1400 18.1536 -60 6
295.1600 18.1515 -60 6
295.1800 18.1492 -60 6
295.2000 18.1466 -60 6
295.2200 18.1438 -60 6
295.2400 18.1407 -60 6
295.2447 18.1400 -60 6
295.2600 18.1378 -60 6
295.2800 18.1349 -60 6
295.3000 18.1320 -60 6
295.3200 18.1291 -60 6
295.3400 18.1263 -60 6
295.3600 18.1236 -60 6
295.3800 18.1212 -60 6
295.3904 18.1200 -60 6
295.4000 18.1190 -60 6
295.4200 18.1173 -60 6
295.4400 18.1158 -60 6
295.4600 18.1146 -60 6
295.4800 18.1138 -60 6
295.5000 18.1132 -60 6
295.5200 18.1130 -60 6
295.5400 18.1131 -60 6
295.5600 18.1135 -60 6
295.5800 18.1142 -60 6
295.6000 18.1153 -60 6
295.6200 18.1166 -60 6
295.6400 18.1183 -60 6
295.6570 18.1200 -60 6
295.6600 18.1203 -60 6
295.6800 18.1229 -60 6
295.7000 18.1257 -60 6
295.7200 18.1289 -60 6
295.7400 18.1324 -60 6
295.7600 18.1361 -60 6
295.7795 18.1400 -60 6
295.7800 18.1401 -60 6
