> Contour Depth = -20
75.7363 39.4400 -20 1
75.7400 39.4343 -20 1
75.7499 39.4200 -20 1
75.7600 39.4026 -20 1
75.7616 39.4000 -20 1
75.7721 39.3800 -20 1
75.7800 39.3616 -20 1
75.7807 39.3600 -20 1
75.7885 39.3400 -20 1
75.7948 39.3200 -20 1
75.8000 39.3002 -20 1
75.8000 39.3000 -20 1
75.8048 39.2800 -20 1
75.8088 39.2600 -20 1
75.8123 39.2400 -20 1
75.8155 39.2200 -20 1
75.8186 39.2000 -20 1
75.8200 39.1911 -20 1
75.8219 39.1800 -20 1
75.8254 39.1600 -20 1
75.8294 39.1400 -20 1
75.8338 39.1200 -20 1
75.8389 39.1000 -20 1
75.8400 39.0962 -20 1
75.8450 39.0800 -20 1
75.8520 39.0600 -20 1
75.8598 39.0400 -20 1
75.8600 39.0396 -20 1
75.8692 39.0200 -20 1
75.8795 39.0000 -20 1
75.8800 38.9991 -20 1
75.8914 38.9800 -20 1
75.9000 38.9667 -20 1
75.9045 38.9600 -20 1
75.9191 38.9400 -20 1
75.9200 38.9389 -20 1
75.9354 38.9200 -20 1
75.9400 38.9147 -20 1
75.9533 38.9000 -20 1
75.9600 38.8930 -20 1
> Contour Depth = -40
75.5226 39.4600 -40 2
75.5316 39.4400 -40 2
75.5393 39.4200 -40 2
75.5400 39.4180 -40 2
75.5464 39.4000 -40 2
75.5525 39.3800 -40 2
75.5578 39.3600 -40 2
75.5600 39.3505 -40 2
75.5626 39.3400 -40 2
75.5668 39.3200 -40 2
75.5705 39.3000 -40 2
75.5738 39.2800 -40 2
75.5768 39.2600 -40 2
75.5797 39.2400 -40 2
75.5800 39.2377 -40 2
75.5826 39.2200 -40 2
75.5856 39.2000 -40 2
75.5887 39.1800 -40 2
75.5920 39.1600 -40 2
75.5956 39.1400 -40 2
75.5996 39.1200 -40 2
75.6000 39.1184 -40 2
75.6044 39.1000 -40 2
75.6097 39.0800 -40 2
75.6156 39.0600 -40 2
75.6200 39.0463 -40 2
75.6222 39.0400 -40 2
75.6298 39.0200 -40 2
75.6381 39.0000 -40 2
75.6400 38.9957 -40 2
75.6475 38.9800 -40 2
75.6577 38.9600 -40 2
75.6600 38.9557 -40 2
75.6691 38.9400 -40 2
75.6800 38.9221 -40 2
75.6814 38.9200 -40 2
75.6949 38.9000 -40 2
75.7000 38.8929 -40 2
75.7096 38.8800 -40 2
75.7200 38.8666 -40 2
75.7253 38.8600 -40 2
75.7400 38.8425 -40 2
75.7421 38.8400 -40 2
75.7600 38.8201 -40 2
75.7601 38.8200 -40 2
75.7792 38.8000 -40 2
75.7800 38.7992 -40 2
75.7993 38.7800 -40 2
75.8000 38.7793 -40 2
75.8200 38.7603 -40 2
75.8203 38.7600 -40 2
75.8400 38.7419 -40 2
75.8421 38.7400 -40 2
75.8600 38.7240 -40 2
75.8646 38.7200 -40 2
75.8800 38.7065 -40 2
75.8875 38.7000 -40 2
75.9000 38.6892 -40 2
75.9108 38.6800 -40 2
75.9200 38.6721 -40 2
75.9342 38.6600 -40 2
75.9400 38.6550 -40 2
75.9576 38.6400 -40 2
75.9600 38.6380 -40 2
> Contour Depth = -40
72.8217 39.1800 -40 3
72.8303 39.1600 -40 3
72.8387 39.1400 -40 3
72.8400 39.1367 -40 3
72.8465 39.1200 -40 3
72.8539 39.1000 -40 3
72.8600 39.0829 -40 3
72.8610 39.0800 -40 3
72.8673 39.0600 -40 3
72.8731 39.0400 -40 3
72.8785 39.0200 -40 3
72.8800 39.0134 -40 3
72.8829 39.0000 -40 3
72.8865 38.9800 -40 3
72.8893 38.9600 -40 3
72.8911 38.9400 -40 3
72.8918 38.9200 -40 3
72.8913 38.9000 -40 3
72.8892 38.8800 -40 3
72.8856 38.8600 -40 3
72.8802 38.8400 -40 3
72.8800 38.8394 -40 3
72.8721 38.8200 -40 3
72.8616 38.8000 -40 3
72.8600 38.7974 -40 3
72.8473 38.7800 -40 3
72.8400 38.7715 -40 3
72.8283 38.7600 -40 3
72.8200 38.7527 -40 3
72.8024 38.7400 -40 3
72.8000 38.7384 -40 3
72.7800 38.7275 -40 3
72.7625 38.7200 -40 3
72.7600 38.7190 -40 3
72.7400 38.7128 -40 3
72.7200 38.7083 -40 3
72.7000 38.7055 -40 3
72.6800 38.7042 -40 3
72.6600 38.7044 -40 3
72.6400 38.7059 -40 3
72.6200 38.7088 -40 3
72.6000 38.7130 -40 3
72.5800 38.7184 -40 3
72.5752 38.7200 -40 3
72.5600 38.7251 -40 3
72.5400 38.7330 -40 3
72.5249 38.7400 -40 3
72.5200 38.7422 -40 3
72.5000 38.7527 -40 3
72.4874 38.7600 -40 3
72.4800 38.7643 -40 3
72.4600 38.7771 -40 3
72.4558 38.7800 -40 3
72.4400 38.7909 -40 3
72.4279 38.8000 -40 3
72.4200 38.8059 -40 3
72.4023 38.8200 -40 3
72.4000 38.8218 -40 3
72.3800 38.8386 -40 3
72.3785 38.8400 -40 3
72.3600 38.8562 -40 3
72.3560 38.8600 -40 3
72.3400 38.8745 -40 3
72.3343 38.8800 -40 3
72.3200 38.8933 -40 3
72.3133 38.9000 -40 3
72.3000 38.9126 -40 3
72.2927 38.9200 -40 3
72.2800 38.9322 -40 3
72.2724 38.9400 -40 3
72.2600 38.9520 -40 3
72.2524 38.9600 -40 3
72.2400 38.9720 -40 3
72.2324 38.9800 -40 3
> Contour Depth = -60
75.4045 39.4600 -60 4
75.4115 39.4400 -60 4
75.4178 39.4200 -60 4
75.4200 39.4120 -60 4
75.4233 39.4000 -60 4
75.4281 39.3800 -60 4
75.4324 39.3600 -60 4
75.4362 39.3400 -60 4
75.4397 39.3200 -60 4
75.4400 39.3183 -60 4
75.4429 39.3000 -60 4
75.4460 39.2800 -60 4
75.4489 39.2600 -60 4
75.4518 39.2400 -60 4
75.4547 39.2200 -60 4
75.4577 39.2000 -60 4
75.4600 39.1858 -60 4
75.4609 39.1800 -60 4
75.4644 39.1600 -60 4
75.4681 39.1400 -60 4
75.4722 39.1200 -60 4
75.4765 39.1000 -60 4
75.4800 39.0853 -60 4
75.4813 39.0800 -60 4
75.4865 39.0600 -60 4
75.4922 39.0400 -60 4
75.4982 39.0200 -60 4
75.5000 39.0144 -60 4
75.5048 39.0000 -60 4
75.5119 38.9800 -60 4
75.5195 38.9600 -60 4
75.5200 38.9587 -60 4
75.5278 38.9400 -60 4
75.5365 38.9200 -60 4
75.5400 38.9123 -60 4
75.5459 38.9000 -60 4
75.5559 38.8800 -60 4
75.5600 38.8721 -60 4
75.5667 38.8600 -60 4
75.5780 38.8400 -60 4
75.5800 38.8366 -60 4
75.5902 38.8200 -60 4
75.6000 38.8046 -60 4
75.6031 38.8000 -60 4
75.6168 38.7800 -60 4
75.6200 38.7755 -60 4
75.6314 38.7600 -60 4
75.6400 38.7486 -60 4
75.6469 38.7400 -60 4
75.6600 38.7237 -60 4
75.6631 38.7200 -60 4
75.6800 38.7003 -60 4
75.6802 38.7000 -60 4
75.6982 38.6800 -60 4
75.7000 38.6780 -60 4
75.7169 38.6600 -60 4
75.7200 38.6567 -60 4
75.7363 38.6400 -60 4
75.7400 38.6361 -60 4
75.7561 38.6200 -60 4
75.7600 38.6160 -60 4
75.7763 38.6000 -60 4
75.7800 38.5963 -60 4
75.7966 38.5800 -60 4
75.8000 38.5766 -60 4
75.8168 38.5600 -60 4
75.8200 38.5568 -60 4
75.8369 38.5400 -60 4
75.8400 38.5368 -60 4
75.8565 38.5200 -60 4
75.8600 38.5164 -60 4
75.8757 38.5000 -60 4
75.8800 38.4954 -60 4
75.8943 38.4800 -60 4
75.9000 38.4736 -60 4
75.9122 38.4600 -60 4
75.9200 38.4510 -60 4
75.9296 38.4400 -60 4
75.9400 38.4275 -60 4
75.9462 38.4200 -60 4
75.9600 38.4029 -60 4
> Contour Depth = -60
72.9556 39.2200 -60 5
72.9600 39.2104 -60 5
72.9647 39.2000 -60 5
72.9735 39.1800 -60 5
72.9800 39.1651 -60 5
72.9822 39.1600 -60 5
72.9906 39.1400 -60 5
72.9989 39.1200 -60 5
73.0000 39.1172 -60 5
73.0069 39.1000 -60 5
73.0148 39.0800 -60 5
73.0200 39.0666 -60 5
73.0226 39.0600 -60 5
73.0302 39.0400 -60 5
73.0377 39.0200 -60 5
73.0400 39.0136 -60 5
73.0450 39.0000 -60 5
73.0522 38.9800 -60 5
73.0593 38.9600 -60 5
73.0600 38.9579 -60 5
73.0663 38.9400 -60 5
73.0730 38.9200 -60 5
73.0796 38.9000 -60 5
73.0800 38.8988 -60 5
73.0862 38.8800 -60 5
73.0924 38.8600 -60 5
73.0984 38.8400 -60 5
73.1000 38.8341 -60 5
73.1042 38.8200 -60 5
73.1097 38.8000 -60 5
73.1148 38.7800 -60 5
73.1194 38.7600 -60 5
73.1200 38.7566 -60 5
73.1236 38.7400 -60 5
73.1272 38.7200 -60 5
73.1301 38.7000 -60 5
73.1321 38.6800 -60 5
73.1333 38.6600 -60 5
73.1334 38.6400 -60 5
73.1323 38.6200 -60 5
73.1300 38.6000 -60 5
73.1262 38.5800 -60 5
73.1210 38.5600 -60 5
73.1200 38.5569 -60 5
73.1144 38.5400 -60 5
73.1062 38.5200 -60 5
73.1000 38.5073 -60 5
73.0963 38.5000 -60 5
73.0850 38.4800 -60 5
73.0800 38.4721 -60 5
73.0720 38.4600 -60 5
73.0600 38.4433 -60 5
73.0575 38.4400 -60 5
73.0415 38.4200 -60 5
73.0400 38.4182 -60 5
73.0241 38.4000 -60 5
73.0200 38.3954 -60 5
73.0054 38.3800 -60 5
73.0000 38.3742 -60 5
72.9856 38.3600 -60 5
72.9800 38.3543 -60 5
72.9650 38.3400 -60 5
72.9600 38.3351 -60 5
72.9438 38.3200 -60 5
72.9400 38.3163 -60 5
72.9225 38.3000 -60 5
72.9200 38.2974 -60 5
72.9018 38.2800 -60 5
72.9000 38.2781 -60 5
72.8821 38.2600 -60 5
72.8800 38.2576 -60 5
72.8641 38.2400 -60 5
72.8600 38.2346 -60 5
72.8485 38.2200 -60 5
72.8400 38.2070 -60 5
72.8354 38.2000 -60 5
72.8251 38.1800 -60 5
72.8200 38.1666 -60 5
72.8175 38.1600 -60 5
72.8124 38.1400 -60 5
72.8097 38.1200 -60 5
72.8089 38.1000 -60 5
72.8099 38.0800 -60 5
72.8123 38.0600 -60 5
72.8158 38.0400 -60 5
72.8200 38.0213 -60 5
72.8203 38.0200 -60 5
72.8255 38.0000 -60 5
72.8313 37.9800 -60 5
72.8375 37.9600 -60 5
72.8400 37.9524 -60 5
72.8440 37.9400 -60 5
72.8508 37.9200 -60 5
72.8577 37.9000 -60 5
72.8600 37.8937 -60 5
72.8648 37.8800 -60 5
72.8719 37.8600 -60 5
72.8792 37.8400 -60 5
72.8800 37.8377 -60 5
72.8864 37.8200 -60 5
72.8936 37.8000 -60 5
72.9000 37.7827 -60 5
72.9010 37.7800 -60 5
72.9083 37.7600 -60 5
72.9157 37.7400 -60 5
72.9200 37.7286 -60 5
72.9232 37.7200 -60 5
72.9307 37.7000 -60 5
72.9384 37.6800 -60 5
72.9400 37.6760 -60 5
72.9462 37.6600 -60 5
72.9542 37.6400 -60 5
72.9600 37.6260 -60 5
72.9624 37.6200 -60 5
72.9709 37.6000 -60 5
72.9796 37.5800 -60 5
72.9800 37.5791 -60 5
72.9886 37.5600 -60 5
72.9980 37.5400 -60 5
73.0000 37.5359 -60 5
73.0077 37.5200 -60 5
73.0179 37.5000 -60 5
73.0200 37.4961 -60 5
73.0285 37.4800 -60 5
73.0397 37.4600 -60 5
73.0400 37.4594 -60 5
73.0513 37.4400 -60 5
73.0600 37.4257 -60 5
73.0635 37.4200 -60 5
73.0763 37.4000 -60 5
73.0800 37.3945 -60 5
73.0897 37.3800 -60 5
73.1000 37.3654 -60 5
73.1038 37.3600 -60 5
73.1185 37.3400 -60 5
73.1200 37.3381 -60 5
> Contour Depth = -60
72.0968 38.9400 -60 6
72.1000 38.9296 -60 6
72.1033 38.9200 -60 6
72.1097 38.9000 -60 6
72.1160 38.8800 -60 6
72.1200 38.8667 -60 6
72.1222 38.8600 -60 6
72.1285 38.8400 -60 6
72.1347 38.8200 -60 6
72.1400 38.8020 -60 6
72.1407 38.8000 -60 6
72.1468 38.7800 -60 6
72.1527 38.7600 -60 6
72.1586 38.7400 -60 6
72.1600 38.7347 -60 6
72.1644 38.7200 -60 6
72.1701 38.7000 -60 6
72.1757 38.6800 -60 6
72.1800 38.6637 -60 6
72.1811 38.6600 -60 6
72.1865 38.6400 -60 6
72.1916 38.6200 -60 6
72.1965 38.6000 -60 6
72.2000 38.5843 -60 6
72.2011 38.5800 -60 6
72.2055 38.5600 -60 6
72.2094 38.5400 -60 6
72.2130 38.5200 -60 6
72.2160 38.5000 -60 6
72.2183 38.4800 -60 6
72.2200 38.4600 -60 6
72.2200 38.4590 -60 6
72.2208 38.4400 -60 6
72.2207 38.4200 -60 6
72.2200 38.4078 -60 6
72.2195 38.4000 -60 6
72.2173 38.3800 -60 6
72.2138 38.3600 -60 6
72.2089 38.3400 -60 6
72.2027 38.3200 -60 6
72.2000 38.3127 -60 6
72.1955 38.3000 -60 6
72.1873 38.2800 -60 6
72.1800 38.2641 -60 6
72.1782 38.2600 -60 6
72.1689 38.2400 -60 6
72.1600 38.2220 -60 6
72.1591 38.2200 -60 6
72.1497 38.2000 -60 6
72.1400 38.1800 -60 6
72.1400 38.1800 -60 6
72.1312 38.1600 -60 6
72.1225 38.1400 -60 6
72.1200 38.1342 -60 6
72.1145 38.1200 -60 6
72.1071 38.1000 -60 6
72.1000 38.0804 -60 6
72.0999 38.0800 -60 6
72.0937 38.0600 -60 6
72.0877 38.0400 -60 6
72.0821 38.0200 -60 6
72.0800 38.0121 -60 6
72.0771 38.0000 -60 6
72.0725 37.9800 -60 6
72.0681 37.9600 -60 6
72.0639 37.9400 -60 6
72.0600 37.9210 -60 6
72.0598 37.9200 -60 6
72.0562 37.9000 -60 6
72.0527 37.8800 -60 6
72.0492 37.8600 -60 6
72.0456 37.8400 -60 6
72.0421 37.8200 -60 6
72.0400 37.8086 -60 6
72.0386 37.8000 -60 6
72.0352 37.7800 -60 6
72.0317 37.7600 -60 6
72.0280 37.7400 -60 6
72.0241 37.7200 -60 6
72.0201 37.7000 -60 6
72.0200 37.6998 -60 6
72.0161 37.6800 -60 6
72.0120 37.6600 -60 6
72.0075 37.6400 -60 6
72.0029 37.6200 -60 6
72.0000 37.6085 -60 6
71.9980 37.6000 -60 6
71.9932 37.5800 -60 6
71.9880 37.5600 -60 6
71.9826 37.5400 -60 6
71.9800 37.5309 -60 6
71.9771 37.5200 -60 6
71.9715 37.5000 -60 6
71.9656 37.4800 -60 6
71.9600 37.4621 -60 6
71.9594 37.4600 -60 6
71.9534 37.4400 -60 6
71.9471 37.4200 -60 6
71.9406 37.4000 -60 6
71.9400 37.3983 -60 6
71.9342 37.3800 -60 6
71.9277 37.3600 -60 6
71.9210 37.3400 -60 6
71.9200 37.3372 -60 6
71.9144 37.3200 -60 6
71.9078 37.3000 -60 6
71.9011 37.2800 -60 6
71.9000 37.2766 -60 6
71.8947 37.2600 -60 6
71.8882 37.2400 -60 6
71.8817 37.2200 -60 6
71.8800 37.2147 -60 6
71.8755 37.2000 -60 6
71.8694 37.1800 -60 6
71.8633 37.1600 -60 6
71.8600 37.1490 -60 6
71.8574 37.1400 -60 6
71.8518 37.1200 -60 6
71.8463 37.1000 -60 6
71.8410 37.0800 -60 6
71.8400 37.0760 -60 6
71.8361 37.0600 -60 6
71.8313 37.0400 -60 6
71.8268 37.0200 -60 6
71.8225 37.0000 -60 6
71.8200 36.9876 -60 6
71.8185 36.9800 -60 6
71.8149 36.9600 -60 6
71.8115 36.9400 -60 6
71.8084 36.9200 -60 6
71.8055 36.9000 -60 6
71.8030 36.8800 -60 6
71.8008 36.8600 -60 6
71.8000 36.8514 -60 6
71.7989 36.8400 -60 6
71.7974 36.8200 -60 6
71.7962 36.8000 -60 6
71.7952 36.7800 -60 6
> Contour Depth = -80
74.5885 39.5000 -80 7
74.6000 39.4973 -80 7
74.6200 39.4928 -80 7
74.6400 39.4886 -80 7
74.6600 39.4847 -80 7
74.6800 39.4810 -80 7
74.6858 39.4800 -80 7
74.7000 39.4774 -80 7
74.7200 39.4741 -80 7
74.7400 39.4711 -80 7
74.7600 39.4684 -80 7
74.7800 39.4660 -80 7
74.8000 39.4639 -80 7
74.8200 39.4623 -80 7
74.8400 39.4611 -80 7
74.8600 39.4603 -80 7
74.8800 39.4601 -80 7
74.9000 39.4604 -80 7
74.9200 39.4613 -80 7
74.9400 39.4629 -80 7
74.9600 39.4653 -80 7
74.9800 39.4684 -80 7
75.0000 39.4722 -80 7
75.0200 39.4768 -80 7
75.0324 39.4800 -80 7
75.0400 39.4821 -80 7
> Contour Depth = -80
75.2198 39.4800 -80 8
75.2200 39.4799 -80 8
75.2387 39.4600 -80 8
75.2400 39.4585 -80 8
75.2525 39.4400 -80 8
75.2600 39.4282 -80 8
75.2643 39.4200 -80 8
75.2741 39.4000 -80 8
75.2800 39.3874 -80 8
75.2830 39.3800 -80 8
75.2907 39.3600 -80 8
75.2981 39.3400 -80 8
75.3000 39.3349 -80 8
75.3048 39.3200 -80 8
75.3112 39.3000 -80 8
75.3176 39.2800 -80 8
75.3200 39.2725 -80 8
75.3236 39.2600 -80 8
75.3295 39.2400 -80 8
75.3354 39.2200 -80 8
75.3400 39.2046 -80 8
75.3413 39.2000 -80 8
75.3470 39.1800 -80 8
75.3528 39.1600 -80 8
75.3587 39.1400 -80 8
75.3600 39.1357 -80 8
75.3645 39.1200 -80 8
75.3704 39.1000 -80 8
75.3764 39.0800 -80 8
75.3800 39.0684 -80 8
75.3825 39.0600 -80 8
75.3885 39.0400 -80 8
75.3948 39.0200 -80 8
75.4000 39.0034 -80 8
75.4011 39.0000 -80 8
75.4074 38.9800 -80 8
75.4139 38.9600 -80 8
75.4200 38.9416 -80 8
75.4205 38.9400 -80 8
75.4273 38.9200 -80 8
75.4341 38.9000 -80 8
75.4400 38.8832 -80 8
75.4412 38.8800 -80 8
75.4483 38.8600 -80 8
75.4557 38.8400 -80 8
75.4600 38.8285 -80 8
75.4633 38.8200 -80 8
75.4711 38.8000 -80 8
75.4790 38.7800 -80 8
75.4800 38.7776 -80 8
75.4873 38.7600 -80 8
75.4958 38.7400 -80 8
75.5000 38.7303 -80 8
75.5046 38.7200 -80 8
75.5138 38.7000 -80 8
75.5200 38.6866 -80 8
75.5232 38.6800 -80 8
75.5331 38.6600 -80 8
75.5400 38.6462 -80 8
75.5433 38.6400 -80 8
75.5539 38.6200 -80 8
75.5600 38.6087 -80 8
75.5650 38.6000 -80 8
75.5764 38.5800 -80 8
75.5800 38.5738 -80 8
75.5884 38.5600 -80 8
75.6000 38.5410 -80 8
75.6007 38.5400 -80 8
75.6135 38.5200 -80 8
75.6200 38.5098 -80 8
75.6266 38.5000 -80 8
75.6400 38.4801 -80 8
75.6401 38.4800 -80 8
75.6539 38.4600 -80 8
75.6600 38.4510 -80 8
75.6678 38.4400 -80 8
75.6800 38.4226 -80 8
75.6819 38.4200 -80 8
75.6959 38.4000 -80 8
75.7000 38.3941 -80 8
75.7099 38.3800 -80 8
75.7200 38.3652 -80 8
75.7236 38.3600 -80 8
75.7370 38.3400 -80 8
75.7400 38.3354 -80 8
75.7500 38.3200 -80 8
75.7600 38.3042 -80 8
75.7626 38.3000 -80 8
75.7747 38.2800 -80 8
75.7800 38.2710 -80 8
75.7863 38.2600 -80 8
75.7975 38.2400 -80 8
75.8000 38.2353 -80 8
75.8081 38.2200 -80 8
75.8182 38.2000 -80 8
75.8200 38.1964 -80 8
75.8279 38.1800 -80 8
75.8372 38.1600 -80 8
75.8400 38.1537 -80 8
75.8460 38.1400 -80 8
75.8545 38.1200 -80 8
75.8600 38.1067 -80 8
75.8627 38.1000 -80 8
75.8706 38.0800 -80 8
75.8783 38.0600 -80 8
75.8800 38.0553 -80 8
75.8856 38.0400 -80 8
75.8929 38.0200 -80 8
75.9000 38.0000 -80 8
75.9000 38.0000 -80 8
75.9069 37.9800 -80 8
75.9138 37.9600 -80 8
75.9200 37.9420 -80 8
75.9207 37.9400 -80 8
75.9275 37.9200 -80 8
75.9343 37.9000 -80 8
75.9400 37.8836 -80 8
75.9412 37.8800 -80 8
75.9482 37.8600 -80 8
75.9554 37.8400 -80 8
75.9600 37.8273 -80 8
> Contour Depth = -80
73.0758 39.2600 -80 9
73.0800 39.2498 -80 9
73.0842 39.2400 -80 9
73.0926 39.2200 -80 9
73.1000 39.2025 -80 9
73.1011 39.2000 -80 9
73.1099 39.1800 -80 9
73.1187 39.1600 -80 9
73.1200 39.1571 -80 9
73.1281 39.1400 -80 9
73.1377 39.1200 -80 9
73.1400 39.1153 -80 9
73.1481 39.1000 -80 9
73.1589 39.0800 -80 9
73.1600 39.0781 -80 9
73.1712 39.0600 -80 9
73.1800 39.0460 -80 9
73.1843 39.0400 -80 9
73.1992 39.0200 -80 9
73.2000 39.0189 -80 9
73.2169 39.0000 -80 9
73.2200 38.9966 -80 9
73.2385 38.9800 -80 9
73.2400 38.9786 -80 9
73.2600 38.9645 -80 9
73.2685 38.9600 -80 9
73.2800 38.9539 -80 9
73.3000 38.9463 -80 9
73.3200 38.9414 -80 9
73.3315 38.9400 -80 9
73.3400 38.9390 -80 9
73.3600 38.9387 -80 9
73.3763 38.9400 -80 9
73.3800 38.9403 -80 9
73.4000 38.9436 -80 9
73.4200 38.9484 -80 9
73.4400 38.9544 -80 9
73.4557 38.9600 -80 9
73.4600 38.9615 -80 9
73.4800 38.9694 -80 9
73.5000 38.9780 -80 9
73.5046 38.9800 -80 9
73.5200 38.9869 -80 9
73.5400 38.9960 -80 9
73.5489 39.0000 -80 9
73.5600 39.0050 -80 9
73.5800 39.0139 -80 9
73.5945 39.0200 -80 9
73.6000 39.0224 -80 9
73.6200 39.0302 -80 9
73.6400 39.0374 -80 9
73.6483 39.0400 -80 9
73.6600 39.0437 -80 9
73.6800 39.0490 -80 9
73.7000 39.0531 -80 9
73.7200 39.0561 -80 9
73.7400 39.0577 -80 9
73.7600 39.0579 -80 9
73.7800 39.0565 -80 9
73.8000 39.0534 -80 9
73.8200 39.0485 -80 9
73.8400 39.0417 -80 9
73.8439 39.0400 -80 9
73.8600 39.0328 -80 9
73.8800 39.0216 -80 9
73.8824 39.0200 -80 9
73.9000 39.0080 -80 9
73.9100 39.0000 -80 9
73.9200 38.9917 -80 9
73.9325 38.9800 -80 9
73.9400 38.9728 -80 9
73.9518 38.9600 -80 9
73.9600 38.9509 -80 9
73.9689 38.9400 -80 9
73.9800 38.9260 -80 9
73.9844 38.9200 -80 9
73.9987 38.9000 -80 9
74.0000 38.8981 -80 9
74.0117 38.8800 -80 9
74.0200 38.8669 -80 9
74.0241 38.8600 -80 9
74.0357 38.8400 -80 9
74.0400 38.8324 -80 9
74.0467 38.8200 -80 9
74.0572 38.8000 -80 9
74.0600 38.7945 -80 9
74.0671 38.7800 -80 9
74.0767 38.7600 -80 9
74.0800 38.7528 -80 9
74.0858 38.7400 -80 9
74.0944 38.7200 -80 9
74.1000 38.7068 -80 9
74.1028 38.7000 -80 9
74.1107 38.6800 -80 9
74.1183 38.6600 -80 9
74.1200 38.6552 -80 9
74.1254 38.6400 -80 9
74.1322 38.6200 -80 9
74.1387 38.6000 -80 9
74.1400 38.5956 -80 9
74.1447 38.5800 -80 9
74.1503 38.5600 -80 9
74.1556 38.5400 -80 9
74.1600 38.5218 -80 9
74.1604 38.5200 -80 9
74.1648 38.5000 -80 9
74.1687 38.4800 -80 9
74.1721 38.4600 -80 9
74.1751 38.4400 -80 9
74.1776 38.4200 -80 9
74.1796 38.4000 -80 9
74.1800 38.3938 -80 9
74.1809 38.3800 -80 9
74.1816 38.3600 -80 9
74.1816 38.3400 -80 9
74.1809 38.3200 -80 9
74.1800 38.3070 -80 9
74.1794 38.3000 -80 9
74.1770 38.2800 -80 9
74.1736 38.2600 -80 9
74.1692 38.2400 -80 9
74.1636 38.2200 -80 9
74.1600 38.2092 -80 9
74.1566 38.2000 -80 9
74.1480 38.1800 -80 9
74.1400 38.1639 -80 9
74.1378 38.1600 -80 9
74.1255 38.1400 -80 9
74.1200 38.1318 -80 9
74.1112 38.1200 -80 9
74.1000 38.1062 -80 9
74.0945 38.1000 -80 9
74.0800 38.0845 -80 9
74.0754 38.0800 -80 9
74.0600 38.0654 -80 9
74.0538 38.0600 -80 9
74.0400 38.0480 -80 9
74.0303 38.0400 -80 9
74.0200 38.0316 -80 9
74.0053 38.0200 -80 9
74.0000 38.0158 -80 9
73.9800 38.0002 -80 9
73.9798 38.0000 -80 9
73.9600 37.9843 -80 9
73.9546 37.9800 -80 9
73.9400 37.9679 -80 9
73.9306 37.9600 -80 9
73.9200 37.9506 -80 9
73.9083 37.9400 -80 9
73.9000 37.9319 -80 9
73.8881 37.9200 -80 9
73.8800 37.9113 -80 9
73.8699 37.9000 -80 9
73.8600 37.8880 -80 9
73.8537 37.8800 -80 9
73.8400 37.8608 -80 9
73.8394 37.8600 -80 9
73.8270 37.8400 -80 9
73.8200 37.8273 -80 9
73.8161 37.8200 -80 9
73.8067 37.8000 -80 9
73.8000 37.7834 -80 9
73.7987 37.7800 -80 9
73.7919 37.7600 -80 9
73.7863 37.7400 -80 9
73.7816 37.7200 -80 9
73.7800 37.7112 -80 9
73.7780 37.7000 -80 9
73.7753 37.6800 -80 9
73.7734 37.6600 -80 9
73.7723 37.6400 -80 9
73.7720 37.6200 -80 9
73.7723 37.6000 -80 9
73.7733 37.5800 -80 9
> Contour Depth = -80
71.5092 36.9600 -80 10
71.5175 36.9800 -80 10
71.5200 36.9860 -80 10
71.5257 37.0000 -80 10
71.5339 37.0200 -80 10
71.5400 37.0348 -80 10
71.5421 37.0400 -80 10
71.5502 37.0600 -80 10
71.5583 37.0800 -80 10
71.5600 37.0841 -80 10
71.5664 37.1000 -80 10
71.5745 37.1200 -80 10
71.5800 37.1337 -80 10
71.5825 37.1400 -80 10
71.5905 37.1600 -80 10
71.5984 37.1800 -80 10
71.6000 37.1840 -80 10
71.6063 37.2000 -80 10
71.6142 37.2200 -80 10
71.6200 37.2350 -80 10
71.6219 37.2400 -80 10
71.6297 37.2600 -80 10
71.6373 37.2800 -80 10
71.6400 37.2870 -80 10
71.6449 37.3000 -80 10
71.6524 37.3200 -80 10
71.6597 37.3400 -80 10
71.6600 37.3407 -80 10
71.6670 37.3600 -80 10
71.6741 37.3800 -80 10
71.6800 37.3968 -80 10
71.6811 37.4000 -80 10
71.6880 37.4200 -80 10
71.6947 37.4400 -80 10
71.7000 37.4564 -80 10
71.7012 37.4600 -80 10
71.7075 37.4800 -80 10
71.7137 37.5000 -80 10
71.7196 37.5200 -80 10
71.7200 37.5214 -80 10
71.7253 37.5400 -80 10
71.7308 37.5600 -80 10
71.7361 37.5800 -80 10
71.7400 37.5954 -80 10
71.7412 37.6000 -80 10
71.7460 37.6200 -80 10
71.7505 37.6400 -80 10
71.7548 37.6600 -80 10
71.7589 37.6800 -80 10
71.7600 37.6860 -80 10
71.7627 37.7000 -80 10
71.7662 37.7200 -80 10
71.7694 37.7400 -80 10
71.7724 37.7600 -80 10
71.7751 37.7800 -80 10
71.7776 37.8000 -80 10
71.7798 37.8200 -80 10
71.7800 37.8221 -80 10
71.7818 37.8400 -80 10
71.7835 37.8600 -80 10
71.7850 37.8800 -80 10
71.7863 37.9000 -80 10
71.7873 37.9200 -80 10
71.7882 37.9400 -80 10
71.7890 37.9600 -80 10
71.7896 37.9800 -80 10
71.7901 38.0000 -80 10
71.7905 38.0200 -80 10
71.7908 38.0400 -80 10
71.7912 38.0600 -80 10
71.7915 38.0800 -80 10
71.7920 38.1000 -80 10
71.7926 38.1200 -80 10
71.7933 38.1400 -80 10
71.7943 38.1600 -80 10
71.7955 38.1800 -80 10
71.7971 38.2000 -80 10
71.7990 38.2200 -80 10
71.8000 38.2288 -80 10
71.8013 38.2400 -80 10
71.8041 38.2600 -80 10
71.8074 38.2800 -80 10
71.8113 38.3000 -80 10
71.8157 38.3200 -80 10
71.8200 38.3377 -80 10
71.8206 38.3400 -80 10
71.8261 38.3600 -80 10
71.8322 38.3800 -80 10
71.8387 38.4000 -80 10
71.8400 38.4037 -80 10
71.8458 38.4200 -80 10
71.8532 38.4400 -80 10
71.8600 38.4575 -80 10
71.8610 38.4600 -80 10
71.8691 38.4800 -80 10
71.8772 38.5000 -80 10
71.8800 38.5066 -80 10
71.8856 38.5200 -80 10
71.8939 38.5400 -80 10
71.9000 38.5550 -80 10
71.9020 38.5600 -80 10
71.9101 38.5800 -80 10
71.9179 38.6000 -80 10
71.9200 38.6055 -80 10
71.9254 38.6200 -80 10
71.9326 38.6400 -80 10
71.9394 38.6600 -80 10
71.9400 38.6620 -80 10
71.9458 38.6800 -80 10
71.9518 38.7000 -80 10
71.9574 38.7200 -80 10
71.9600 38.7299 -80 10
71.9626 38.7400 -80 10
71.9674 38.7600 -80 10
71.9718 38.7800 -80 10
71.9758 38.8000 -80 10
71.9795 38.8200 -80 10
71.9800 38.8230 -80 10
71.9829 38.8400 -80 10
71.9859 38.8600 -80 10
71.9887 38.8800 -80 10
71.9912 38.9000 -80 10
> Contour Depth = -100
73.2800 39.3323 -100 11
73.2899 39.3200 -100 11
73.3000 39.3082 -100 11
73.3091 39.3000 -100 11
73.3200 39.2909 -100 11
73.3384 39.2800 -100 11
73.3400 39.2791 -100 11
73.3600 39.2724 -100 11
73.3800 39.2696 -100 11
73.4000 39.2699 -100 11
73.4200 39.2729 -100 11
73.4400 39.2778 -100 11
73.4465 39.2800 -100 11
73.4600 39.2845 -100 11
73.4800 39.2924 -100 11
73.4976 39.3000 -100 11
73.5000 39.3010 -100 11
73.5200 39.3104 -100 11
73.5400 39.3200 -100 11
73.5401 39.3200 -100 11
73.5600 39.3298 -100 11
73.5800 39.3397 -100 11
73.5807 39.3400 -100 11
73.6000 39.3495 -100 11
73.6200 39.3592 -100 11
73.6218 39.3600 -100 11
73.6400 39.3687 -100 11
73.6600 39.3780 -100 11
73.6644 39.3800 -100 11
73.6800 39.3871 -100 11
73.7000 39.3961 -100 11
73.7089 39.4000 -100 11
73.7200 39.4049 -100 11
73.7400 39.4137 -100 11
73.7544 39.4200 -100 11
73.7600 39.4225 -100 11
73.7800 39.4313 -100 11
73.7992 39.4400 -100 11
> Contour Depth = -100
74.3800 39.3027 -100 12
74.4000 39.3075 -100 12
74.4200 39.3112 -100 12
74.4400 39.3139 -100 12
74.4600 39.3159 -100 12
74.4800 39.3171 -100 12
74.5000 39.3178 -100 12
74.5200 39.3179 -100 12
74.5400 39.3175 -100 12
74.5600 39.3168 -100 12
74.5800 39.3156 -100 12
74.6000 39.3142 -100 12
74.6200 39.3124 -100 12
74.6400 39.3104 -100 12
74.6600 39.3082 -100 12
74.6800 39.3059 -100 12
74.7000 39.3034 -100 12
74.7200 39.3007 -100 12
74.7252 39.3000 -100 12
74.7400 39.2979 -100 12
74.7600 39.2949 -100 12
74.7800 39.2919 -100 12
74.8000 39.2889 -100 12
74.8200 39.2858 -100 12
74.8400 39.2828 -100 12
74.8580 39.2800 -100 12
74.8600 39.2797 -100 12
74.8800 39.2765 -100 12
74.9000 39.2732 -100 12
74.9200 39.2700 -100 12
74.9400 39.2666 -100 12
74.9600 39.2631 -100 12
74.9762 39.2600 -100 12
74.9800 39.2593 -100 12
75.0000 39.2551 -100 12
75.0200 39.2505 -100 12
75.0400 39.2453 -100 12
75.0575 39.2400 -100 12
75.0600 39.2392 -100 12
75.0800 39.2321 -100 12
75.1000 39.2236 -100 12
75.1072 39.2200 -100 12
75.1200 39.2134 -100 12
75.1400 39.2012 -100 12
75.1416 39.2000 -100 12
75.1600 39.1864 -100 12
75.1673 39.1800 -100 12
75.1800 39.1686 -100 12
75.1882 39.1600 -100 12
75.2000 39.1472 -100 12
75.2057 39.1400 -100 12
75.2200 39.1216 -100 12
75.2211 39.1200 -100 12
75.2343 39.1000 -100 12
75.2400 39.0911 -100 12
75.2463 39.0800 -100 12
75.2572 39.0600 -100 12
75.2600 39.0548 -100 12
75.2671 39.0400 -100 12
75.2763 39.0200 -100 12
75.2800 39.0115 -100 12
75.2847 39.0000 -100 12
75.2925 38.9800 -100 12
75.3000 38.9600 -100 12
75.3000 38.9599 -100 12
75.3066 38.9400 -100 12
75.3130 38.9200 -100 12
75.3191 38.9000 -100 12
75.3200 38.8969 -100 12
75.3246 38.8800 -100 12
75.3299 38.8600 -100 12
75.3349 38.8400 -100 12
75.3397 38.8200 -100 12
75.3400 38.8187 -100 12
75.3441 38.8000 -100 12
75.3482 38.7800 -100 12
75.3521 38.7600 -100 12
75.3559 38.7400 -100 12
75.3595 38.7200 -100 12
75.3600 38.7167 -100 12
75.3627 38.7000 -100 12
75.3658 38.6800 -100 12
75.3688 38.6600 -100 12
75.3716 38.6400 -100 12
75.3742 38.6200 -100 12
75.3767 38.6000 -100 12
75.3791 38.5800 -100 12
75.3800 38.5716 -100 12
75.3813 38.5600 -100 12
75.3834 38.5400 -100 12
75.3853 38.5200 -100 12
75.3871 38.5000 -100 12
75.3889 38.4800 -100 12
75.3905 38.4600 -100 12
75.3920 38.4400 -100 12
75.3934 38.4200 -100 12
75.3947 38.4000 -100 12
75.3959 38.3800 -100 12
75.3970 38.3600 -100 12
75.3979 38.3400 -100 12
75.3988 38.3200 -100 12
75.3996 38.3000 -100 12
75.4000 38.2853 -100 12
75.4002 38.2800 -100 12
75.4006 38.2600 -100 12
75.4010 38.2400 -100 12
75.4012 38.2200 -100 12
75.4011 38.2000 -100 12
75.4009 38.1800 -100 12
75.4005 38.1600 -100 12
75.4000 38.1452 -100 12
75.3998 38.1400 -100 12
75.3988 38.1200 -100 12
75.3974 38.1000 -100 12
75.3956 38.0800 -100 12
75.3933 38.0600 -100 12
75.3905 38.0400 -100 12
75.3869 38.0200 -100 12
75.3825 38.0000 -100 12
75.3800 37.9905 -100 12
75.3768 37.9800 -100 12
75.3697 37.9600 -100 12
75.3607 37.9400 -100 12
75.3600 37.9387 -100 12
75.3483 37.9200 -100 12
75.3400 37.9091 -100 12
75.3311 37.9000 -100 12
75.3200 37.8902 -100 12
75.3040 37.8800 -100 12
75.3000 37.8777 -100 12
75.2800 37.8696 -100 12
75.2600 37.8644 -100 12
75.2400 37.8614 -100 12
75.2200 37.8600 -100 12
75.2144 37.8600 -100 12
75.2000 37.8599 -100 12
75.1973 37.8600 -100 12
75.1800 37.8607 -100 12
75.1600 37.8621 -100 12
75.1400 37.8642 -100 12
75.1200 37.8667 -100 12
75.1000 37.8695 -100 12
75.0800 37.8727 -100 12
75.0600 37.8762 -100 12
75.0400 37.8800 -100 12
75.0398 37.8800 -100 12
75.0200 37.8838 -100 12
75.0000 37.8880 -100 12
74.9800 37.8924 -100 12
74.9600 37.8971 -100 12
74.9485 37.9000 -100 12
74.9400 37.9020 -100 12
74.9200 37.9072 -100 12
74.9000 37.9128 -100 12
74.8800 37.9189 -100 12
74.8765 37.9200 -100 12
74.8600 37.9252 -100 12
74.8400 37.9321 -100 12
74.8200 37.9396 -100 12
74.8191 37.9400 -100 12
74.8000 37.9477 -100 12
74.7800 37.9565 -100 12
74.7728 37.9600 -100 12
74.7600 37.9662 -100 12
74.7400 37.9768 -100 12
74.7345 37.9800 -100 12
74.7200 37.9885 -100 12
74.7023 38.0000 -100 12
74.7000 38.0015 -100 12
74.6800 38.0158 -100 12
74.6748 38.0200 -100 12
74.6600 38.0319 -100 12
74.6509 38.0400 -100 12
74.6400 38.0499 -100 12
74.6299 38.0600 -100 12
74.6200 38.0702 -100 12
74.6112 38.0800 -100 12
74.6000 38.0930 -100 12
74.5945 38.1000 -100 12
74.5800 38.1189 -100 12
74.5793 38.1200 -100 12
74.5655 38.1400 -100 12
74.5600 38.1483 -100 12
74.5528 38.1600 -100 12
74.5410 38.1800 -100 12
74.5400 38.1817 -100 12
74.5301 38.2000 -100 12
74.5200 38.2197 -100 12
74.5199 38.2200 -100 12
74.5103 38.2400 -100 12
74.5012 38.2600 -100 12
74.5000 38.2628 -100 12
74.4927 38.2800 -100 12
74.4844 38.3000 -100 12
74.4800 38.3110 -100 12
74.4765 38.3200 -100 12
74.4690 38.3400 -100 12
74.4616 38.3600 -100 12
74.4600 38.3645 -100 12
74.4545 38.3800 -100 12
74.4476 38.4000 -100 12
74.4408 38.4200 -100 12
74.4400 38.4223 -100 12
74.4341 38.4400 -100 12
74.4276 38.4600 -100 12
74.4210 38.4800 -100 12
74.4200 38.4831 -100 12
74.4146 38.5000 -100 12
74.4082 38.5200 -100 12
74.4018 38.5400 -100 12
74.4000 38.5455 -100 12
74.3954 38.5600 -100 12
74.3890 38.5800 -100 12
74.3826 38.6000 -100 12
74.3800 38.6081 -100 12
74.3762 38.6200 -100 12
74.3698 38.6400 -100 12
74.3633 38.6600 -100 12
74.3600 38.6703 -100 12
74.3569 38.6800 -100 12
74.3504 38.7000 -100 12
74.3439 38.7200 -100 12
74.3400 38.7320 -100 12
74.3374 38.7400 -100 12
74.3310 38.7600 -100 12
74.3245 38.7800 -100 12
74.3200 38.7942 -100 12
74.3182 38.8000 -100 12
74.3119 38.8200 -100 12
74.3057 38.8400 -100 12
74.3000 38.8586 -100 12
74.2996 38.8600 -100 12
74.2937 38.8800 -100 12
74.2880 38.9000 -100 12
74.2825 38.9200 -100 12
74.2800 38.9294 -100 12
74.2772 38.9400 -100 12
74.2723 38.9600 -100 12
74.2677 38.9800 -100 12
74.2635 39.0000 -100 12
74.2600 39.0183 -100 12
74.2597 39.0200 -100 12
74.2564 39.0400 -100 12
74.2538 39.0600 -100 12
74.2517 39.0800 -100 12
74.2505 39.1000 -100 12
74.2501 39.1200 -100 12
74.2507 39.1400 -100 12
74.2527 39.1600 -100 12
74.2562 39.1800 -100 12
74.2600 39.1944 -100 12
74.2617 39.2000 -100 12
74.2699 39.2200 -100 12
74.2800 39.2375 -100 12
74.2817 39.2400 -100 12
74.2990 39.2600 -100 12
74.3000 39.2609 -100 12
74.3200 39.2765 -100 12
74.3255 39.2800 -100 12
74.3400 39.2877 -100 12
74.3600 39.2962 -100 12
74.3709 39.3000 -100 12
74.3800 39.3027 -100 12
> Contour Depth = -100
71.2800 37.1533 -100 13
71.2847 37.1600 -100 13
71.2989 37.1800 -100 13
71.3000 37.1815 -100 13
71.3126 37.2000 -100 13
71.3200 37.2107 -100 13
71.3261 37.2200 -100 13
71.3393 37.2400 -100 13
71.3400 37.2410 -100 13
71.3519 37.2600 -100 13
71.3600 37.2728 -100 13
71.3643 37.2800 -100 13
71.3763 37.3000 -100 13
71.3800 37.3062 -100 13
71.3878 37.3200 -100 13
71.3991 37.3400 -100 13
71.4000 37.3415 -100 13
71.4098 37.3600 -100 13
71.4200 37.3792 -100 13
71.4204 37.3800 -100 13
71.4302 37.4000 -100 13
71.4400 37.4199 -100 13
71.4400 37.4200 -100 13
71.4490 37.4400 -100 13
71.4580 37.4600 -100 13
71.4600 37.4647 -100 13
71.4663 37.4800 -100 13
71.4743 37.5000 -100 13
71.4800 37.5148 -100 13
71.4819 37.5200 -100 13
71.4889 37.5400 -100 13
71.4957 37.5600 -100 13
71.5000 37.5733 -100 13
71.5020 37.5800 -100 13
71.5077 37.6000 -100 13
71.5131 37.6200 -100 13
71.5182 37.6400 -100 13
71.5200 37.6480 -100 13
71.5226 37.6600 -100 13
71.5265 37.6800 -100 13
71.5300 37.7000 -100 13
71.5330 37.7200 -100 13
71.5356 37.7400 -100 13
71.5377 37.7600 -100 13
71.5392 37.7800 -100 13
71.5400 37.7940 -100 13
71.5403 37.8000 -100 13
71.5408 37.8200 -100 13
71.5409 37.8400 -100 13
71.5405 37.8600 -100 13
71.5400 37.8723 -100 13
71.5397 37.8800 -100 13
71.5383 37.9000 -100 13
71.5366 37.9200 -100 13
71.5345 37.9400 -100 13
71.5321 37.9600 -100 13
71.5295 37.9800 -100 13
71.5268 38.0000 -100 13
71.5240 38.0200 -100 13
71.5212 38.0400 -100 13
71.5200 38.0489 -100 13
71.5184 38.0600 -100 13
71.5158 38.0800 -100 13
71.5134 38.1000 -100 13
71.5115 38.1200 -100 13
71.5101 38.1400 -100 13
71.5093 38.1600 -100 13
71.5092 38.1800 -100 13
71.5098 38.2000 -100 13
71.5113 38.2200 -100 13
71.5136 38.2400 -100 13
71.5168 38.2600 -100 13
71.5200 38.2749 -100 13
71.5210 38.2800 -100 13
71.5261 38.3000 -100 13
71.5322 38.3200 -100 13
71.5393 38.3400 -100 13
71.5400 38.3417 -100 13
71.5473 38.3600 -100 13
71.5563 38.3800 -100 13
71.5600 38.3873 -100 13
71.5662 38.4000 -100 13
71.5770 38.4200 -100 13
71.5800 38.4250 -100 13
71.5886 38.4400 -100 13
71.6000 38.4584 -100 13
71.6010 38.4600 -100 13
71.6140 38.4800 -100 13
71.6200 38.4886 -100 13
71.6276 38.5000 -100 13
71.6400 38.5174 -100 13
71.6418 38.5200 -100 13
71.6563 38.5400 -100 13
71.6600 38.5448 -100 13
71.6711 38.5600 -100 13
71.6800 38.5716 -100 13
71.6861 38.5800 -100 13
71.7000 38.5983 -100 13
71.7012 38.6000 -100 13
71.7163 38.6200 -100 13
71.7200 38.6248 -100 13
71.7313 38.6400 -100 13
71.7400 38.6516 -100 13
71.7461 38.6600 -100 13
71.7600 38.6791 -100 13
71.7606 38.6800 -100 13
71.7748 38.7000 -100 13
71.7800 38.7073 -100 13
71.7887 38.7200 -100 13
71.8000 38.7367 -100 13
71.8021 38.7400 -100 13
71.8151 38.7600 -100 13
71.8200 38.7676 -100 13
71.8276 38.7800 -100 13
71.8397 38.8000 -100 13
71.8400 38.8004 -100 13
71.8513 38.8200 -100 13
71.8600 38.8353 -100 13
71.8625 38.8400 -100 13
71.8732 38.8600 -100 13
> Contour Depth = -120
74.8400 38.9602 -120 14
74.8600 38.9655 -120 14
74.8800 38.9694 -120 14
74.9000 38.9719 -120 14
74.9200 38.9731 -120 14
74.9400 38.9728 -120 14
74.9600 38.9711 -120 14
74.9800 38.9679 -120 14
75.0000 38.9630 -120 14
75.0087 38.9600 -120 14
75.0200 38.9558 -120 14
75.0400 38.9460 -120 14
75.0498 38.9400 -120 14
75.0600 38.9330 -120 14
75.0755 38.9200 -120 14
75.0800 38.9157 -120 14
75.0936 38.9000 -120 14
75.1000 38.8915 -120 14
75.1073 38.8800 -120 14
75.1181 38.8600 -120 14
75.1200 38.8557 -120 14
75.1260 38.8400 -120 14
75.1321 38.8200 -120 14
75.1368 38.8000 -120 14
75.1400 38.7806 -120 14
75.1401 38.7800 -120 14
75.1418 38.7600 -120 14
75.1425 38.7400 -120 14
75.1421 38.7200 -120 14
75.1407 38.7000 -120 14
75.1400 38.6937 -120 14
75.1382 38.6800 -120 14
75.1347 38.6600 -120 14
75.1302 38.6400 -120 14
75.1249 38.6200 -120 14
75.1200 38.6041 -120 14
75.1186 38.6000 -120 14
75.1107 38.5800 -120 14
75.1020 38.5600 -120 14
75.1000 38.5559 -120 14
75.0914 38.5400 -120 14
75.0800 38.5206 -120 14
75.0796 38.5200 -120 14
75.0652 38.5000 -120 14
75.0600 38.4932 -120 14
75.0483 38.4800 -120 14
75.0400 38.4712 -120 14
75.0275 38.4600 -120 14
75.0200 38.4536 -120 14
75.0007 38.4400 -120 14
75.0000 38.4395 -120 14
74.9800 38.4288 -120 14
74.9600 38.4207 -120 14
74.9576 38.4200 -120 14
74.9400 38.4154 -120 14
74.9200 38.4125 -120 14
74.9000 38.4121 -120 14
74.8800 38.4142 -120 14
74.8600 38.4188 -120 14
74.8566 38.4200 -120 14
74.8400 38.4263 -120 14
74.8200 38.4367 -120 14
74.8150 38.4400 -120 14
74.8000 38.4507 -120 14
74.7892 38.4600 -120 14
74.7800 38.4686 -120 14
74.7696 38.4800 -120 14
74.7600 38.4916 -120 14
74.7538 38.5000 -120 14
74.7406 38.5200 -120 14
74.7400 38.5210 -120 14
74.7298 38.5400 -120 14
74.7202 38.5600 -120 14
74.7200 38.5604 -120 14
74.7124 38.5800 -120 14
74.7056 38.6000 -120 14
74.7000 38.6190 -120 14
74.6997 38.6200 -120 14
74.6952 38.6400 -120 14
74.6915 38.6600 -120 14
74.6887 38.6800 -120 14
74.6868 38.7000 -120 14
74.6859 38.7200 -120 14
74.6860 38.7400 -120 14
74.6872 38.7600 -120 14
74.6896 38.7800 -120 14
74.6933 38.8000 -120 14
74.6984 38.8200 -120 14
74.7000 38.8247 -120 14
74.7056 38.8400 -120 14
74.7149 38.8600 -120 14
74.7200 38.8689 -120 14
74.7271 38.8800 -120 14
74.7400 38.8968 -120 14
74.7428 38.9000 -120 14
74.7600 38.9167 -120 14
74.7639 38.9200 -120 14
74.7800 38.9318 -120 14
74.7932 38.9400 -120 14
74.8000 38.9437 -120 14
74.8200 38.9528 -120 14
74.8393 38.9600 -120 14
74.8400 38.9602 -120 14
> Contour Depth = -120
70.8200 37.7769 -120 15
70.8216 37.7800 -120 15
70.8320 37.8000 -120 15
70.8400 37.8154 -120 15
70.8424 37.8200 -120 15
70.8528 37.8400 -120 15
70.8600 37.8538 -120 15
70.8632 37.8600 -120 15
70.8737 37.8800 -120 15
70.8800 37.8920 -120 15
70.8842 37.9000 -120 15
70.8948 37.9200 -120 15
70.9000 37.9297 -120 15
70.9055 37.9400 -120 15
70.9163 37.9600 -120 15
70.9200 37.9668 -120 15
70.9272 37.9800 -120 15
70.9381 38.0000 -120 15
70.9400 38.0034 -120 15
70.9493 38.0200 -120 15
70.9600 38.0391 -120 15
70.9605 38.0400 -120 15
70.9720 38.0600 -120 15
70.9800 38.0738 -120 15
70.9836 38.0800 -120 15
70.9954 38.1000 -120 15
71.0000 38.1076 -120 15
71.0075 38.1200 -120 15
71.0197 38.1400 -120 15
71.0200 38.1405 -120 15
71.0323 38.1600 -120 15
71.0400 38.1719 -120 15
71.0452 38.1800 -120 15
71.0584 38.2000 -120 15
71.0600 38.2023 -120 15
71.0721 38.2200 -120 15
71.0800 38.2312 -120 15
71.0862 38.2400 -120 15
71.1000 38.2590 -120 15
71.1007 38.2600 -120 15
71.1159 38.2800 -120 15
71.1200 38.2853 -120 15
71.1316 38.3000 -120 15
71.1400 38.3103 -120 15
71.1479 38.3200 -120 15
71.1600 38.3341 -120 15
71.1650 38.3400 -120 15
71.1800 38.3568 -120 15
71.1829 38.3600 -120 15
71.2000 38.3783 -120 15
71.2016 38.3800 -120 15
71.2200 38.3987 -120 15
71.2213 38.4000 -120 15
71.2400 38.4181 -120 15
71.2420 38.4200 -120 15
71.2600 38.4366 -120 15
71.2637 38.4400 -120 15
71.2800 38.4543 -120 15
71.2864 38.4600 -120 15
71.3000 38.4715 -120 15
71.3100 38.4800 -120 15
71.3200 38.4881 -120 15
71.3345 38.5000 -120 15
71.3400 38.5043 -120 15
71.3597 38.5200 -120 15
71.3600 38.5202 -120 15
71.3800 38.5357 -120 15
71.3855 38.5400 -120 15
71.4000 38.5510 -120 15
71.4115 38.5600 -120 15
71.4200 38.5663 -120 15
71.4377 38.5800 -120 15
71.4400 38.5817 -120 15
71.4600 38.5970 -120 15
71.4638 38.6000 -120 15
71.4800 38.6124 -120 15
71.4896 38.6200 -120 15
71.5000 38.6280 -120 15
71.5150 38.6400 -120 15
71.5200 38.6439 -120 15
71.5399 38.6600 -120 15
71.5400 38.6601 -120 15
71.5600 38.6764 -120 15
71.5642 38.6800 -120 15
71.5800 38.6932 -120 15
71.5878 38.7000 -120 15
71.6000 38.7103 -120 15
71.6109 38.7200 -120 15
71.6200 38.7279 -120 15
71.6332 38.7400 -120 15
71.6400 38.7460 -120 15
71.6550 38.7600 -120 15
71.6600 38.7646 -120 15
71.6760 38.7800 -120 15
71.6800 38.7837 -120 15
71.6965 38.8000 -120 15
> Contour Depth = -140
70.8800 38.3562 -140 16
70.8837 38.3600 -140 16
70.9000 38.3761 -140 16
70.9039 38.3800 -140 16
70.9200 38.3955 -140 16
70.9247 38.4000 -140 16
70.9400 38.4143 -140 16
70.9460 38.4200 -140 16
70.9600 38.4327 -140 16
70.9680 38.4400 -140 16
70.9800 38.4506 -140 16
70.9907 38.4600 -140 16
71.0000 38.4679 -140 16
71.0143 38.4800 -140 16
71.0200 38.4847 -140 16
71.0388 38.5000 -140 16
71.0400 38.5010 -140 16
71.0600 38.5167 -140 16
71.0642 38.5200 -140 16
71.0800 38.5319 -140 16
71.0908 38.5400 -140 16
71.1000 38.5466 -140 16
71.1187 38.5600 -140 16
71.1200 38.5609 -140 16
71.1400 38.5747 -140 16
71.1477 38.5800 -140 16
71.1600 38.5881 -140 16
71.1781 38.6000 -140 16
71.1800 38.6012 -140 16
71.2000 38.6139 -140 16
71.2096 38.6200 -140 16
71.2200 38.6264 -140 16
71.2400 38.6386 -140 16
71.2422 38.6400 -140 16
71.2600 38.6507 -140 16
71.2756 38.6600 -140 16
