> Contour Depth = 220
124.2500 11.3426 220 1
124.3000 11.3085 220 1
124.3117 11.3000 220 1
124.3500 11.2739 220 1
124.3825 11.2500 220 1
124.4000 11.2376 220 1
124.4485 11.2000 220 1
> Contour Depth = 220
124.5000 11.1575 220 2
124.5084 11.1500 220 2
124.5500 11.1122 220 2
124.5625 11.1000 220 2
124.6000 11.0623 220 2
124.6115 11.0500 220 2
124.6500 11.0069 220 2
124.6558 11.0000 220 2
> Contour Depth = 220
124.7000 10.9451 220 3
124.7334 10.9000 220 3
124.7500 10.8761 220 3
124.7678 10.8500 220 3
> Contour Depth = 220
124.8000 10.7996 220 4
124.8303 10.7500 220 4
124.8500 10.7159 220 4
124.8592 10.7000 220 4
> Contour Depth = 220
125.3500 9.0835 220 5
125.3716 9.0500 220 5
125.4000 9.0080 220 5
125.4056 9.0000 220 5
> Contour Depth = 220
125.4500 8.9382 220 6
125.4779 8.9000 220 6
125.5000 8.8690 220 6
125.5136 8.8500 220 6
> Contour Depth = 200
124.2500 11.4566 200 7
124.2572 11.4500 200 7
124.3000 11.4150 200 7
124.3177 11.4000 200 7
124.3500 11.3750 200 7
124.3805 11.3500 200 7
124.4000 11.3351 200 7
124.4429 11.3000 200 7
124.4500 11.2944 200 7
124.5000 11.2523 200 7
124.5025 11.2500 200 7
124.5500 11.2079 200 7
124.5584 11.2000 200 7
124.6000 11.1603 200 7
124.6101 11.1500 200 7
124.6500 11.1086 200 7
124.6578 11.1000 200 7
124.7000 11.0521 200 7
124.7017 11.0500 200 7
124.7423 11.0000 200 7
124.7500 10.9900 200 7
124.7799 10.9500 200 7
124.8000 10.9214 200 7
124.8148 10.9000 200 7
124.8473 10.8500 200 7
124.8500 10.8456 200 7
124.8782 10.8000 200 7
124.9000 10.7625 200 7
124.9073 10.7500 200 7
124.9353 10.7000 200 7
124.9500 10.6724 200 7
124.9620 10.6500 200 7
124.9877 10.6000 200 7
125.0000 10.5752 200 7
125.0125 10.5500 200 7
125.0363 10.5000 200 7
125.0500 10.4701 200 7
125.0592 10.4500 200 7
125.0812 10.4000 200 7
125.1000 10.3545 200 7
125.1019 10.3500 200 7
125.1220 10.3000 200 7
125.1405 10.2500 200 7
125.1500 10.2225 200 7
125.1580 10.2000 200 7
125.1743 10.1500 200 7
125.1889 10.1000 200 7
125.2000 10.0568 200 7
125.2018 10.0500 200 7
125.2137 10.0000 200 7
125.2237 9.9500 200 7
125.2320 9.9000 200 7
125.2388 9.8500 200 7
125.2442 9.8000 200 7
125.2487 9.7500 200 7
125.2500 9.7332 200 7
125.2528 9.7000 200 7
125.2568 9.6500 200 7
125.2611 9.6000 200 7
125.2663 9.5500 200 7
125.2729 9.5000 200 7
125.2814 9.4500 200 7
125.2920 9.4000 200 7
125.3000 9.3697 200 7
125.3056 9.3500 200 7
125.3227 9.3000 200 7
125.3427 9.2500 200 7
125.3500 9.2341 200 7
125.3666 9.2000 200 7
125.3937 9.1500 200 7
125.4000 9.1394 200 7
125.4244 9.1000 200 7
125.4500 9.0610 200 7
125.4574 9.0500 200 7
125.4926 9.0000 200 7
125.5000 8.9896 200 7
125.5288 8.9500 200 7
125.5500 8.9203 200 7
125.5646 8.9000 200 7
125.5991 8.8500 200 7
125.6000 8.8487 200 7
125.6321 8.8000 200 7
125.6500 8.7704 200 7
125.6623 8.7500 200 7
125.6897 8.7000 200 7
125.7000 8.6790 200 7
125.7143 8.6500 200 7
125.7360 8.6000 200 7
125.7500 8.5632 200 7
125.7551 8.5500 200 7
125.7723 8.5000 200 7
> Contour Depth = 180
124.3000 11.5527 180 8
124.3023 11.5500 180 8
124.3500 11.5007 180 8
124.3506 11.5000 180 8
124.4000 11.4528 180 8
124.4029 11.4500 180 8
124.4500 11.4070 180 8
124.4573 11.4000 180 8
124.5000 11.3616 180 8
124.5122 11.3500 180 8
124.5500 11.3154 180 8
124.5660 11.3000 180 8
124.6000 11.2677 180 8
124.6176 11.2500 180 8
124.6500 11.2175 180 8
124.6666 11.2000 180 8
124.7000 11.1642 180 8
124.7127 11.1500 180 8
124.7500 11.1069 180 8
124.7557 11.1000 180 8
124.7960 11.0500 180 8
124.8000 11.0447 180 8
124.8337 11.0000 180 8
124.8500 10.9769 180 8
124.8688 10.9500 180 8
124.9000 10.9024 180 8
124.9015 10.9000 180 8
124.9328 10.8500 180 8
124.9500 10.8206 180 8
124.9621 10.8000 180 8
124.9899 10.7500 180 8
125.0000 10.7310 180 8
125.0166 10.7000 180 8
125.0419 10.6500 180 8
125.0500 10.6334 180 8
125.0664 10.6000 180 8
125.0897 10.5500 180 8
125.1000 10.5271 180 8
125.1123 10.5000 180 8
125.1339 10.4500 180 8
125.1500 10.4107 180 8
125.1545 10.4000 180 8
125.1746 10.3500 180 8
125.1934 10.3000 180 8
125.2000 10.2815 180 8
125.2117 10.2500 180 8
125.2289 10.2000 180 8
125.2446 10.1500 180 8
125.2500 10.1312 180 8
125.2595 10.1000 180 8
125.2731 10.0500 180 8
125.2850 10.0000 180 8
125.2952 9.9500 180 8
125.3000 9.9221 180 8
125.3042 9.9000 180 8
125.3120 9.8500 180 8
125.3186 9.8000 180 8
125.3241 9.7500 180 8
125.3291 9.7000 180 8
125.3340 9.6500 180 8
125.3393 9.6000 180 8
125.3455 9.5500 180 8
125.3500 9.5198 180 8
125.3533 9.5000 180 8
125.3635 9.4500 180 8
125.3761 9.4000 180 8
125.3913 9.3500 180 8
125.4000 9.3258 180 8
125.4100 9.3000 180 8
125.4324 9.2500 180 8
125.4500 9.2149 180 8
125.4579 9.2000 180 8
125.4871 9.1500 180 8
125.5000 9.1293 180 8
125.5190 9.1000 180 8
125.5500 9.0539 180 8
125.5527 9.0500 180 8
125.5880 9.0000 180 8
125.6000 8.9831 180 8
125.6234 8.9500 180 8
125.6500 8.9114 180 8
125.6578 8.9000 180 8
125.6908 8.8500 180 8
125.7000 8.8352 180 8
125.7217 8.8000 180 8
125.7499 8.7500 180 8
125.7500 8.7497 180 8
125.7759 8.7000 180 8
125.7988 8.6500 180 8
125.8000 8.6470 180 8
125.8196 8.6000 180 8
125.8380 8.5500 180 8
125.8500 8.5130 180 8
125.8543 8.5000 180 8
125.8694 8.4500 180 8
125.8832 8.4000 180 8
125.8961 8.3500 180 8
125.9000 8.3344 180 8
125.9089 8.3000 180 8
125.9219 8.2500 180 8
125.9352 8.2000 180 8
125.9489 8.1500 180 8
125.9500 8.1461 180 8
125.9637 8.1000 180 8
125.9791 8.0500 180 8
125.9950 8.0000 180 8
126.0000 7.9847 180 8
126.0117 7.9500 180 8
126.0289 7.9000 180 8
126.0462 7.8500 180 8
126.0500 7.8392 180 8
126.0642 7.8000 180 8
126.0825 7.7500 180 8
126.1000 7.7024 180 8
126.1009 7.7000 180 8
126.1202 7.6500 180 8
126.1396 7.6000 180 8
126.1500 7.5733 180 8
126.1594 7.5500 180 8
126.1795 7.5000 180 8
> Contour Depth = 180
126.2500 7.3210 180 9
126.2579 7.3000 180 9
126.2759 7.2500 180 9
> Contour Depth = 160
124.3500 11.6792 160 10
124.3708 11.6500 160 10
124.4000 11.6124 160 10
124.4097 11.6000 160 10
124.4500 11.5527 160 10
124.4523 11.5500 160 10
124.4980 11.5000 160 10
124.5000 11.4979 160 10
124.5456 11.4500 160 10
124.5500 11.4456 160 10
124.5941 11.4000 160 10
124.6000 11.3942 160 10
124.6425 11.3500 160 10
124.6500 11.3424 160 10
124.6899 11.3000 160 10
124.7000 11.2894 160 10
124.7358 11.2500 160 10
124.7500 11.2342 160 10
124.7797 11.2000 160 10
124.8000 11.1761 160 10
124.8214 11.1500 160 10
124.8500 11.1139 160 10
124.8608 11.1000 160 10
124.8977 11.0500 160 10
124.9000 11.0468 160 10
124.9329 11.0000 160 10
124.9500 10.9740 160 10
124.9657 10.9500 160 10
124.9964 10.9000 160 10
125.0000 10.8939 160 10
125.0259 10.8500 160 10
125.0500 10.8060 160 10
125.0533 10.8000 160 10
125.0798 10.7500 160 10
125.1000 10.7093 160 10
125.1046 10.7000 160 10
125.1288 10.6500 160 10
125.1500 10.6030 160 10
125.1514 10.6000 160 10
125.1737 10.5500 160 10
125.1947 10.5000 160 10
125.2000 10.4870 160 10
125.2154 10.4500 160 10
125.2353 10.4000 160 10
125.2500 10.3608 160 10
125.2542 10.3500 160 10
125.2732 10.3000 160 10
125.2909 10.2500 160 10
125.3000 10.2227 160 10
125.3080 10.2000 160 10
125.3245 10.1500 160 10
125.3395 10.1000 160 10
125.3500 10.0612 160 10
125.3533 10.0500 160 10
125.3663 10.0000 160 10
125.3777 9.9500 160 10
125.3875 9.9000 160 10
125.3959 9.8500 160 10
125.4000 9.8218 160 10
125.4035 9.8000 160 10
125.4105 9.7500 160 10
125.4170 9.7000 160 10
125.4235 9.6500 160 10
125.4304 9.6000 160 10
125.4383 9.5500 160 10
125.4477 9.5000 160 10
125.4500 9.4897 160 10
125.4598 9.4500 160 10
125.4745 9.4000 160 10
125.4918 9.3500 160 10
125.5000 9.3296 160 10
125.5127 9.3000 160 10
125.5370 9.2500 160 10
125.5500 9.2256 160 10
125.5643 9.2000 160 10
125.5943 9.1500 160 10
125.6000 9.1410 160 10
125.6267 9.1000 160 10
125.6500 9.0649 160 10
125.6600 9.0500 160 10
125.6937 9.0000 160 10
125.7000 8.9906 160 10
125.7272 8.9500 160 10
125.7500 8.9145 160 10
125.7592 8.9000 160 10
125.7897 8.8500 160 10
125.8000 8.8320 160 10
125.8182 8.8000 160 10
125.8443 8.7500 160 10
125.8500 8.7381 160 10
125.8683 8.7000 160 10
125.8899 8.6500 160 10
125.9000 8.6240 160 10
125.9094 8.6000 160 10
125.9272 8.5500 160 10
125.9430 8.5000 160 10
125.9500 8.4757 160 10
125.9576 8.4500 160 10
125.9713 8.4000 160 10
125.9842 8.3500 160 10
125.9967 8.3000 160 10
126.0000 8.2868 160 10
126.0095 8.2500 160 10
126.0226 8.2000 160 10
126.0361 8.1500 160 10
126.0500 8.1001 160 10
126.0500 8.1000 160 10
126.0651 8.0500 160 10
126.0807 8.0000 160 10
126.0966 7.9500 160 10
126.1000 7.9398 160 10
126.1135 7.9000 160 10
126.1307 7.8500 160 10
126.1481 7.8000 160 10
126.1500 7.7945 160 10
126.1663 7.7500 160 10
126.1847 7.7000 160 10
126.2000 7.6584 160 10
126.2032 7.6500 160 10
126.2225 7.6000 160 10
126.2416 7.5500 160 10
126.2500 7.5281 160 10
126.2610 7.5000 160 10
126.2803 7.4500 160 10
126.2990 7.4000 160 10
126.3000 7.3973 160 10
126.3176 7.3500 160 10
126.3352 7.3000 160 10
126.3500 7.2546 160 10
126.3515 7.2500 160 10
126.3672 7.2000 160 10
126.3814 7.1500 160 10
126.3941 7.1000 160 10
126.4000 7.0740 160 10
126.4056 7.0500 160 10
126.4158 7.0000 160 10
126.4245 6.9500 160 10
126.4317 6.9000 160 10
126.4375 6.8500 160 10
126.4417 6.8000 160 10
126.4445 6.7500 160 10
126.4458 6.7000 160 10
126.4455 6.6500 160 10
126.4438 6.6000 160 10
126.4406 6.5500 160 10
126.4360 6.5000 160 10
126.4301 6.4500 160 10
126.4230 6.4000 160 10
126.4149 6.3500 160 10
126.4061 6.3000 160 10
126.4000 6.2663 160 10
126.3971 6.2500 160 10
126.3886 6.2000 160 10
126.3807 6.1500 160 10
126.3740 6.1000 160 10
126.3690 6.0500 160 10
126.3661 6.0000 160 10
126.3657 5.9500 160 10
126.3677 5.9000 160 10
126.3722 5.8500 160 10
126.3788 5.8000 160 10
126.3872 5.7500 160 10
126.3973 5.7000 160 10
126.4000 5.6881 160 10
126.4093 5.6500 160 10
126.4228 5.6000 160 10
> Contour Depth = 140
123.3500 13.5044 140 11
123.3521 13.5000 140 11
123.3760 13.4500 140 11
123.4000 13.4012 140 11
123.4006 13.4000 140 11
123.4263 13.3500 140 11
123.4500 13.3053 140 11
123.4528 13.3000 140 11
123.4807 13.2500 140 11
123.5000 13.2167 140 11
123.5097 13.2000 140 11
123.5400 13.1500 140 11
123.5500 13.1342 140 11
123.5717 13.1000 140 11
123.6000 13.0567 140 11
123.6044 13.0500 140 11
123.6386 13.0000 140 11
123.6500 12.9839 140 11
123.6742 12.9500 140 11
123.7000 12.9148 140 11
123.7110 12.9000 140 11
123.7491 12.8500 140 11
123.7500 12.8488 140 11
123.7887 12.8000 140 11
123.8000 12.7860 140 11
123.8294 12.7500 140 11
123.8500 12.7249 140 11
123.8706 12.7000 140 11
123.9000 12.6644 140 11
123.9119 12.6500 140 11
123.9500 12.6031 140 11
123.9525 12.6000 140 11
123.9923 12.5500 140 11
124.0000 12.5399 140 11
124.0304 12.5000 140 11
124.0500 12.4730 140 11
124.0666 12.4500 140 11
124.1000 12.4011 140 11
124.1007 12.4000 140 11
124.1334 12.3500 140 11
124.1500 12.3228 140 11
124.1642 12.3000 140 11
124.1933 12.2500 140 11
124.2000 12.2378 140 11
124.2214 12.2000 140 11
124.2480 12.1500 140 11
124.2500 12.1461 140 11
124.2743 12.1000 140 11
124.2995 12.0500 140 11
124.3000 12.0490 140 11
124.3252 12.0000 140 11
124.3500 11.9506 140 11
124.3503 11.9500 140 11
124.3767 11.9000 140 11
124.4000 11.8565 140 11
124.4036 11.8500 140 11
124.4325 11.8000 140 11
124.4500 11.7712 140 11
124.4632 11.7500 140 11
124.4962 11.7000 140 11
124.5000 11.6947 140 11
124.5321 11.6500 140 11
124.5500 11.6265 140 11
124.5702 11.6000 140 11
124.6000 11.5631 140 11
124.6104 11.5500 140 11
124.6500 11.5026 140 11
124.6522 11.5000 140 11
124.6951 11.4500 140 11
124.7000 11.4444 140 11
124.7383 11.4000 140 11
124.7500 11.3867 140 11
124.7813 11.3500 140 11
124.8000 11.3282 140 11
124.8235 11.3000 140 11
124.8500 11.2679 140 11
124.8644 11.2500 140 11
124.9000 11.2048 140 11
124.9037 11.2000 140 11
124.9414 11.1500 140 11
124.9500 11.1382 140 11
124.9773 11.1000 140 11
125.0000 11.0666 140 11
125.0111 11.0500 140 11
125.0430 11.0000 140 11
125.0500 10.9885 140 11
125.0734 10.9500 140 11
125.1000 10.9029 140 11
125.1016 10.9000 140 11
125.1289 10.8500 140 11
125.1500 10.8085 140 11
125.1544 10.8000 140 11
125.1791 10.7500 140 11
125.2000 10.7045 140 11
125.2021 10.7000 140 11
125.2248 10.6500 140 11
125.2461 10.6000 140 11
125.2500 10.5905 140 11
125.2672 10.5500 140 11
125.2874 10.5000 140 11
125.3000 10.4676 140 11
125.3071 10.4500 140 11
125.3268 10.4000 140 11
125.3455 10.3500 140 11
125.3500 10.3377 140 11
125.3645 10.3000 140 11
125.3829 10.2500 140 11
125.4000 10.2002 140 11
125.4001 10.2000 140 11
125.4176 10.1500 140 11
125.4337 10.1000 140 11
125.4483 10.0500 140 11
125.4500 10.0435 140 11
125.4625 10.0000 140 11
125.4752 9.9500 140 11
125.4863 9.9000 140 11
125.4962 9.8500 140 11
125.5000 9.8280 140 11
125.5054 9.8000 140 11
125.5141 9.7500 140 11
125.5225 9.7000 140 11
125.5309 9.6500 140 11
125.5398 9.6000 140 11
125.5498 9.5500 140 11
125.5500 9.5492 140 11
125.5623 9.5000 140 11
125.5768 9.4500 140 11
125.5934 9.4000 140 11
125.6000 9.3829 140 11
125.6134 9.3500 140 11
125.6361 9.3000 140 11
125.6500 9.2721 140 11
125.6614 9.2500 140 11
125.6891 9.2000 140 11
125.7000 9.1816 140 11
125.7187 9.1500 140 11
125.7491 9.1000 140 11
125.7500 9.0985 140 11
125.7803 9.0500 140 11
125.8000 9.0181 140 11
125.8110 9.0000 140 11
125.8410 8.9500 140 11
125.8500 8.9347 140 11
125.8699 8.9000 140 11
125.8971 8.8500 140 11
125.9000 8.8444 140 11
125.9229 8.8000 140 11
125.9466 8.7500 140 11
125.9500 8.7422 140 11
125.9687 8.7000 140 11
125.9888 8.6500 140 11
126.0000 8.6193 140 11
126.0072 8.6000 140 11
126.0242 8.5500 140 11
126.0396 8.5000 140 11
126.0500 8.4631 140 11
126.0538 8.4500 140 11
126.0674 8.4000 140 11
126.0803 8.3500 140 11
126.0926 8.3000 140 11
126.1000 8.2700 140 11
126.1051 8.2500 140 11
126.1180 8.2000 140 11
126.1312 8.1500 140 11
126.1448 8.1000 140 11
126.1500 8.0817 140 11
126.1593 8.0500 140 11
126.1746 8.0000 140 11
126.1902 7.9500 140 11
126.2000 7.9195 140 11
126.2065 7.9000 140 11
126.2235 7.8500 140 11
126.2406 7.8000 140 11
126.2500 7.7730 140 11
126.2583 7.7500 140 11
126.2764 7.7000 140 11
126.2943 7.6500 140 11
126.3000 7.6344 140 11
126.3128 7.6000 140 11
126.3313 7.5500 140 11
126.3493 7.5000 140 11
126.3500 7.4981 140 11
126.3676 7.4500 140 11
126.3852 7.4000 140 11
126.4000 7.3556 140 11
126.4019 7.3500 140 11
126.4183 7.3000 140 11
126.4334 7.2500 140 11
126.4472 7.2000 140 11
126.4500 7.1892 140 11
126.4603 7.1500 140 11
126.4721 7.1000 140 11
126.4826 7.0500 140 11
126.4917 7.0000 140 11
126.4996 6.9500 140 11
126.5000 6.9469 140 11
126.5065 6.9000 140 11
126.5121 6.8500 140 11
126.5164 6.8000 140 11
126.5193 6.7500 140 11
126.5209 6.7000 140 11
126.5211 6.6500 140 11
126.5200 6.6000 140 11
126.5176 6.5500 140 11
126.5140 6.5000 140 11
126.5093 6.4500 140 11
126.5037 6.4000 140 11
126.5000 6.3707 140 11
126.4975 6.3500 140 11
126.4910 6.3000 140 11
126.4844 6.2500 140 11
126.4781 6.2000 140 11
126.4724 6.1500 140 11
126.4680 6.1000 140 11
126.4651 6.0500 140 11
126.4640 6.0000 140 11
126.4651 5.9500 140 11
126.4682 5.9000 140 11
126.4734 5.8500 140 11
126.4805 5.8000 140 11
126.4891 5.7500 140 11
126.4992 5.7000 140 11
126.5000 5.6967 140 11
126.5112 5.6500 140 11
126.5244 5.6000 140 11
126.5388 5.5500 140 11
126.5500 5.5134 140 11
126.5542 5.5000 140 11
126.5710 5.4500 140 11
126.5883 5.4000 140 11
126.6000 5.3665 140 11
126.6059 5.3500 140 11
> Contour Depth = 140
128.0707 1.6500 140 12
128.0733 1.6000 140 12
128.0766 1.5500 140 12
128.0808 1.5000 140 12
128.0862 1.4500 140 12
128.0931 1.4000 140 12
128.1000 1.3580 140 12
128.1014 1.3500 140 12
128.1119 1.3000 140 12
> Contour Depth = 120
123.3729 13.8000 120 13
123.3975 13.7500 120 13
123.4000 13.7448 120 13
123.4218 13.7000 120 13
123.4453 13.6500 120 13
123.4500 13.6397 120 13
123.4688 13.6000 120 13
123.4921 13.5500 120 13
123.5000 13.5332 120 13
123.5159 13.5000 120 13
123.5401 13.4500 120 13
123.5500 13.4301 120 13
123.5652 13.4000 120 13
123.5911 13.3500 120 13
123.6000 13.3333 120 13
123.6182 13.3000 120 13
123.6462 13.2500 120 13
123.6500 13.2434 120 13
123.6757 13.2000 120 13
123.7000 13.1600 120 13
123.7062 13.1500 120 13
123.7382 13.1000 120 13
123.7500 13.0821 120 13
123.7716 13.0500 120 13
123.8000 13.0089 120 13
123.8063 13.0000 120 13
123.8427 12.9500 120 13
123.8500 12.9403 120 13
123.8809 12.9000 120 13
123.9000 12.8756 120 13
123.9204 12.8500 120 13
123.9500 12.8133 120 13
123.9609 12.8000 120 13
124.0000 12.7523 120 13
124.0019 12.7500 120 13
124.0432 12.7000 120 13
124.0500 12.6917 120 13
124.0839 12.6500 120 13
124.1000 12.6296 120 13
124.1233 12.6000 120 13
124.1500 12.5647 120 13
124.1611 12.5500 120 13
124.1972 12.5000 120 13
124.2000 12.4960 120 13
124.2322 12.4500 120 13
124.2500 12.4231 120 13
124.2655 12.4000 120 13
124.2973 12.3500 120 13
124.3000 12.3456 120 13
124.3286 12.3000 120 13
124.3500 12.2638 120 13
124.3585 12.2500 120 13
124.3879 12.2000 120 13
124.4000 12.1785 120 13
124.4167 12.1500 120 13
124.4448 12.1000 120 13
124.4500 12.0905 120 13
124.4731 12.0500 120 13
124.5000 12.0013 120 13
124.5007 12.0000 120 13
124.5293 11.9500 120 13
124.5500 11.9133 120 13
124.5578 11.9000 120 13
124.5873 11.8500 120 13
124.6000 11.8288 120 13
124.6177 11.8000 120 13
124.6491 11.7500 120 13
124.6500 11.7486 120 13
124.6822 11.7000 120 13
124.7000 11.6740 120 13
124.7164 11.6500 120 13
124.7500 11.6023 120 13
124.7516 11.6000 120 13
124.7882 11.5500 120 13
124.8000 11.5344 120 13
124.8255 11.5000 120 13
124.8500 11.4676 120 13
124.8630 11.4500 120 13
124.9000 11.4007 120 13
124.9005 11.4000 120 13
124.9380 11.3500 120 13
124.9500 11.3340 120 13
124.9748 11.3000 120 13
125.0000 11.2648 120 13
125.0103 11.2500 120 13
125.0447 11.2000 120 13
125.0500 11.1921 120 13
125.0778 11.1500 120 13
125.1000 11.1149 120 13
125.1092 11.1000 120 13
125.1392 11.0500 120 13
125.1500 11.0312 120 13
125.1677 11.0000 120 13
125.1946 10.9500 120 13
125.2000 10.9397 120 13
125.2206 10.9000 120 13
125.2450 10.8500 120 13
125.2500 10.8393 120 13
125.2687 10.8000 120 13
125.2912 10.7500 120 13
125.3000 10.7295 120 13
125.3130 10.7000 120 13
125.3342 10.6500 120 13
125.3500 10.6109 120 13
125.3546 10.6000 120 13
125.3751 10.5500 120 13
125.3948 10.5000 120 13
125.4000 10.4866 120 13
125.4149 10.4500 120 13
125.4347 10.4000 120 13
125.4500 10.3600 120 13
125.4541 10.3500 120 13
125.4740 10.3000 120 13
125.4931 10.2500 120 13
125.5000 10.2311 120 13
125.5121 10.2000 120 13
125.5306 10.1500 120 13
125.5477 10.1000 120 13
125.5500 10.0926 120 13
125.5644 10.0500 120 13
125.5798 10.0000 120 13
125.5937 9.9500 120 13
125.6000 9.9250 120 13
125.6067 9.9000 120 13
125.6190 9.8500 120 13
125.6302 9.8000 120 13
125.6409 9.7500 120 13
125.6500 9.7063 120 13
125.6514 9.7000 120 13
125.6628 9.6500 120 13
125.6749 9.6000 120 13
125.6880 9.5500 120 13
125.7000 9.5087 120 13
125.7027 9.5000 120 13
125.7197 9.4500 120 13
125.7386 9.4000 120 13
125.7500 9.3724 120 13
125.7595 9.3500 120 13
125.7825 9.3000 120 13
125.8000 9.2641 120 13
125.8069 9.2500 120 13
125.8327 9.2000 120 13
125.8500 9.1675 120 13
125.8592 9.1500 120 13
125.8861 9.1000 120 13
125.9000 9.0744 120 13
125.9130 9.0500 120 13
125.9395 9.0000 120 13
125.9500 8.9800 120 13
125.9654 8.9500 120 13
125.9903 8.9000 120 13
126.0000 8.8799 120 13
126.0143 8.8500 120 13
126.0369 8.8000 120 13
126.0500 8.7693 120 13
126.0582 8.7500 120 13
126.0783 8.7000 120 13
126.0968 8.6500 120 13
126.1000 8.6408 120 13
126.1144 8.6000 120 13
126.1306 8.5500 120 13
126.1455 8.5000 120 13
126.1500 8.4840 120 13
126.1598 8.4500 120 13
126.1733 8.4000 120 13
126.1860 8.3500 120 13
126.1984 8.3000 120 13
126.2000 8.2933 120 13
126.2110 8.2500 120 13
126.2238 8.2000 120 13
126.2367 8.1500 120 13
126.2500 8.1002 120 13
126.2500 8.1000 120 13
126.2645 8.0500 120 13
126.2794 8.0000 120 13
126.2946 7.9500 120 13
126.3000 7.9328 120 13
126.3106 7.9000 120 13
126.3271 7.8500 120 13
126.3437 7.8000 120 13
126.3500 7.7812 120 13
126.3608 7.7500 120 13
126.3780 7.7000 120 13
126.3951 7.6500 120 13
126.4000 7.6357 120 13
126.4125 7.6000 120 13
126.4297 7.5500 120 13
126.4463 7.5000 120 13
126.4500 7.4888 120 13
126.4629 7.4500 120 13
126.4789 7.4000 120 13
126.4940 7.3500 120 13
126.5000 7.3290 120 13
126.5084 7.3000 120 13
126.5221 7.2500 120 13
126.5346 7.2000 120 13
126.5459 7.1500 120 13
126.5500 7.1304 120 13
126.5565 7.1000 120 13
126.5661 7.0500 120 13
126.5745 7.0000 120 13
126.5818 6.9500 120 13
126.5880 6.9000 120 13
126.5932 6.8500 120 13
126.5972 6.8000 120 13
126.6000 6.7509 120 13
126.6001 6.7500 120 13
126.6019 6.7000 120 13
126.6027 6.6500 120 13
126.6023 6.6000 120 13
126.6009 6.5500 120 13
126.6000 6.5313 120 13
126.5986 6.5000 120 13
126.5955 6.4500 120 13
126.5918 6.4000 120 13
126.5877 6.3500 120 13
126.5835 6.3000 120 13
126.5794 6.2500 120 13
126.5757 6.2000 120 13
126.5729 6.1500 120 13
126.5712 6.1000 120 13
126.5709 6.0500 120 13
126.5722 6.0000 120 13
126.5752 5.9500 120 13
126.5799 5.9000 120 13
126.5862 5.8500 120 13
126.5940 5.8000 120 13
126.6000 5.7668 120 13
126.6031 5.7500 120 13
126.6137 5.7000 120 13
126.6254 5.6500 120 13
126.6380 5.6000 120 13
126.6500 5.5559 120 13
126.6516 5.5500 120 13
126.6663 5.5000 120 13
126.6816 5.4500 120 13
126.6972 5.4000 120 13
126.7000 5.3912 120 13
126.7133 5.3500 120 13
126.7293 5.3000 120 13
126.7448 5.2500 120 13
> Contour Depth = 120
128.1500 2.0891 120 14
128.1611 2.0500 120 14
128.1731 2.0000 120 14
128.1832 1.9500 120 14
128.1918 1.9000 120 14
128.1990 1.8500 120 14
128.2000 1.8419 120 14
128.2055 1.8000 120 14
128.2112 1.7500 120 14
128.2164 1.7000 120 14
128.2213 1.6500 120 14
128.2263 1.6000 120 14
128.2315 1.5500 120 14
128.2373 1.5000 120 14
128.2438 1.4500 120 14
128.2500 1.4083 120 14
128.2513 1.4000 120 14
128.2601 1.3500 120 14
128.2700 1.3000 120 14
> Contour Depth = 100
123.5000 13.9048 100 15
123.5028 13.9000 100 15
123.5306 13.8500 100 15
123.5500 13.8128 100 15
123.5569 13.8000 100 15
123.5827 13.7500 100 15
123.6000 13.7148 100 15
123.6076 13.7000 100 15
123.6322 13.6500 100 15
123.6500 13.6128 100 15
123.6564 13.6000 100 15
123.6810 13.5500 100 15
123.7000 13.5108 100 15
123.7055 13.5000 100 15
123.7310 13.4500 100 15
123.7500 13.4129 100 15
123.7569 13.4000 100 15
123.7841 13.3500 100 15
123.8000 13.3212 100 15
123.8121 13.3000 100 15
123.8415 13.2500 100 15
123.8500 13.2359 100 15
123.8725 13.2000 100 15
123.9000 13.1568 100 15
123.9045 13.1500 100 15
123.9386 13.1000 100 15
123.9500 13.0837 100 15
123.9744 13.0500 100 15
124.0000 13.0153 100 15
124.0116 13.0000 100 15
124.0500 12.9504 100 15
124.0503 12.9500 100 15
124.0907 12.9000 100 15
124.1000 12.8886 100 15
124.1317 12.8500 100 15
124.1500 12.8276 100 15
124.1726 12.8000 100 15
124.2000 12.7661 100 15
124.2130 12.7500 100 15
124.2500 12.7031 100 15
124.2524 12.7000 100 15
124.2909 12.6500 100 15
124.3000 12.6378 100 15
124.3282 12.6000 100 15
124.3500 12.5696 100 15
124.3641 12.5500 100 15
124.3989 12.5000 100 15
124.4000 12.4983 100 15
124.4332 12.4500 100 15
124.4500 12.4246 100 15
124.4666 12.4000 100 15
124.4993 12.3500 100 15
124.5000 12.3488 100 15
124.5320 12.3000 100 15
124.5500 12.2717 100 15
124.5641 12.2500 100 15
124.5959 12.2000 100 15
124.6000 12.1933 100 15
124.6277 12.1500 100 15
124.6500 12.1141 100 15
124.6590 12.1000 100 15
124.6902 12.0500 100 15
124.7000 12.0339 100 15
124.7212 12.0000 100 15
124.7500 11.9529 100 15
124.7518 11.9500 100 15
124.7825 11.9000 100 15
124.8000 11.8710 100 15
124.8128 11.8500 100 15
124.8429 11.8000 100 15
124.8500 11.7883 100 15
124.8731 11.7500 100 15
124.9000 11.7054 100 15
124.9032 11.7000 100 15
124.9336 11.6500 100 15
124.9500 11.6232 100 15
124.9640 11.6000 100 15
124.9946 11.5500 100 15
125.0000 11.5415 100 15
125.0256 11.5000 100 15
125.0500 11.4606 100 15
125.0564 11.4500 100 15
125.0873 11.4000 100 15
125.1000 11.3795 100 15
125.1179 11.3500 100 15
125.1478 11.3000 100 15
125.1500 11.2963 100 15
125.1773 11.2500 100 15
125.2000 11.2102 100 15
125.2057 11.2000 100 15
125.2335 11.1500 100 15
125.2500 11.1190 100 15
125.2600 11.1000 100 15
125.2858 11.0500 100 15
125.3000 11.0211 100 15
125.3104 11.0000 100 15
125.3343 10.9500 100 15
125.3500 10.9156 100 15
125.3572 10.9000 100 15
125.3796 10.8500 100 15
125.4000 10.8022 100 15
125.4009 10.8000 100 15
125.4224 10.7500 100 15
125.4430 10.7000 100 15
125.4500 10.6826 100 15
125.4636 10.6500 100 15
125.4840 10.6000 100 15
125.5000 10.5600 100 15
125.5042 10.5500 100 15
125.5250 10.5000 100 15
125.5454 10.4500 100 15
125.5500 10.4385 100 15
125.5664 10.4000 100 15
125.5873 10.3500 100 15
125.6000 10.3188 100 15
125.6080 10.3000 100 15
125.6289 10.2500 100 15
125.6488 10.2000 100 15
125.6500 10.1970 100 15
125.6687 10.1500 100 15
125.6875 10.1000 100 15
125.7000 10.0643 100 15
125.7052 10.0500 100 15
125.7223 10.0000 100 15
125.7381 9.9500 100 15
125.7500 9.9094 100 15
125.7529 9.9000 100 15
125.7673 9.8500 100 15
125.7811 9.8000 100 15
125.7945 9.7500 100 15
125.8000 9.7293 100 15
125.8081 9.7000 100 15
125.8223 9.6500 100 15
125.8369 9.6000 100 15
125.8500 9.5574 100 15
125.8523 9.5500 100 15
125.8691 9.5000 100 15
125.8868 9.4500 100 15
125.9000 9.4147 100 15
125.9055 9.4000 100 15
125.9254 9.3500 100 15
125.9459 9.3000 100 15
125.9500 9.2906 100 15
125.9673 9.2500 100 15
125.9890 9.2000 100 15
126.0000 9.1755 100 15
126.0112 9.1500 100 15
126.0335 9.1000 100 15
126.0500 9.0630 100 15
126.0557 9.0500 100 15
126.0778 9.0000 100 15
126.0994 8.9500 100 15
126.1000 8.9486 100 15
126.1208 8.9000 100 15
126.1413 8.8500 100 15
126.1500 8.8283 100 15
126.1613 8.8000 100 15
126.1805 8.7500 100 15
126.1986 8.7000 100 15
126.2000 8.6958 100 15
126.2162 8.6500 100 15
126.2328 8.6000 100 15
126.2483 8.5500 100 15
126.2500 8.5441 100 15
126.2633 8.5000 100 15
126.2776 8.4500 100 15
126.2910 8.4000 100 15
126.3000 8.3648 100 15
126.3040 8.3500 100 15
126.3169 8.3000 100 15
126.3297 8.2500 100 15
126.3424 8.2000 100 15
126.3500 8.1706 100 15
126.3555 8.1500 100 15
126.3693 8.1000 100 15
126.3833 8.0500 100 15
126.3976 8.0000 100 15
126.4000 7.9919 100 15
126.4128 7.9500 100 15
126.4282 7.9000 100 15
126.4437 7.8500 100 15
126.4500 7.8297 100 15
126.4595 7.8000 100 15
126.4755 7.7500 100 15
126.4912 7.7000 100 15
126.5000 7.6720 100 15
126.5070 7.6500 100 15
126.5228 7.6000 100 15
126.5381 7.5500 100 15
126.5500 7.5098 100 15
126.5529 7.5000 100 15
126.5677 7.4500 100 15
126.5817 7.4000 100 15
126.5948 7.3500 100 15
126.6000 7.3291 100 15
126.6074 7.3000 100 15
126.6193 7.2500 100 15
126.6302 7.2000 100 15
126.6402 7.1500 100 15
126.6492 7.1000 100 15
126.6500 7.0952 100 15
126.6577 7.0500 100 15
126.6653 7.0000 100 15
126.6720 6.9500 100 15
126.6778 6.9000 100 15
126.6826 6.8500 100 15
126.6865 6.8000 100 15
126.6894 6.7500 100 15
126.6915 6.7000 100 15
126.6926 6.6500 100 15
126.6929 6.6000 100 15
126.6924 6.5500 100 15
126.6913 6.5000 100 15
126.6896 6.4500 100 15
126.6876 6.4000 100 15
126.6855 6.3500 100 15
126.6835 6.3000 100 15
126.6818 6.2500 100 15
126.6808 6.2000 100 15
126.6807 6.1500 100 15
126.6817 6.1000 100 15
126.6839 6.0500 100 15
126.6875 6.0000 100 15
126.6924 5.9500 100 15
126.6987 5.9000 100 15
126.7000 5.8915 100 15
126.7064 5.8500 100 15
126.7152 5.8000 100 15
126.7250 5.7500 100 15
126.7358 5.7000 100 15
126.7473 5.6500 100 15
126.7500 5.6392 100 15
126.7598 5.6000 100 15
126.7729 5.5500 100 15
126.7865 5.5000 100 15
126.8000 5.4519 100 15
126.8006 5.4500 100 15
126.8152 5.4000 100 15
126.8299 5.3500 100 15
126.8446 5.3000 100 15
126.8500 5.2815 100 15
126.8595 5.2500 100 15
126.8744 5.2000 100 15
126.8892 5.1500 100 15
126.9000 5.1126 100 15
126.9038 5.1000 100 15
> Contour Depth = 100
128.2000 2.3640 100 16
128.2072 2.3500 100 16
128.2310 2.3000 100 16
128.2500 2.2550 100 16
128.2521 2.2500 100 16
128.2713 2.2000 100 16
128.2882 2.1500 100 16
128.3000 2.1111 100 16
128.3034 2.1000 100 16
128.3173 2.0500 100 16
128.3297 2.0000 100 16
128.3411 1.9500 100 16
128.3500 1.9070 100 16
128.3515 1.9000 100 16
128.3614 1.8500 100 16
128.3707 1.8000 100 16
128.3795 1.7500 100 16
128.3880 1.7000 100 16
128.3962 1.6500 100 16
128.4000 1.6262 100 16
128.4042 1.6000 100 16
128.4121 1.5500 100 16
128.4200 1.5000 100 16
128.4279 1.4500 100 16
128.4361 1.4000 100 16
128.4447 1.3500 100 16
128.4500 1.3212 100 16
> Contour Depth = 80
121.8500 15.6007 80 17
121.8501 15.6000 80 17
121.8627 15.5500 80 17
121.8782 15.5000 80 17
121.8974 15.4500 80 17
121.9000 15.4442 80 17
121.9218 15.4000 80 17
121.9500 15.3524 80 17
121.9515 15.3500 80 17
121.9892 15.3000 80 17
122.0000 15.2876 80 17
122.0360 15.2500 80 17
122.0500 15.2371 80 17
122.0939 15.2000 80 17
122.1000 15.1953 80 17
122.1500 15.1598 80 17
122.1648 15.1500 80 17
122.2000 15.1283 80 17
122.2484 15.1000 80 17
122.2500 15.0991 80 17
122.3000 15.0724 80 17
122.3431 15.0500 80 17
122.3500 15.0465 80 17
122.4000 15.0218 80 17
122.4445 15.0000 80 17
122.4500 14.9974 80 17
122.5000 14.9733 80 17
122.5482 14.9500 80 17
122.5500 14.9491 80 17
122.6000 14.9248 80 17
122.6496 14.9000 80 17
122.6500 14.8998 80 17
122.7000 14.8741 80 17
122.7450 14.8500 80 17
122.7500 14.8472 80 17
122.8000 14.8191 80 17
122.8326 14.8000 80 17
122.8500 14.7895 80 17
122.9000 14.7582 80 17
122.9127 14.7500 80 17
122.9500 14.7252 80 17
122.9868 14.7000 80 17
123.0000 14.6906 80 17
123.0500 14.6544 80 17
123.0560 14.6500 80 17
123.1000 14.6166 80 17
123.1216 14.6000 80 17
123.1500 14.5773 80 17
123.1836 14.5500 80 17
123.2000 14.5361 80 17
123.2422 14.5000 80 17
123.2500 14.4930 80 17
123.2973 14.4500 80 17
123.3000 14.4474 80 17
123.3489 14.4000 80 17
123.3500 14.3988 80 17
123.3971 14.3500 80 17
123.4000 14.3468 80 17
123.4422 14.3000 80 17
123.4500 14.2908 80 17
123.4846 14.2500 80 17
123.5000 14.2306 80 17
123.5246 14.2000 80 17
123.5500 14.1663 80 17
123.5625 14.1500 80 17
123.5985 14.1000 80 17
123.6000 14.0978 80 17
123.6334 14.0500 80 17
123.6500 14.0247 80 17
123.6667 14.0000 80 17
123.6985 13.9500 80 17
123.7000 13.9475 80 17
123.7296 13.9000 80 17
123.7500 13.8652 80 17
123.7592 13.8500 80 17
123.7881 13.8000 80 17
123.8000 13.7783 80 17
123.8161 13.7500 80 17
123.8433 13.7000 80 17
123.8500 13.6874 80 17
123.8705 13.6500 80 17
123.8970 13.6000 80 17
123.9000 13.5943 80 17
123.9241 13.5500 80 17
123.9500 13.5018 80 17
123.9510 13.5000 80 17
123.9790 13.4500 80 17
124.0000 13.4128 80 17
124.0074 13.4000 80 17
124.0370 13.3500 80 17
124.0500 13.3285 80 17
124.0677 13.3000 80 17
124.0994 13.2500 80 17
124.1000 13.2491 80 17
124.1329 13.2000 80 17
124.1500 13.1752 80 17
124.1675 13.1500 80 17
124.2000 13.1046 80 17
124.2033 13.1000 80 17
124.2403 13.0500 80 17
124.2500 13.0373 80 17
124.2781 13.0000 80 17
124.3000 12.9715 80 17
124.3163 12.9500 80 17
124.3500 12.9060 80 17
124.3545 12.9000 80 17
124.3926 12.8500 80 17
124.4000 12.8402 80 17
124.4302 12.8000 80 17
124.4500 12.7733 80 17
124.4671 12.7500 80 17
124.5000 12.7047 80 17
124.5034 12.7000 80 17
124.5390 12.6500 80 17
124.5500 12.6344 80 17
124.5741 12.6000 80 17
124.6000 12.5625 80 17
124.6086 12.5500 80 17
124.6429 12.5000 80 17
124.6500 12.4896 80 17
124.6771 12.4500 80 17
124.7000 12.4162 80 17
124.7111 12.4000 80 17
124.7451 12.3500 80 17
124.7500 12.3427 80 17
124.7792 12.3000 80 17
124.8000 12.2692 80 17
124.8131 12.2500 80 17
124.8469 12.2000 80 17
124.8500 12.1953 80 17
124.8804 12.1500 80 17
124.9000 12.1202 80 17
124.9133 12.1000 80 17
124.9455 12.0500 80 17
124.9500 12.0429 80 17
124.9769 12.0000 80 17
125.0000 11.9620 80 17
125.0072 11.9500 80 17
125.0365 11.9000 80 17
125.0500 11.8762 80 17
125.0646 11.8500 80 17
125.0919 11.8000 80 17
125.1000 11.7847 80 17
125.1182 11.7500 80 17
125.1439 11.7000 80 17
125.1500 11.6880 80 17
125.1691 11.6500 80 17
125.1939 11.6000 80 17
125.2000 11.5879 80 17
125.2186 11.5500 80 17
125.2432 11.5000 80 17
125.2500 11.4863 80 17
125.2677 11.4500 80 17
125.2921 11.4000 80 17
125.3000 11.3839 80 17
125.3164 11.3500 80 17
125.3404 11.3000 80 17
125.3500 11.2799 80 17
125.3641 11.2500 80 17
125.3875 11.2000 80 17
125.4000 11.1726 80 17
125.4104 11.1500 80 17
125.4329 11.1000 80 17
125.4500 11.0608 80 17
125.4547 11.0500 80 17
125.4765 11.0000 80 17
125.4974 10.9500 80 17
125.5000 10.9437 80 17
125.5184 10.9000 80 17
125.5388 10.8500 80 17
125.5500 10.8221 80 17
125.5591 10.8000 80 17
125.5794 10.7500 80 17
125.5994 10.7000 80 17
125.6000 10.6984 80 17
125.6200 10.6500 80 17
125.6404 10.6000 80 17
125.6500 10.5768 80 17
125.6613 10.5500 80 17
125.6825 10.5000 80 17
125.7000 10.4586 80 17
125.7037 10.4500 80 17
125.7254 10.4000 80 17
125.7469 10.3500 80 17
125.7500 10.3428 80 17
125.7686 10.3000 80 17
125.7898 10.2500 80 17
125.8000 10.2254 80 17
125.8107 10.2000 80 17
125.8312 10.1500 80 17
125.8500 10.1018 80 17
125.8507 10.1000 80 17
125.8700 10.0500 80 17
125.8883 10.0000 80 17
125.9000 9.9664 80 17
125.9059 9.9500 80 17
125.9231 9.9000 80 17
125.9396 9.8500 80 17
125.9500 9.8172 80 17
125.9556 9.8000 80 17
125.9716 9.7500 80 17
125.9872 9.7000 80 17
126.0000 9.6587 80 17
126.0028 9.6500 80 17
126.0185 9.6000 80 17
126.0343 9.5500 80 17
126.0500 9.5010 80 17
126.0503 9.5000 80 17
126.0667 9.4500 80 17
126.0833 9.4000 80 17
126.1000 9.3503 80 17
126.1001 9.3500 80 17
126.1174 9.3000 80 17
126.1349 9.2500 80 17
126.1500 9.2074 80 17
126.1526 9.2000 80 17
126.1707 9.1500 80 17
126.1889 9.1000 80 17
126.2000 9.0698 80 17
126.2072 9.0500 80 17
126.2257 9.0000 80 17
126.2440 8.9500 80 17
126.2500 8.9335 80 17
126.2623 8.9000 80 17
126.2805 8.8500 80 17
126.2981 8.8000 80 17
126.3000 8.7945 80 17
126.3158 8.7500 80 17
126.3329 8.7000 80 17
126.3493 8.6500 80 17
126.3500 8.6477 80 17
126.3656 8.6000 80 17
126.3812 8.5500 80 17
126.3959 8.5000 80 17
126.4000 8.4855 80 17
126.4104 8.4500 80 17
126.4244 8.4000 80 17
126.4379 8.3500 80 17
126.4500 8.3034 80 17
126.4509 8.3000 80 17
126.4643 8.2500 80 17
126.4776 8.2000 80 17
126.4908 8.1500 80 17
126.5000 8.1152 80 17
126.5042 8.1000 80 17
126.5181 8.0500 80 17
126.5321 8.0000 80 17
126.5461 7.9500 80 17
126.5500 7.9363 80 17
126.5605 7.9000 80 17
126.5749 7.8500 80 17
126.5891 7.8000 80 17
126.6000 7.7613 80 17
126.6032 7.7500 80 17
126.6174 7.7000 80 17
126.6313 7.6500 80 17
126.6447 7.6000 80 17
126.6500 7.5800 80 17
126.6580 7.5500 80 17
126.6710 7.5000 80 17
126.6833 7.4500 80 17
126.6950 7.4000 80 17
126.7000 7.3776 80 17
126.7063 7.3500 80 17
126.7170 7.3000 80 17
126.7271 7.2500 80 17
126.7363 7.2000 80 17
126.7448 7.1500 80 17
126.7500 7.1168 80 17
126.7527 7.1000 80 17
126.7602 7.0500 80 17
126.7669 7.0000 80 17
126.7729 6.9500 80 17
126.7781 6.9000 80 17
126.7825 6.8500 80 17
126.7862 6.8000 80 17
126.7891 6.7500 80 17
126.7912 6.7000 80 17
126.7927 6.6500 80 17
126.7934 6.6000 80 17
126.7937 6.5500 80 17
126.7934 6.5000 80 17
126.7930 6.4500 80 17
126.7924 6.4000 80 17
126.7919 6.3500 80 17
126.7918 6.3000 80 17
126.7922 6.2500 80 17
126.7933 6.2000 80 17
126.7954 6.1500 80 17
126.7986 6.1000 80 17
126.8000 6.0839 80 17
126.8030 6.0500 80 17
126.8087 6.0000 80 17
126.8155 5.9500 80 17
126.8234 5.9000 80 17
126.8323 5.8500 80 17
126.8421 5.8000 80 17
126.8500 5.7623 80 17
126.8527 5.7500 80 17
126.8641 5.7000 80 17
126.8761 5.6500 80 17
126.8884 5.6000 80 17
126.9000 5.5546 80 17
126.9012 5.5500 80 17
126.9146 5.5000 80 17
126.9283 5.4500 80 17
126.9422 5.4000 80 17
126.9500 5.3726 80 17
126.9566 5.3500 80 17
126.9715 5.3000 80 17
126.9867 5.2500 80 17
127.0000 5.2066 80 17
127.0021 5.2000 80 17
127.0186 5.1500 80 17
127.0354 5.1000 80 17
127.0500 5.0580 80 17
127.0529 5.0500 80 17
127.0718 5.0000 80 17
> Contour Depth = 80
128.1500 2.8095 80 18
128.1548 2.8000 80 18
128.1824 2.7500 80 18
128.2000 2.7199 80 18
128.2115 2.7000 80 18
128.2411 2.6500 80 18
128.2500 2.6350 80 18
128.2703 2.6000 80 18
128.2983 2.5500 80 18
128.3000 2.5469 80 18
128.3248 2.5000 80 18
128.3494 2.4500 80 18
128.3500 2.4488 80 18
128.3723 2.4000 80 18
128.3932 2.3500 80 18
128.4000 2.3324 80 18
128.4123 2.3000 80 18
128.4299 2.2500 80 18
128.4460 2.2000 80 18
128.4500 2.1866 80 18
128.4609 2.1500 80 18
128.4747 2.1000 80 18
128.4876 2.0500 80 18
128.4998 2.0000 80 18
128.5000 1.9992 80 18
128.5115 1.9500 80 18
128.5227 1.9000 80 18
128.5335 1.8500 80 18
128.5441 1.8000 80 18
128.5500 1.7711 80 18
128.5543 1.7500 80 18
128.5642 1.7000 80 18
128.5738 1.6500 80 18
128.5831 1.6000 80 18
128.5922 1.5500 80 18
128.6000 1.5057 80 18
128.6010 1.5000 80 18
128.6096 1.4500 80 18
128.6183 1.4000 80 18
128.6274 1.3500 80 18
> Contour Depth = 80
121.8269 16.0000 80 19
121.8236 15.9500 80 19
121.8222 15.9000 80 19
121.8224 15.8500 80 19
121.8243 15.8000 80 19
121.8279 15.7500 80 19
121.8333 15.7000 80 19
> Contour Depth = 60
127.2788 4.9000 60 20
127.2532 4.9500 60 20
127.2500 4.9566 60 20
127.2296 5.0000 60 20
127.2072 5.0500 60 20
127.2000 5.0667 60 20
127.1863 5.1000 60 20
127.1666 5.1500 60 20
127.1500 5.1940 60 20
127.1478 5.2000 60 20
127.1306 5.2500 60 20
127.1141 5.3000 60 20
127.1000 5.3441 60 20
127.0982 5.3500 60 20
127.0836 5.4000 60 20
127.0693 5.4500 60 20
127.0553 5.5000 60 20
127.0500 5.5194 60 20
127.0420 5.5500 60 20
127.0291 5.6000 60 20
127.0163 5.6500 60 20
127.0036 5.7000 60 20
127.0000 5.7146 60 20
126.9916 5.7500 60 20
126.9801 5.8000 60 20
126.9691 5.8500 60 20
126.9586 5.9000 60 20
126.9500 5.9439 60 20
126.9489 5.9500 60 20
126.9406 6.0000 60 20
126.9332 6.0500 60 20
126.9270 6.1000 60 20
126.9219 6.1500 60 20
126.9179 6.2000 60 20
126.9149 6.2500 60 20
126.9129 6.3000 60 20
126.9115 6.3500 60 20
126.9107 6.4000 60 20
126.9103 6.4500 60 20
126.9099 6.5000 60 20
126.9095 6.5500 60 20
126.9089 6.6000 60 20
126.9078 6.6500 60 20
126.9062 6.7000 60 20
126.9039 6.7500 60 20
126.9011 6.8000 60 20
126.9000 6.8149 60 20
126.8977 6.8500 60 20
126.8937 6.9000 60 20
126.8892 6.9500 60 20
126.8839 7.0000 60 20
126.8781 7.0500 60 20
126.8717 7.1000 60 20
126.8648 7.1500 60 20
126.8572 7.2000 60 20
126.8500 7.2446 60 20
126.8492 7.2500 60 20
126.8411 7.3000 60 20
126.8324 7.3500 60 20
126.8232 7.4000 60 20
126.8135 7.4500 60 20
126.8031 7.5000 60 20
126.8000 7.5147 60 20
126.7927 7.5500 60 20
126.7819 7.6000 60 20
126.7706 7.6500 60 20
126.7588 7.7000 60 20
126.7500 7.7365 60 20
126.7468 7.7500 60 20
126.7348 7.8000 60 20
126.7225 7.8500 60 20
126.7099 7.9000 60 20
126.7000 7.9385 60 20
126.6971 7.9500 60 20
126.6845 8.0000 60 20
126.6718 8.0500 60 20
126.6588 8.1000 60 20
126.6500 8.1335 60 20
126.6458 8.1500 60 20
126.6330 8.2000 60 20
126.6200 8.2500 60 20
126.6066 8.3000 60 20
126.6000 8.3239 60 20
126.5931 8.3500 60 20
126.5795 8.4000 60 20
126.5652 8.4500 60 20
126.5502 8.5000 60 20
126.5500 8.5006 60 20
126.5353 8.5500 60 20
126.5197 8.6000 60 20
126.5034 8.6500 60 20
126.5000 8.6602 60 20
126.4872 8.7000 60 20
126.4707 8.7500 60 20
126.4537 8.8000 60 20
126.4500 8.8109 60 20
126.4371 8.8500 60 20
126.4205 8.9000 60 20
126.4038 8.9500 60 20
126.4000 8.9616 60 20
126.3877 9.0000 60 20
126.3718 9.0500 60 20
126.3561 9.1000 60 20
126.3500 9.1197 60 20
126.3408 9.1500 60 20
126.3260 9.2000 60 20
126.3114 9.2500 60 20
126.3000 9.2900 60 20
126.2972 9.3000 60 20
126.2834 9.3500 60 20
126.2697 9.4000 60 20
126.2560 9.4500 60 20
126.2500 9.4721 60 20
126.2424 9.5000 60 20
126.2288 9.5500 60 20
126.2148 9.6000 60 20
126.2002 9.6500 60 20
126.2000 9.6506 60 20
126.1853 9.7000 60 20
126.1696 9.7500 60 20
126.1529 9.8000 60 20
126.1500 9.8082 60 20
126.1356 9.8500 60 20
126.1174 9.9000 60 20
126.1000 9.9449 60 20
126.0981 9.9500 60 20
126.0785 10.0000 60 20
126.0579 10.0500 60 20
126.0500 10.0685 60 20
126.0370 10.1000 60 20
126.0157 10.1500 60 20
126.0000 10.1856 60 20
125.9939 10.2000 60 20
125.9722 10.2500 60 20
125.9501 10.3000 60 20
125.9500 10.3002 60 20
125.9284 10.3500 60 20
125.9066 10.4000 60 20
125.9000 10.4152 60 20
125.8852 10.4500 60 20
125.8640 10.5000 60 20
125.8500 10.5333 60 20
125.8431 10.5500 60 20
125.8228 10.6000 60 20
125.8026 10.6500 60 20
125.8000 10.6567 60 20
125.7832 10.7000 60 20
125.7639 10.7500 60 20
125.7500 10.7864 60 20
125.7448 10.8000 60 20
125.7261 10.8500 60 20
125.7073 10.9000 60 20
125.7000 10.9194 60 20
125.6886 10.9500 60 20
125.6697 11.0000 60 20
125.6504 11.0500 60 20
125.6500 11.0512 60 20
125.6313 11.1000 60 20
125.6117 11.1500 60 20
125.6000 11.1794 60 20
125.5919 11.2000 60 20
125.5719 11.2500 60 20
125.5515 11.3000 60 20
125.5500 11.3038 60 20
125.5313 11.3500 60 20
125.5107 11.4000 60 20
125.5000 11.4260 60 20
125.4901 11.4500 60 20
125.4694 11.5000 60 20
125.4500 11.5462 60 20
125.4484 11.5500 60 20
125.4274 11.6000 60 20
125.4060 11.6500 60 20
125.4000 11.6639 60 20
125.3843 11.7000 60 20
125.3619 11.7500 60 20
125.3500 11.7759 60 20
125.3389 11.8000 60 20
125.3149 11.8500 60 20
125.3000 11.8800 60 20
125.2900 11.9000 60 20
125.2639 11.9500 60 20
125.2500 11.9757 60 20
125.2367 12.0000 60 20
125.2083 12.0500 60 20
125.2000 12.0641 60 20
125.1787 12.1000 60 20
125.1500 12.1467 60 20
125.1480 12.1500 60 20
125.1163 12.2000 60 20
125.1000 12.2251 60 20
125.0837 12.2500 60 20
125.0504 12.3000 60 20
125.0500 12.3006 60 20
125.0167 12.3500 60 20
125.0000 12.3746 60 20
124.9827 12.4000 60 20
124.9500 12.4477 60 20
124.9484 12.4500 60 20
124.9143 12.5000 60 20
124.9000 12.5209 60 20
124.8802 12.5500 60 20
124.8500 12.5941 60 20
124.8460 12.6000 60 20
124.8119 12.6500 60 20
124.8000 12.6674 60 20
124.7777 12.7000 60 20
124.7500 12.7403 60 20
124.7433 12.7500 60 20
124.7088 12.8000 60 20
124.7000 12.8127 60 20
124.6741 12.8500 60 20
124.6500 12.8846 60 20
124.6393 12.9000 60 20
124.6045 12.9500 60 20
124.6000 12.9566 60 20
124.5701 13.0000 60 20
124.5500 13.0296 60 20
124.5360 13.0500 60 20
124.5027 13.1000 60 20
124.5000 13.1041 60 20
124.4700 13.1500 60 20
124.4500 13.1818 60 20
124.4383 13.2000 60 20
124.4075 13.2500 60 20
124.4000 13.2626 60 20
124.3774 13.3000 60 20
124.3500 13.3469 60 20
124.3482 13.3500 60 20
124.3194 13.4000 60 20
124.3000 13.4343 60 20
124.2910 13.4500 60 20
124.2628 13.5000 60 20
124.2500 13.5229 60 20
124.2347 13.5500 60 20
124.2063 13.6000 60 20
124.2000 13.6110 60 20
124.1776 13.6500 60 20
124.1500 13.6970 60 20
124.1482 13.7000 60 20
124.1182 13.7500 60 20
124.1000 13.7794 60 20
124.0873 13.8000 60 20
124.0553 13.8500 60 20
124.0500 13.8579 60 20
124.0222 13.9000 60 20
124.0000 13.9321 60 20
123.9878 13.9500 60 20
123.9520 14.0000 60 20
123.9500 14.0027 60 20
123.9151 14.0500 60 20
123.9000 14.0694 60 20
123.8767 14.1000 60 20
123.8500 14.1332 60 20
123.8368 14.1500 60 20
123.8000 14.1942 60 20
123.7953 14.2000 60 20
123.7523 14.2500 60 20
123.7500 14.2525 60 20
123.7076 14.3000 60 20
123.7000 14.3080 60 20
123.6608 14.3500 60 20
123.6500 14.3608 60 20
123.6115 14.4000 60 20
123.6000 14.4110 60 20
123.5594 14.4500 60 20
123.5500 14.4586 60 20
123.5043 14.5000 60 20
123.5000 14.5036 60 20
123.4500 14.5465 60 20
123.4459 14.5500 60 20
123.4000 14.5873 60 20
123.3843 14.6000 60 20
123.3500 14.6267 60 20
123.3198 14.6500 60 20
123.3000 14.6648 60 20
123.2524 14.7000 60 20
123.2500 14.7017 60 20
123.2000 14.7376 60 20
123.1825 14.7500 60 20
123.1500 14.7725 60 20
123.1092 14.8000 60 20
123.1000 14.8061 60 20
123.0500 14.8384 60 20
123.0314 14.8500 60 20
123.0000 14.8691 60 20
122.9500 14.8982 60 20
122.9468 14.9000 60 20
122.9000 14.9258 60 20
122.8533 14.9500 60 20
122.8500 14.9517 60 20
122.8000 14.9765 60 20
122.7501 15.0000 60 20
122.7500 15.0000 60 20
122.7000 15.0233 60 20
122.6500 15.0458 60 20
122.6407 15.0500 60 20
122.6000 15.0686 60 20
122.5500 15.0914 60 20
122.5316 15.1000 60 20
122.5000 15.1151 60 20
122.4500 15.1396 60 20
122.4293 15.1500 60 20
122.4000 15.1656 60 20
122.3500 15.1931 60 20
122.3381 15.2000 60 20
122.3000 15.2236 60 20
122.2598 15.2500 60 20
122.2500 15.2570 60 20
122.2000 15.2954 60 20
122.1945 15.3000 60 20
122.1500 15.3413 60 20
122.1414 15.3500 60 20
122.1000 15.3981 60 20
122.0985 15.4000 60 20
122.0648 15.4500 60 20
122.0500 15.4765 60 20
122.0379 15.5000 60 20
122.0169 15.5500 60 20
122.0002 15.6000 60 20
122.0000 15.6007 60 20
121.9881 15.6500 60 20
121.9791 15.7000 60 20
121.9729 15.7500 60 20
121.9691 15.8000 60 20
121.9676 15.8500 60 20
121.9682 15.9000 60 20
121.9710 15.9500 60 20
121.9757 16.0000 60 20
121.9825 16.0500 60 20
121.9912 16.1000 60 20
122.0000 16.1412 60 20
122.0020 16.1500 60 20
122.0150 16.2000 60 20
122.0295 16.2500 60 20
122.0453 16.3000 60 20
122.0500 16.3142 60 20
122.0625 16.3500 60 20
122.0806 16.4000 60 20
122.0989 16.4500 60 20
122.1000 16.4530 60 20
122.1180 16.5000 60 20
122.1370 16.5500 60 20
122.1500 16.5848 60 20
122.1558 16.6000 60 20
122.1746 16.6500 60 20
122.1928 16.7000 60 20
122.2000 16.7205 60 20
122.2105 16.7500 60 20
122.2275 16.8000 60 20
122.2435 16.8500 60 20
122.2500 16.8713 60 20
122.2588 16.9000 60 20
122.2731 16.9500 60 20
122.2864 17.0000 60 20
122.2990 17.0500 60 20
122.3000 17.0544 60 20
122.3110 17.1000 60 20
> Contour Depth = 60
128.1500 3.6256 60 21
128.1576 3.6000 60 21
128.1711 3.5500 60 21
128.1835 3.5000 60 21
128.1949 3.4500 60 21
128.2000 3.4265 60 21
128.2061 3.4000 60 21
128.2172 3.3500 60 21
128.2282 3.3000 60 21
128.2397 3.2500 60 21
128.2500 3.2074 60 21
128.2519 3.2000 60 21
128.2656 3.1500 60 21
128.2805 3.1000 60 21
128.2971 3.0500 60 21
128.3000 3.0420 60 21
128.3155 3.0000 60 21
128.3356 2.9500 60 21
128.3500 2.9166 60 21
128.3571 2.9000 60 21
128.3796 2.8500 60 21
128.4000 2.8061 60 21
128.4027 2.8000 60 21
128.4258 2.7500 60 21
128.4489 2.7000 60 21
128.4500 2.6976 60 21
128.4712 2.6500 60 21
128.4928 2.6000 60 21
128.5000 2.5828 60 21
128.5133 2.5500 60 21
128.5328 2.5000 60 21
128.5500 2.4532 60 21
128.5512 2.4500 60 21
128.5683 2.4000 60 21
128.5843 2.3500 60 21
128.5993 2.3000 60 21
128.6000 2.2975 60 21
128.6133 2.2500 60 21
128.6265 2.2000 60 21
128.6390 2.1500 60 21
128.6500 2.1036 60 21
128.6508 2.1000 60 21
128.6624 2.0500 60 21
128.6735 2.0000 60 21
128.6844 1.9500 60 21
128.6950 1.9000 60 21
128.7000 1.8762 60 21
128.7055 1.8500 60 21
128.7158 1.8000 60 21
128.7259 1.7500 60 21
128.7358 1.7000 60 21
128.7453 1.6500 60 21
128.7500 1.6247 60 21
128.7546 1.6000 60 21
128.7637 1.5500 60 21
128.7727 1.5000 60 21
128.7816 1.4500 60 21
128.7908 1.4000 60 21
128.8000 1.3525 60 21
128.8005 1.3500 60 21
> Contour Depth = 40
127.6053 4.7000 40 22
127.6000 4.7064 40 22
127.5660 4.7500 40 22
127.5500 4.7718 40 22
127.5302 4.8000 40 22
127.5000 4.8456 40 22
127.4972 4.8500 40 22
127.4675 4.9000 40 22
127.4500 4.9307 40 22
127.4395 4.9500 40 22
127.4134 5.0000 40 22
127.4000 5.0266 40 22
127.3887 5.0500 40 22
127.3655 5.1000 40 22
127.3500 5.1344 40 22
127.3433 5.1500 40 22
127.3229 5.2000 40 22
127.3030 5.2500 40 22
127.3000 5.2581 40 22
127.2852 5.3000 40 22
127.2683 5.3500 40 22
127.2520 5.4000 40 22
127.2500 5.4065 40 22
127.2374 5.4500 40 22
127.2234 5.5000 40 22
127.2095 5.5500 40 22
127.2000 5.5846 40 22
127.1960 5.6000 40 22
127.1833 5.6500 40 22
127.1704 5.7000 40 22
127.1572 5.7500 40 22
127.1500 5.7774 40 22
127.1445 5.8000 40 22
127.1323 5.8500 40 22
127.1204 5.9000 40 22
127.1088 5.9500 40 22
127.1000 5.9901 40 22
127.0980 6.0000 40 22
127.0889 6.0500 40 22
127.0807 6.1000 40 22
127.0737 6.1500 40 22
127.0678 6.2000 40 22
127.0632 6.2500 40 22
127.0596 6.3000 40 22
127.0570 6.3500 40 22
127.0552 6.4000 40 22
127.0539 6.4500 40 22
127.0530 6.5000 40 22
127.0522 6.5500 40 22
127.0514 6.6000 40 22
127.0502 6.6500 40 22
127.0500 6.6572 40 22
127.0488 6.7000 40 22
127.0469 6.7500 40 22
127.0445 6.8000 40 22
127.0415 6.8500 40 22
127.0379 6.9000 40 22
127.0337 6.9500 40 22
127.0289 7.0000 40 22
127.0236 7.0500 40 22
127.0178 7.1000 40 22
127.0116 7.1500 40 22
127.0050 7.2000 40 22
127.0000 7.2357 40 22
126.9982 7.2500 40 22
126.9916 7.3000 40 22
126.9846 7.3500 40 22
126.9774 7.4000 40 22
126.9697 7.4500 40 22
126.9616 7.5000 40 22
126.9530 7.5500 40 22
126.9500 7.5671 40 22
126.9445 7.6000 40 22
126.9358 7.6500 40 22
126.9266 7.7000 40 22
126.9169 7.7500 40 22
126.9067 7.8000 40 22
126.9000 7.8321 40 22
126.8964 7.8500 40 22
126.8863 7.9000 40 22
126.8758 7.9500 40 22
126.8650 8.0000 40 22
126.8538 8.0500 40 22
126.8500 8.0665 40 22
126.8427 8.1000 40 22
126.8316 8.1500 40 22
126.8201 8.2000 40 22
126.8080 8.2500 40 22
126.8000 8.2820 40 22
126.7957 8.3000 40 22
126.7833 8.3500 40 22
126.7701 8.4000 40 22
126.7561 8.4500 40 22
126.7500 8.4705 40 22
126.7417 8.5000 40 22
126.7269 8.5500 40 22
126.7111 8.6000 40 22
126.7000 8.6335 40 22
126.6948 8.6500 40 22
126.6786 8.7000 40 22
126.6617 8.7500 40 22
126.6500 8.7837 40 22
126.6446 8.8000 40 22
126.6282 8.8500 40 22
126.6116 8.9000 40 22
126.6000 8.9350 40 22
126.5953 8.9500 40 22
126.5801 9.0000 40 22
126.5652 9.0500 40 22
126.5506 9.1000 40 22
126.5500 9.1023 40 22
126.5375 9.1500 40 22
126.5249 9.2000 40 22
126.5127 9.2500 40 22
126.5009 9.3000 40 22
126.5000 9.3042 40 22
126.4902 9.3500 40 22
126.4797 9.4000 40 22
126.4693 9.4500 40 22
126.4588 9.5000 40 22
126.4500 9.5410 40 22
126.4481 9.5500 40 22
126.4374 9.6000 40 22
126.4259 9.6500 40 22
126.4134 9.7000 40 22
126.4000 9.7482 40 22
126.3995 9.7500 40 22
126.3848 9.8000 40 22
126.3683 9.8500 40 22
126.3500 9.8995 40 22
126.3498 9.9000 40 22
126.3303 9.9500 40 22
126.3088 10.0000 40 22
126.3000 10.0190 40 22
126.2862 10.0500 40 22
126.2624 10.1000 40 22
126.2500 10.1248 40 22
126.2379 10.1500 40 22
126.2131 10.2000 40 22
126.2000 10.2257 40 22
126.1883 10.2500 40 22
126.1637 10.3000 40 22
126.1500 10.3277 40 22
126.1395 10.3500 40 22
126.1162 10.4000 40 22
126.1000 10.4348 40 22
126.0933 10.4500 40 22
126.0716 10.5000 40 22
126.0502 10.5500 40 22
126.0500 10.5504 40 22
126.0304 10.6000 40 22
126.0110 10.6500 40 22
126.0000 10.6794 40 22
125.9925 10.7000 40 22
125.9749 10.7500 40 22
125.9577 10.8000 40 22
125.9500 10.8228 40 22
125.9411 10.8500 40 22
125.9250 10.9000 40 22
125.9088 10.9500 40 22
125.9000 10.9771 40 22
125.8927 11.0000 40 22
125.8768 11.0500 40 22
125.8603 11.1000 40 22
125.8500 11.1308 40 22
125.8437 11.1500 40 22
125.8269 11.2000 40 22
125.8095 11.2500 40 22
125.8000 11.2766 40 22
125.7918 11.3000 40 22
125.7740 11.3500 40 22
125.7555 11.4000 40 22
125.7500 11.4148 40 22
125.7371 11.4500 40 22
125.7184 11.5000 40 22
125.7000 11.5479 40 22
125.6992 11.5500 40 22
125.6802 11.6000 40 22
125.6605 11.6500 40 22
125.6500 11.6759 40 22
125.6404 11.7000 40 22
125.6200 11.7500 40 22
125.6000 11.7965 40 22
125.5985 11.8000 40 22
125.5767 11.8500 40 22
125.5537 11.9000 40 22
125.5500 11.9077 40 22
125.5301 11.9500 40 22
125.5052 12.0000 40 22
125.5000 12.0101 40 22
125.4796 12.0500 40 22
125.4530 12.1000 40 22
125.4500 12.1055 40 22
125.4258 12.1500 40 22
125.4000 12.1959 40 22
125.3977 12.2000 40 22
125.3692 12.2500 40 22
125.3500 12.2830 40 22
125.3400 12.3000 40 22
125.3102 12.3500 40 22
125.3000 12.3669 40 22
125.2798 12.4000 40 22
125.2500 12.4478 40 22
125.2486 12.4500 40 22
125.2168 12.5000 40 22
125.2000 12.5258 40 22
125.1842 12.5500 40 22
125.1506 12.6000 40 22
125.1500 12.6009 40 22
125.1167 12.6500 40 22
125.1000 12.6740 40 22
125.0821 12.7000 40 22
125.0500 12.7456 40 22
125.0469 12.7500 40 22
125.0118 12.8000 40 22
125.0000 12.8165 40 22
124.9765 12.8500 40 22
124.9500 12.8873 40 22
124.9411 12.9000 40 22
124.9060 12.9500 40 22
124.9000 12.9585 40 22
124.8714 13.0000 40 22
124.8500 13.0311 40 22
124.8372 13.0500 40 22
124.8038 13.1000 40 22
124.8000 13.1057 40 22
124.7716 13.1500 40 22
124.7500 13.1843 40 22
124.7403 13.2000 40 22
124.7103 13.2500 40 22
124.7000 13.2678 40 22
124.6816 13.3000 40 22
124.6539 13.3500 40 22
124.6500 13.3573 40 22
124.6273 13.4000 40 22
124.6012 13.4500 40 22
124.6000 13.4524 40 22
124.5757 13.5000 40 22
124.5502 13.5500 40 22
124.5500 13.5503 40 22
124.5245 13.6000 40 22
124.5000 13.6468 40 22
124.4983 13.6500 40 22
124.4714 13.7000 40 22
124.4500 13.7383 40 22
124.4434 13.7500 40 22
124.4141 13.8000 40 22
124.4000 13.8230 40 22
124.3834 13.8500 40 22
124.3509 13.9000 40 22
124.3500 13.9014 40 22
124.3169 13.9500 40 22
124.3000 13.9735 40 22
124.2809 14.0000 40 22
124.2500 14.0407 40 22
124.2429 14.0500 40 22
124.2030 14.1000 40 22
124.2000 14.1036 40 22
124.1613 14.1500 40 22
124.1500 14.1628 40 22
124.1175 14.2000 40 22
124.1000 14.2191 40 22
124.0718 14.2500 40 22
124.0500 14.2729 40 22
124.0243 14.3000 40 22
124.0000 14.3245 40 22
123.9748 14.3500 40 22
123.9500 14.3742 40 22
123.9235 14.4000 40 22
123.9000 14.4220 40 22
123.8701 14.4500 40 22
123.8500 14.4681 40 22
123.8144 14.5000 40 22
123.8000 14.5124 40 22
123.7559 14.5500 40 22
123.7500 14.5548 40 22
123.7000 14.5955 40 22
123.6944 14.6000 40 22
123.6500 14.6346 40 22
123.6299 14.6500 40 22
123.6000 14.6722 40 22
123.5621 14.7000 40 22
123.5500 14.7086 40 22
123.5000 14.7441 40 22
123.4917 14.7500 40 22
123.4500 14.7791 40 22
123.4195 14.8000 40 22
123.4000 14.8134 40 22
123.3500 14.8471 40 22
123.3457 14.8500 40 22
123.3000 14.8806 40 22
123.2704 14.9000 40 22
123.2500 14.9133 40 22
123.2000 14.9450 40 22
123.1918 14.9500 40 22
123.1500 14.9758 40 22
123.1081 15.0000 40 22
123.1000 15.0047 40 22
123.0500 15.0324 40 22
123.0157 15.0500 40 22
123.0000 15.0581 40 22
122.9500 15.0825 40 22
122.9115 15.1000 40 22
122.9000 15.1053 40 22
122.8500 15.1275 40 22
122.8000 15.1484 40 22
122.7960 15.1500 40 22
122.7500 15.1698 40 22
122.7000 15.1907 40 22
122.6781 15.2000 40 22
122.6500 15.2125 40 22
122.6000 15.2354 40 22
122.5689 15.2500 40 22
122.5500 15.2596 40 22
122.5000 15.2861 40 22
122.4751 15.3000 40 22
122.4500 15.3154 40 22
122.4000 15.3480 40 22
122.3971 15.3500 40 22
122.3500 15.3869 40 22
122.3345 15.4000 40 22
122.3000 15.4334 40 22
122.2842 15.4500 40 22
122.2500 15.4922 40 22
122.2442 15.5000 40 22
122.2134 15.5500 40 22
122.2000 15.5769 40 22
122.1896 15.6000 40 22
122.1720 15.6500 40 22
122.1590 15.7000 40 22
122.1501 15.7500 40 22
122.1500 15.7506 40 22
122.1453 15.8000 40 22
122.1437 15.8500 40 22
122.1449 15.9000 40 22
122.1486 15.9500 40 22
122.1500 15.9614 40 22
122.1551 16.0000 40 22
122.1641 16.0500 40 22
122.1752 16.1000 40 22
122.1880 16.1500 40 22
122.2000 16.1916 40 22
122.2026 16.2000 40 22
122.2191 16.2500 40 22
122.2365 16.3000 40 22
122.2500 16.3380 40 22
122.2545 16.3500 40 22
122.2734 16.4000 40 22
122.2919 16.4500 40 22
122.3000 16.4719 40 22
122.3106 16.5000 40 22
122.3289 16.5500 40 22
122.3464 16.6000 40 22
122.3500 16.6106 40 22
122.3636 16.6500 40 22
122.3800 16.7000 40 22
122.3955 16.7500 40 22
122.4000 16.7653 40 22
122.4105 16.8000 40 22
122.4249 16.8500 40 22
122.4386 16.9000 40 22
122.4500 16.9435 40 22
122.4518 16.9500 40 22
122.4652 17.0000 40 22
122.4784 17.0500 40 22
> Contour Depth = 40
127.8500 4.4512 40 23
127.8512 4.4500 40 23
127.9000 4.4013 40 23
127.9013 4.4000 40 23
> Contour Depth = 40
127.9500 4.3477 40 24
127.9910 4.3000 40 24
128.0000 4.2887 40 24
128.0302 4.2500 40 24
128.0500 4.2225 40 24
128.0660 4.2000 40 24
128.0989 4.1500 40 24
128.1000 4.1482 40 24
128.1300 4.1000 40 24
128.1500 4.0651 40 24
128.1588 4.0500 40 24
128.1863 4.0000 40 24
128.2000 3.9731 40 24
128.2122 3.9500 40 24
128.2368 3.9000 40 24
128.2500 3.8713 40 24
128.2602 3.8500 40 24
128.2826 3.8000 40 24
128.3000 3.7577 40 24
128.3034 3.7500 40 24
128.3238 3.7000 40 24
128.3426 3.6500 40 24
128.3500 3.6292 40 24
128.3610 3.6000 40 24
128.3786 3.5500 40 24
128.3954 3.5000 40 24
128.4000 3.4858 40 24
128.4122 3.4500 40 24
128.4287 3.4000 40 24
128.4450 3.3500 40 24
128.4500 3.3345 40 24
128.4616 3.3000 40 24
128.4783 3.2500 40 24
128.4952 3.2000 40 24
128.5000 3.1860 40 24
128.5125 3.1500 40 24
128.5300 3.1000 40 24
128.5477 3.0500 40 24
128.5500 3.0437 40 24
128.5657 3.0000 40 24
128.5838 2.9500 40 24
128.6000 2.9054 40 24
128.6020 2.9000 40 24
128.6202 2.8500 40 24
128.6383 2.8000 40 24
128.6500 2.7676 40 24
128.6563 2.7500 40 24
128.6740 2.7000 40 24
128.6912 2.6500 40 24
128.7000 2.6236 40 24
128.7079 2.6000 40 24
128.7240 2.5500 40 24
128.7391 2.5000 40 24
128.7500 2.4620 40 24
128.7535 2.4500 40 24
128.7673 2.4000 40 24
128.7802 2.3500 40 24
128.7923 2.3000 40 24
128.8000 2.2663 40 24
128.8038 2.2500 40 24
128.8152 2.2000 40 24
128.8260 2.1500 40 24
128.8364 2.1000 40 24
128.8465 2.0500 40 24
128.8500 2.0327 40 24
128.8568 2.0000 40 24
128.8670 1.9500 40 24
128.8771 1.9000 40 24
128.8868 1.8500 40 24
128.8964 1.8000 40 24
128.9000 1.7807 40 24
128.9060 1.7500 40 24
128.9155 1.7000 40 24
128.9246 1.6500 40 24
128.9334 1.6000 40 24
128.9419 1.5500 40 24
128.9500 1.5029 40 24
128.9505 1.5000 40 24
128.9597 1.4500 40 24
128.9694 1.4000 40 24
> Contour Depth = 20
127.2000 7.4539 20 25
127.1951 7.5000 20 25
127.1896 7.5500 20 25
127.1837 7.6000 20 25
127.1774 7.6500 20 25
127.1706 7.7000 20 25
127.1634 7.7500 20 25
127.1557 7.8000 20 25
127.1500 7.8349 20 25
127.1478 7.8500 20 25
127.1404 7.9000 20 25
127.1326 7.9500 20 25
127.1245 8.0000 20 25
127.1160 8.0500 20 25
127.1072 8.1000 20 25
127.1000 8.1390 20 25
127.0982 8.1500 20 25
127.0897 8.2000 20 25
127.0806 8.2500 20 25
127.0709 8.3000 20 25
127.0603 8.3500 20 25
127.0500 8.3945 20 25
127.0488 8.4000 20 25
127.0377 8.4500 20 25
127.0253 8.5000 20 25
127.0117 8.5500 20 25
127.0000 8.5893 20 25
126.9971 8.6000 20 25
126.9825 8.6500 20 25
126.9667 8.7000 20 25
126.9500 8.7486 20 25
126.9495 8.7500 20 25
126.9334 8.8000 20 25
126.9163 8.8500 20 25
126.9000 8.8958 20 25
126.8986 8.9000 20 25
126.8826 8.9500 20 25
126.8665 9.0000 20 25
126.8505 9.0500 20 25
126.8500 9.0517 20 25
126.8369 9.1000 20 25
126.8240 9.1500 20 25
126.8117 9.2000 20 25
126.8003 9.2500 20 25
126.8000 9.2514 20 25
126.7910 9.3000 20 25
126.7823 9.3500 20 25
126.7741 9.4000 20 25
126.7662 9.4500 20 25
126.7584 9.5000 20 25
126.7504 9.5500 20 25
126.7500 9.5523 20 25
126.7428 9.6000 20 25
126.7347 9.6500 20 25
126.7255 9.7000 20 25
126.7151 9.7500 20 25
126.7030 9.8000 20 25
126.7000 9.8107 20 25
126.6900 9.8500 20 25
126.6752 9.9000 20 25
126.6577 9.9500 20 25
126.6500 9.9696 20 25
126.6386 10.0000 20 25
126.6174 10.0500 20 25
126.6000 10.0859 20 25
126.5935 10.1000 20 25
126.5683 10.1500 20 25
126.5500 10.1828 20 25
126.5408 10.2000 20 25
126.5125 10.2500 20 25
126.5000 10.2708 20 25
126.4834 10.3000 20 25
126.4535 10.3500 20 25
126.4500 10.3559 20 25
126.4253 10.4000 20 25
126.4000 10.4437 20 25
126.3966 10.4500 20 25
126.3706 10.5000 20 25
126.3500 10.5396 20 25
126.3450 10.5500 20 25
126.3223 10.6000 20 25
126.3000 10.6497 20 25
126.2999 10.6500 20 25
126.2810 10.7000 20 25
126.2627 10.7500 20 25
126.2500 10.7864 20 25
126.2457 10.8000 20 25
126.2309 10.8500 20 25
126.2166 10.9000 20 25
126.2025 10.9500 20 25
126.2000 10.9591 20 25
126.1899 11.0000 20 25
126.1775 11.0500 20 25
126.1647 11.1000 20 25
126.1514 11.1500 20 25
126.1500 11.1553 20 25
126.1388 11.2000 20 25
126.1256 11.2500 20 25
126.1113 11.3000 20 25
126.1000 11.3373 20 25
126.0964 11.3500 20 25
126.0816 11.4000 20 25
126.0658 11.4500 20 25
126.0500 11.4961 20 25
126.0488 11.5000 20 25
126.0322 11.5500 20 25
126.0145 11.6000 20 25
126.0000 11.6385 20 25
125.9959 11.6500 20 25
125.9776 11.7000 20 25
125.9578 11.7500 20 25
125.9500 11.7689 20 25
125.9379 11.8000 20 25
125.9171 11.8500 20 25
125.9000 11.8883 20 25
125.8951 11.9000 20 25
125.8729 11.9500 20 25
125.8500 11.9974 20 25
125.8488 12.0000 20 25
125.8249 12.0500 20 25
125.8000 12.0981 20 25
125.7991 12.1000 20 25
125.7738 12.1500 20 25
125.7500 12.1942 20 25
125.7470 12.2000 20 25
125.7211 12.2500 20 25
125.7000 12.2893 20 25
125.6945 12.3000 20 25
125.6689 12.3500 20 25
125.6500 12.3860 20 25
125.6430 12.4000 20 25
125.6179 12.4500 20 25
125.6000 12.4848 20 25
125.5924 12.5000 20 25
125.5672 12.5500 20 25
125.5500 12.5825 20 25
125.5409 12.6000 20 25
125.5138 12.6500 20 25
125.5000 12.6739 20 25
125.4851 12.7000 20 25
125.4542 12.7500 20 25
125.4500 12.7564 20 25
125.4216 12.8000 20 25
125.4000 12.8306 20 25
125.3864 12.8500 20 25
125.3500 12.8986 20 25
125.3490 12.9000 20 25
125.3106 12.9500 20 25
125.3000 12.9631 20 25
125.2711 13.0000 20 25
125.2500 13.0260 20 25
125.2311 13.0500 20 25
125.2000 13.0888 20 25
125.1914 13.1000 20 25
125.1525 13.1500 20 25
125.1500 13.1532 20 25
125.1155 13.2000 20 25
125.1000 13.2210 20 25
125.0798 13.2500 20 25
125.0500 13.2929 20 25
125.0453 13.3000 20 25
125.0135 13.3500 20 25
125.0000 13.3716 20 25
124.9833 13.4000 20 25
124.9544 13.4500 20 25
124.9500 13.4580 20 25
124.9279 13.5000 20 25
124.9016 13.5500 20 25
124.9000 13.5532 20 25
124.8773 13.6000 20 25
124.8524 13.6500 20 25
124.8500 13.6548 20 25
124.8284 13.7000 20 25
124.8031 13.7500 20 25
124.8000 13.7559 20 25
124.7777 13.8000 20 25
124.7501 13.8500 20 25
124.7500 13.8502 20 25
124.7220 13.9000 20 25
124.7000 13.9356 20 25
124.6913 13.9500 20 25
124.6588 14.0000 20 25
124.6500 14.0126 20 25
124.6244 14.0500 20 25
124.6000 14.0829 20 25
124.5875 14.1000 20 25
124.5500 14.1478 20 25
124.5483 14.1500 20 25
124.5074 14.2000 20 25
124.5000 14.2085 20 25
124.4643 14.2500 20 25
124.4500 14.2657 20 25
124.4189 14.3000 20 25
124.4000 14.3198 20 25
124.3712 14.3500 20 25
124.3500 14.3713 20 25
124.3212 14.4000 20 25
124.3000 14.4204 20 25
124.2690 14.4500 20 25
124.2500 14.4676 20 25
124.2145 14.5000 20 25
124.2000 14.5129 20 25
124.1577 14.5500 20 25
124.1500 14.5567 20 25
124.1000 14.5989 20 25
124.0987 14.6000 20 25
124.0500 14.6402 20 25
124.0378 14.6500 20 25
124.0000 14.6800 20 25
123.9740 14.7000 20 25
123.9500 14.7183 20 25
123.9067 14.7500 20 25
123.9000 14.7549 20 25
123.8500 14.7906 20 25
123.8364 14.8000 20 25
123.8000 14.8253 20 25
123.7627 14.8500 20 25
123.7500 14.8586 20 25
123.7000 14.8914 20 25
123.6866 14.9000 20 25
123.6500 14.9241 20 25
123.6092 14.9500 20 25
123.6000 14.9560 20 25
123.5500 14.9886 20 25
123.5322 15.0000 20 25
123.5000 15.0214 20 25
123.4554 15.0500 20 25
123.4500 15.0536 20 25
123.4000 15.0867 20 25
123.3789 15.1000 20 25
123.3500 15.1191 20 25
123.3000 15.1499 20 25
123.2998 15.1500 20 25
123.2500 15.1809 20 25
123.2160 15.2000 20 25
123.2000 15.2094 20 25
123.1500 15.2365 20 25
123.1225 15.2500 20 25
123.1000 15.2617 20 25
123.0500 15.2853 20 25
123.0157 15.3000 20 25
123.0000 15.3072 20 25
122.9500 15.3288 20 25
122.9000 15.3485 20 25
122.8963 15.3500 20 25
122.8500 15.3699 20 25
122.8000 15.3908 20 25
122.7782 15.4000 20 25
122.7500 15.4135 20 25
122.7000 15.4381 20 25
122.6773 15.4500 20 25
122.6500 15.4664 20 25
122.6000 15.4984 20 25
122.5978 15.5000 20 25
122.5500 15.5395 20 25
122.5385 15.5500 20 25
122.5000 15.5920 20 25
122.4935 15.6000 20 25
122.4606 15.6500 20 25
122.4500 15.6708 20 25
122.4370 15.7000 20 25
122.4210 15.7500 20 25
122.4108 15.8000 20 25
122.4059 15.8500 20 25
122.4057 15.9000 20 25
122.4096 15.9500 20 25
122.4167 16.0000 20 25
122.4266 16.0500 20 25
122.4384 16.1000 20 25
122.4500 16.1436 20 25
122.4519 16.1500 20 25
122.4678 16.2000 20 25
122.4839 16.2500 20 25
122.4999 16.3000 20 25
122.5000 16.3004 20 25
122.5173 16.3500 20 25
122.5337 16.4000 20 25
122.5491 16.4500 20 25
122.5500 16.4529 20 25
122.5652 16.5000 20 25
122.5801 16.5500 20 25
122.5937 16.6000 20 25
122.6000 16.6241 20 25
122.6073 16.6500 20 25
122.6208 16.7000 20 25
122.6335 16.7500 20 25
122.6457 16.8000 20 25
122.6500 16.8176 20 25
122.6588 16.8500 20 25
122.6725 16.9000 20 25
122.6864 16.9500 20 25
122.7000 16.9972 20 25
> Contour Depth = 20
127.2851 6.3000 20 26
127.2903 6.2500 20 26
127.2967 6.2000 20 26
127.3000 6.1788 20 26
127.3052 6.1500 20 26
127.3156 6.1000 20 26
127.3269 6.0500 20 26
127.3388 6.0000 20 26
127.3500 5.9538 20 26
127.3511 5.9500 20 26
127.3652 5.9000 20 26
127.3789 5.8500 20 26
127.3919 5.8000 20 26
127.4000 5.7675 20 26
127.4049 5.7500 20 26
127.4185 5.7000 20 26
127.4315 5.6500 20 26
127.4439 5.6000 20 26
127.4500 5.5757 20 26
127.4572 5.5500 20 26
127.4714 5.5000 20 26
127.4858 5.4500 20 26
127.5000 5.4019 20 26
127.5006 5.4000 20 26
127.5182 5.3500 20 26
127.5360 5.3000 20 26
127.5500 5.2616 20 26
127.5547 5.2500 20 26
127.5756 5.2000 20 26
127.5963 5.1500 20 26
127.6000 5.1416 20 26
127.6196 5.1000 20 26
127.6433 5.0500 20 26
127.6500 5.0367 20 26
127.6699 5.0000 20 26
127.6979 4.9500 20 26
127.7000 4.9465 20 26
127.7308 4.9000 20 26
127.7500 4.8727 20 26
127.7674 4.8500 20 26
127.8000 4.8102 20 26
127.8091 4.8000 20 26
127.8500 4.7567 20 26
127.8567 4.7500 20 26
127.9000 4.7091 20 26
127.9100 4.7000 20 26
127.9500 4.6646 20 26
127.9666 4.6500 20 26
128.0000 4.6206 20 26
128.0230 4.6000 20 26
128.0500 4.5752 20 26
128.0764 4.5500 20 26
128.1000 4.5263 20 26
128.1252 4.5000 20 26
128.1500 4.4721 20 26
128.1691 4.4500 20 26
128.2000 4.4109 20 26
128.2084 4.4000 20 26
128.2444 4.3500 20 26
128.2500 4.3417 20 26
128.2783 4.3000 20 26
128.3000 4.2651 20 26
128.3096 4.2500 20 26
128.3398 4.2000 20 26
128.3500 4.1822 20 26
128.3693 4.1500 20 26
128.3972 4.1000 20 26
128.4000 4.0949 20 26
128.4258 4.0500 20 26
128.4500 4.0044 20 26
128.4525 4.0000 20 26
128.4798 3.9500 20 26
128.5000 3.9098 20 26
128.5052 3.9000 20 26
128.5308 3.8500 20 26
128.5500 3.8090 20 26
128.5545 3.8000 20 26
128.5783 3.7500 20 26
128.6000 3.7000 20 26
128.6000 3.6999 20 26
128.6223 3.6500 20 26
128.6427 3.6000 20 26
128.6500 3.5812 20 26
128.6630 3.5500 20 26
128.6825 3.5000 20 26
128.7000 3.4516 20 26
128.7006 3.4500 20 26
128.7193 3.4000 20 26
128.7367 3.3500 20 26
128.7500 3.3090 20 26
128.7531 3.3000 20 26
128.7699 3.2500 20 26
128.7856 3.2000 20 26
128.8000 3.1513 20 26
128.8004 3.1500 20 26
128.8161 3.1000 20 26
128.8311 3.0500 20 26
128.8456 3.0000 20 26
128.8500 2.9850 20 26
128.8609 2.9500 20 26
128.8763 2.9000 20 26
128.8912 2.8500 20 26
128.9000 2.8201 20 26
128.9064 2.8000 20 26
128.9220 2.7500 20 26
128.9367 2.7000 20 26
128.9500 2.6523 20 26
128.9507 2.6500 20 26
128.9652 2.6000 20 26
128.9786 2.5500 20 26
128.9910 2.5000 20 26
129.0000 2.4603 20 26
129.0026 2.4500 20 26
129.0144 2.4000 20 26
129.0253 2.3500 20 26
129.0355 2.3000 20 26
129.0451 2.2500 20 26
129.0500 2.2241 20 26
129.0550 2.2000 20 26
129.0652 2.1500 20 26
129.0750 2.1000 20 26
129.0846 2.0500 20 26
129.0939 2.0000 20 26
129.1000 1.9663 20 26
129.1033 1.9500 20 26
129.1133 1.9000 20 26
129.1228 1.8500 20 26
129.1318 1.8000 20 26
129.1404 1.7500 20 26
129.1484 1.7000 20 26
129.1500 1.6899 20 26
129.1570 1.6500 20 26
129.1655 1.6000 20 26
129.1739 1.5500 20 26
129.1825 1.5000 20 26
129.1917 1.4500 20 26
129.2000 1.4103 20 26
