> Contour Depth = -80
133.8500 0.0573 -80 1
133.8539 0.0500 -80 1
133.8813 0.0000 -80 1
133.9000 -0.0329 -80 1
133.9119 -0.0500 -80 1
133.9476 -0.1000 -80 1
133.9500 -0.1033 -80 1
133.9929 -0.1500 -80 1
134.0000 -0.1576 -80 1
134.0500 -0.1980 -80 1
134.0537 -0.2000 -80 1
134.1000 -0.2250 -80 1
134.1500 -0.2387 -80 1
134.2000 -0.2376 -80 1
134.2500 -0.2201 -80 1
134.2789 -0.2000 -80 1
134.3000 -0.1850 -80 1
134.3331 -0.1500 -80 1
134.3500 -0.1322 -80 1
134.3733 -0.1000 -80 1
134.4000 -0.0637 -80 1
134.4082 -0.0500 -80 1
134.4390 0.0000 -80 1
134.4500 0.0172 -80 1
134.4676 0.0500 -80 1
134.4952 0.1000 -80 1
134.5000 0.1084 -80 1
134.5206 0.1500 -80 1
134.5459 0.2000 -80 1
134.5500 0.2078 -80 1
134.5696 0.2500 -80 1
> Contour Depth = -80
141.7747 -4.0000 -80 2
141.7500 -3.9608 -80 2
141.7421 -3.9500 -80 2
141.7055 -3.9000 -80 2
141.7000 -3.8917 -80 2
141.6667 -3.8500 -80 2
141.6500 -3.8248 -80 2
141.6324 -3.8000 -80 2
141.6206 -3.7500 -80 2
141.6500 -3.7231 -80 2
141.7000 -3.7292 -80 2
141.7500 -3.7487 -80 2
141.7523 -3.7500 -80 2
141.8000 -3.7783 -80 2
141.8428 -3.8000 -80 2
141.8500 -3.8037 -80 2
141.9000 -3.8304 -80 2
> Contour Depth = -80
135.7897 -5.1500 -80 3
135.8000 -5.1076 -80 3
135.8018 -5.1000 -80 3
135.8134 -5.0500 -80 3
135.8241 -5.0000 -80 3
135.8340 -4.9500 -80 3
135.8432 -4.9000 -80 3
135.8500 -4.8610 -80 3
135.8520 -4.8500 -80 3
135.8608 -4.8000 -80 3
135.8697 -4.7500 -80 3
135.8789 -4.7000 -80 3
135.8889 -4.6500 -80 3
135.9000 -4.6007 -80 3
135.9002 -4.6000 -80 3
135.9149 -4.5500 -80 3
135.9329 -4.5000 -80 3
135.9500 -4.4611 -80 3
135.9558 -4.4500 -80 3
135.9877 -4.4000 -80 3
136.0000 -4.3839 -80 3
136.0331 -4.3500 -80 3
136.0500 -4.3349 -80 3
136.1000 -4.3019 -80 3
136.1041 -4.3000 -80 3
136.1500 -4.2797 -80 3
136.2000 -4.2654 -80 3
136.2500 -4.2572 -80 3
136.3000 -4.2542 -80 3
136.3500 -4.2559 -80 3
136.4000 -4.2621 -80 3
136.4500 -4.2729 -80 3
136.5000 -4.2886 -80 3
136.5276 -4.3000 -80 3
136.5500 -4.3099 -80 3
136.6000 -4.3379 -80 3
136.6178 -4.3500 -80 3
136.6500 -4.3743 -80 3
136.6785 -4.4000 -80 3
136.7000 -4.4220 -80 3
136.7237 -4.4500 -80 3
136.7500 -4.4859 -80 3
136.7592 -4.5000 -80 3
136.7875 -4.5500 -80 3
136.8000 -4.5757 -80 3
136.8108 -4.6000 -80 3
136.8302 -4.6500 -80 3
136.8471 -4.7000 -80 3
136.8500 -4.7095 -80 3
136.8615 -4.7500 -80 3
136.8742 -4.8000 -80 3
> Contour Depth = -100
133.4139 -0.2500 -100 4
133.4325 -0.3000 -100 4
133.4500 -0.3413 -100 4
133.4535 -0.3500 -100 4
133.4756 -0.4000 -100 4
133.5000 -0.4477 -100 4
133.5011 -0.4500 -100 4
133.5284 -0.5000 -100 4
133.5500 -0.5348 -100 4
133.5593 -0.5500 -100 4
133.5929 -0.6000 -100 4
133.6000 -0.6098 -100 4
133.6290 -0.6500 -100 4
133.6500 -0.6773 -100 4
133.6674 -0.7000 -100 4
133.7000 -0.7412 -100 4
133.7070 -0.7500 -100 4
133.7464 -0.8000 -100 4
133.7500 -0.8047 -100 4
133.7845 -0.8500 -100 4
133.8000 -0.8714 -100 4
133.8206 -0.9000 -100 4
133.8500 -0.9440 -100 4
133.8541 -0.9500 -100 4
133.8846 -1.0000 -100 4
133.9000 -1.0282 -100 4
133.9124 -1.0500 -100 4
133.9378 -1.1000 -100 4
133.9500 -1.1269 -100 4
133.9615 -1.1500 -100 4
133.9844 -1.2000 -100 4
134.0000 -1.2356 -100 4
134.0075 -1.2500 -100 4
134.0336 -1.3000 -100 4
134.0500 -1.3289 -100 4
134.0666 -1.3500 -100 4
134.1000 -1.3860 -100 4
134.1233 -1.4000 -100 4
134.1500 -1.4132 -100 4
134.2000 -1.4216 -100 4
134.2500 -1.4187 -100 4
134.3000 -1.4084 -100 4
134.3262 -1.4000 -100 4
134.3500 -1.3926 -100 4
134.4000 -1.3724 -100 4
134.4480 -1.3500 -100 4
134.4500 -1.3491 -100 4
134.5000 -1.3214 -100 4
134.5349 -1.3000 -100 4
134.5500 -1.2903 -100 4
134.6000 -1.2548 -100 4
134.6063 -1.2500 -100 4
134.6500 -1.2137 -100 4
134.6654 -1.2000 -100 4
134.7000 -1.1661 -100 4
134.7156 -1.1500 -100 4
134.7500 -1.1100 -100 4
134.7583 -1.1000 -100 4
134.7948 -1.0500 -100 4
134.8000 -1.0419 -100 4
134.8264 -1.0000 -100 4
134.8500 -0.9561 -100 4
134.8533 -0.9500 -100 4
134.8767 -0.9000 -100 4
134.8964 -0.8500 -100 4
134.9000 -0.8395 -100 4
134.9138 -0.8000 -100 4
134.9285 -0.7500 -100 4
134.9410 -0.7000 -100 4
134.9500 -0.6577 -100 4
134.9517 -0.6500 -100 4
134.9614 -0.6000 -100 4
134.9699 -0.5500 -100 4
134.9773 -0.5000 -100 4
134.9839 -0.4500 -100 4
134.9899 -0.4000 -100 4
134.9955 -0.3500 -100 4
135.0000 -0.3061 -100 4
135.0007 -0.3000 -100 4
135.0058 -0.2500 -100 4
135.0108 -0.2000 -100 4
135.0155 -0.1500 -100 4
135.0202 -0.1000 -100 4
135.0249 -0.0500 -100 4
135.0297 0.0000 -100 4
135.0348 0.0500 -100 4
135.0405 0.1000 -100 4
135.0469 0.1500 -100 4
135.0500 0.1702 -100 4
135.0549 0.2000 -100 4
> Contour Depth = -100
137.8073 -0.5500 -100 5
137.8448 -0.6000 -100 5
137.8500 -0.6083 -100 5
137.8737 -0.6500 -100 5
137.8964 -0.7000 -100 5
137.9000 -0.7098 -100 5
137.9134 -0.7500 -100 5
137.9261 -0.8000 -100 5
137.9352 -0.8500 -100 5
137.9413 -0.9000 -100 5
137.9448 -0.9500 -100 5
137.9462 -1.0000 -100 5
137.9456 -1.0500 -100 5
137.9434 -1.1000 -100 5
137.9396 -1.1500 -100 5
137.9344 -1.2000 -100 5
137.9276 -1.2500 -100 5
137.9193 -1.3000 -100 5
137.9092 -1.3500 -100 5
137.9000 -1.3876 -100 5
137.8972 -1.4000 -100 5
137.8834 -1.4500 -100 5
137.8669 -1.5000 -100 5
137.8500 -1.5417 -100 5
137.8469 -1.5500 -100 5
137.8236 -1.6000 -100 5
137.8000 -1.6406 -100 5
137.7949 -1.6500 -100 5
137.7605 -1.7000 -100 5
137.7500 -1.7118 -100 5
137.7184 -1.7500 -100 5
137.7000 -1.7675 -100 5
137.6676 -1.8000 -100 5
137.6500 -1.8142 -100 5
137.6077 -1.8500 -100 5
137.6000 -1.8555 -100 5
137.5500 -1.8923 -100 5
137.5397 -1.9000 -100 5
137.5000 -1.9267 -100 5
137.4657 -1.9500 -100 5
137.4500 -1.9603 -100 5
137.4000 -1.9925 -100 5
137.3880 -2.0000 -100 5
137.3500 -2.0243 -100 5
137.3082 -2.0500 -100 5
137.3000 -2.0555 -100 5
137.2500 -2.0861 -100 5
137.2252 -2.1000 -100 5
137.2000 -2.1160 -100 5
137.1500 -2.1443 -100 5
137.1382 -2.1500 -100 5
137.1000 -2.1714 -100 5
137.0500 -2.1949 -100 5
137.0358 -2.2000 -100 5
137.0000 -2.2154 -100 5
136.9500 -2.2305 -100 5
136.9000 -2.2388 -100 5
136.8500 -2.2396 -100 5
136.8000 -2.2316 -100 5
136.7500 -2.2134 -100 5
136.7267 -2.2000 -100 5
136.7000 -2.1841 -100 5
136.6590 -2.1500 -100 5
136.6500 -2.1420 -100 5
136.6125 -2.1000 -100 5
136.6000 -2.0844 -100 5
136.5765 -2.0500 -100 5
136.5500 -2.0047 -100 5
136.5476 -2.0000 -100 5
136.5242 -1.9500 -100 5
136.5053 -1.9000 -100 5
136.5000 -1.8831 -100 5
136.4902 -1.8500 -100 5
136.4787 -1.8000 -100 5
136.4705 -1.7500 -100 5
136.4655 -1.7000 -100 5
136.4636 -1.6500 -100 5
136.4648 -1.6000 -100 5
136.4688 -1.5500 -100 5
136.4758 -1.5000 -100 5
136.4857 -1.4500 -100 5
136.4984 -1.4000 -100 5
136.5000 -1.3947 -100 5
136.5137 -1.3500 -100 5
136.5316 -1.3000 -100 5
136.5500 -1.2549 -100 5
136.5520 -1.2500 -100 5
136.5746 -1.2000 -100 5
136.5994 -1.1500 -100 5
136.6000 -1.1489 -100 5
136.6260 -1.1000 -100 5
136.6500 -1.0573 -100 5
136.6543 -1.0500 -100 5
136.6840 -1.0000 -100 5
136.7000 -0.9736 -100 5
136.7150 -0.9500 -100 5
136.7469 -0.9000 -100 5
136.7500 -0.8950 -100 5
136.7799 -0.8500 -100 5
136.8000 -0.8195 -100 5
136.8137 -0.8000 -100 5
136.8481 -0.7500 -100 5
136.8500 -0.7471 -100 5
136.8838 -0.7000 -100 5
136.9000 -0.6770 -100 5
136.9207 -0.6500 -100 5
136.9500 -0.6108 -100 5
136.9590 -0.6000 -100 5
136.9996 -0.5500 -100 5
137.0000 -0.5495 -100 5
137.0449 -0.5000 -100 5
137.0500 -0.4944 -100 5
137.0972 -0.4500 -100 5
> Contour Depth = -100
138.2000 -2.1417 -100 6
138.2500 -2.1166 -100 6
138.3000 -2.1036 -100 6
138.3500 -2.1007 -100 6
138.4000 -2.1071 -100 6
138.4500 -2.1231 -100 6
138.5000 -2.1496 -100 6
138.5005 -2.1500 -100 6
138.5500 -2.1883 -100 6
138.5619 -2.2000 -100 6
138.6000 -2.2428 -100 6
138.6055 -2.2500 -100 6
138.6383 -2.3000 -100 6
138.6500 -2.3217 -100 6
138.6641 -2.3500 -100 6
138.6842 -2.4000 -100 6
138.6997 -2.4500 -100 6
138.7000 -2.4513 -100 6
138.7109 -2.5000 -100 6
138.7181 -2.5500 -100 6
138.7215 -2.6000 -100 6
138.7208 -2.6500 -100 6
138.7159 -2.7000 -100 6
138.7062 -2.7500 -100 6
138.7000 -2.7713 -100 6
138.6909 -2.8000 -100 6
138.6693 -2.8500 -100 6
138.6500 -2.8848 -100 6
138.6403 -2.9000 -100 6
138.6027 -2.9500 -100 6
138.6000 -2.9533 -100 6
138.5538 -3.0000 -100 6
138.5500 -3.0038 -100 6
138.5000 -3.0438 -100 6
138.4895 -3.0500 -100 6
138.4500 -3.0762 -100 6
138.4000 -3.0998 -100 6
138.3991 -3.1000 -100 6
138.3500 -3.1173 -100 6
138.3000 -3.1243 -100 6
138.2500 -3.1184 -100 6
138.2108 -3.1000 -100 6
138.2000 -3.0953 -100 6
138.1500 -3.0533 -100 6
138.1474 -3.0500 -100 6
138.1075 -3.0000 -100 6
138.1000 -2.9902 -100 6
138.0763 -2.9500 -100 6
138.0509 -2.9000 -100 6
138.0500 -2.8980 -100 6
138.0313 -2.8500 -100 6
138.0164 -2.8000 -100 6
138.0058 -2.7500 -100 6
138.0000 -2.7047 -100 6
137.9994 -2.7000 -100 6
137.9969 -2.6500 -100 6
137.9977 -2.6000 -100 6
138.0000 -2.5722 -100 6
138.0017 -2.5500 -100 6
138.0088 -2.5000 -100 6
138.0189 -2.4500 -100 6
138.0321 -2.4000 -100 6
138.0487 -2.3500 -100 6
138.0500 -2.3469 -100 6
138.0705 -2.3000 -100 6
138.0973 -2.2500 -100 6
138.1000 -2.2457 -100 6
138.1347 -2.2000 -100 6
138.1500 -2.1827 -100 6
138.1892 -2.1500 -100 6
138.2000 -2.1417 -100 6
> Contour Depth = -100
135.4905 -4.9500 -100 7
135.5000 -4.9279 -100 7
135.5113 -4.9000 -100 7
135.5313 -4.8500 -100 7
135.5500 -4.8020 -100 7
135.5507 -4.8000 -100 7
135.5691 -4.7500 -100 7
135.5868 -4.7000 -100 7
135.6000 -4.6612 -100 7
135.6036 -4.6500 -100 7
135.6194 -4.6000 -100 7
135.6342 -4.5500 -100 7
135.6479 -4.5000 -100 7
135.6500 -4.4916 -100 7
135.6603 -4.4500 -100 7
135.6711 -4.4000 -100 7
135.6801 -4.3500 -100 7
135.6872 -4.3000 -100 7
135.6920 -4.2500 -100 7
135.6946 -4.2000 -100 7
135.6948 -4.1500 -100 7
135.6931 -4.1000 -100 7
135.6897 -4.0500 -100 7
135.6853 -4.0000 -100 7
135.6804 -3.9500 -100 7
135.6759 -3.9000 -100 7
135.6722 -3.8500 -100 7
135.6700 -3.8000 -100 7
135.6694 -3.7500 -100 7
135.6705 -3.7000 -100 7
135.6734 -3.6500 -100 7
135.6778 -3.6000 -100 7
135.6835 -3.5500 -100 7
135.6904 -3.5000 -100 7
135.6981 -3.4500 -100 7
135.7000 -3.4393 -100 7
135.7075 -3.4000 -100 7
135.7177 -3.3500 -100 7
135.7283 -3.3000 -100 7
135.7394 -3.2500 -100 7
135.7500 -3.2043 -100 7
135.7511 -3.2000 -100 7
135.7649 -3.1500 -100 7
135.7793 -3.1000 -100 7
135.7945 -3.0500 -100 7
135.8000 -3.0344 -100 7
135.8129 -3.0000 -100 7
135.8342 -2.9500 -100 7
135.8500 -2.9173 -100 7
135.8596 -2.9000 -100 7
135.8926 -2.8500 -100 7
135.9000 -2.8401 -100 7
135.9392 -2.8000 -100 7
135.9500 -2.7897 -100 7
136.0000 -2.7566 -100 7
136.0151 -2.7500 -100 7
136.0500 -2.7345 -100 7
136.1000 -2.7205 -100 7
136.1500 -2.7121 -100 7
136.2000 -2.7076 -100 7
136.2500 -2.7055 -100 7
136.3000 -2.7049 -100 7
136.3500 -2.7051 -100 7
136.4000 -2.7056 -100 7
136.4500 -2.7063 -100 7
136.5000 -2.7070 -100 7
136.5500 -2.7080 -100 7
136.6000 -2.7099 -100 7
136.6500 -2.7132 -100 7
136.7000 -2.7189 -100 7
136.7500 -2.7283 -100 7
136.8000 -2.7426 -100 7
136.8181 -2.7500 -100 7
136.8500 -2.7614 -100 7
136.9000 -2.7856 -100 7
136.9232 -2.8000 -100 7
136.9500 -2.8155 -100 7
136.9991 -2.8500 -100 7
137.0000 -2.8506 -100 7
137.0500 -2.8899 -100 7
137.0616 -2.9000 -100 7
137.1000 -2.9336 -100 7
137.1177 -2.9500 -100 7
137.1500 -2.9809 -100 7
137.1696 -3.0000 -100 7
137.2000 -3.0311 -100 7
137.2187 -3.0500 -100 7
137.2500 -3.0834 -100 7
137.2662 -3.1000 -100 7
137.3000 -3.1370 -100 7
137.3127 -3.1500 -100 7
137.3500 -3.1910 -100 7
137.3590 -3.2000 -100 7
137.4000 -3.2445 -100 7
137.4056 -3.2500 -100 7
137.4500 -3.2974 -100 7
137.4527 -3.3000 -100 7
137.5000 -3.3499 -100 7
137.5001 -3.3500 -100 7
137.5472 -3.4000 -100 7
137.5500 -3.4036 -100 7
137.5918 -3.4500 -100 7
137.6000 -3.4618 -100 7
137.6307 -3.5000 -100 7
137.6500 -3.5355 -100 7
137.6590 -3.5500 -100 7
137.6756 -3.6000 -100 7
137.6790 -3.6500 -100 7
137.6713 -3.7000 -100 7
137.6545 -3.7500 -100 7
137.6500 -3.7589 -100 7
137.6316 -3.8000 -100 7
137.6033 -3.8500 -100 7
137.6000 -3.8549 -100 7
137.5720 -3.9000 -100 7
137.5500 -3.9321 -100 7
137.5384 -3.9500 -100 7
137.5042 -4.0000 -100 7
137.5000 -4.0059 -100 7
137.4707 -4.0500 -100 7
137.4500 -4.0821 -100 7
137.4392 -4.1000 -100 7
137.4107 -4.1500 -100 7
137.4000 -4.1703 -100 7
137.3858 -4.2000 -100 7
137.3646 -4.2500 -100 7
137.3500 -4.2894 -100 7
137.3465 -4.3000 -100 7
137.3317 -4.3500 -100 7
137.3189 -4.4000 -100 7
137.3078 -4.4500 -100 7
137.3000 -4.4885 -100 7
137.2980 -4.5000 -100 7
137.2896 -4.5500 -100 7
137.2820 -4.6000 -100 7
137.2749 -4.6500 -100 7
137.2683 -4.7000 -100 7
137.2621 -4.7500 -100 7
137.2563 -4.8000 -100 7
> Contour Depth = -100
139.0251 -5.3000 -100 8
139.0407 -5.2500 -100 8
139.0500 -5.2224 -100 8
139.0583 -5.2000 -100 8
139.0781 -5.1500 -100 8
139.0997 -5.1000 -100 8
139.1000 -5.0992 -100 8
139.1250 -5.0500 -100 8
139.1500 -5.0047 -100 8
139.1530 -5.0000 -100 8
139.1866 -4.9500 -100 8
139.2000 -4.9313 -100 8
139.2270 -4.9000 -100 8
139.2500 -4.8749 -100 8
139.2786 -4.8500 -100 8
139.3000 -4.8322 -100 8
139.3500 -4.8005 -100 8
139.3510 -4.8000 -100 8
139.4000 -4.7766 -100 8
139.4500 -4.7591 -100 8
139.4836 -4.7500 -100 8
139.5000 -4.7456 -100 8
139.5500 -4.7342 -100 8
139.6000 -4.7239 -100 8
139.6500 -4.7137 -100 8
139.7000 -4.7028 -100 8
139.7111 -4.7000 -100 8
139.7500 -4.6900 -100 8
139.8000 -4.6754 -100 8
139.8500 -4.6590 -100 8
139.8746 -4.6500 -100 8
139.9000 -4.6401 -100 8
139.9500 -4.6183 -100 8
139.9877 -4.6000 -100 8
140.0000 -4.5935 -100 8
140.0500 -4.5642 -100 8
140.0717 -4.5500 -100 8
140.1000 -4.5291 -100 8
140.1345 -4.5000 -100 8
140.1500 -4.4850 -100 8
140.1816 -4.4500 -100 8
140.2000 -4.4262 -100 8
140.2177 -4.4000 -100 8
140.2465 -4.3500 -100 8
140.2500 -4.3435 -100 8
140.2704 -4.3000 -100 8
140.2915 -4.2500 -100 8
140.3000 -4.2294 -100 8
140.3108 -4.2000 -100 8
140.3293 -4.1500 -100 8
140.3482 -4.1000 -100 8
140.3500 -4.0957 -100 8
140.3679 -4.0500 -100 8
140.3898 -4.0000 -100 8
140.4000 -3.9810 -100 8
140.4163 -3.9500 -100 8
140.4500 -3.9011 -100 8
140.4508 -3.9000 -100 8
140.5000 -3.8547 -100 8
140.5063 -3.8500 -100 8
140.5500 -3.8285 -100 8
140.6000 -3.8110 -100 8
140.6436 -3.8000 -100 8
140.6500 -3.7989 -100 8
140.7000 -3.7914 -100 8
140.7500 -3.7843 -100 8
140.8000 -3.7765 -100 8
140.8500 -3.7670 -100 8
140.9000 -3.7547 -100 8
140.9155 -3.7500 -100 8
140.9500 -3.7398 -100 8
141.0000 -3.7204 -100 8
141.0397 -3.7000 -100 8
141.0500 -3.6943 -100 8
141.1000 -3.6599 -100 8
141.1118 -3.6500 -100 8
141.1500 -3.6132 -100 8
141.1619 -3.6000 -100 8
141.2000 -3.5510 -100 8
141.2007 -3.5500 -100 8
141.2340 -3.5000 -100 8
141.2500 -3.4734 -100 8
141.2648 -3.4500 -100 8
141.2956 -3.4000 -100 8
141.3000 -3.3927 -100 8
141.3313 -3.3500 -100 8
141.3500 -3.3257 -100 8
141.3770 -3.3000 -100 8
141.4000 -3.2793 -100 8
141.4500 -3.2514 -100 8
141.4548 -3.2500 -100 8
141.5000 -3.2365 -100 8
141.5500 -3.2327 -100 8
141.6000 -3.2376 -100 8
141.6488 -3.2500 -100 8
141.6500 -3.2503 -100 8
141.7000 -3.2692 -100 8
141.7500 -3.2954 -100 8
141.7573 -3.3000 -100 8
141.8000 -3.3274 -100 8
141.8297 -3.3500 -100 8
141.8500 -3.3657 -100 8
141.8903 -3.4000 -100 8
141.9000 -3.4083 -100 8
141.9467 -3.4500 -100 8
141.9500 -3.4529 -100 8
142.0000 -3.4960 -100 8
142.0049 -3.5000 -100 8
142.0500 -3.5348 -100 8
142.0719 -3.5500 -100 8
142.1000 -3.5682 -100 8
> Contour Depth = -100
140.6084 -5.1000 -100 9
140.6337 -5.0500 -100 9
140.6500 -5.0253 -100 9
140.6741 -5.0000 -100 9
140.7000 -4.9790 -100 9
140.7500 -4.9563 -100 9
140.7846 -4.9500 -100 9
140.8000 -4.9477 -100 9
140.8500 -4.9488 -100 9
140.8568 -4.9500 -100 9
140.9000 -4.9577 -100 9
140.9500 -4.9730 -100 9
141.0000 -4.9941 -100 9
141.0110 -5.0000 -100 9
> Contour Depth = -100
142.7988 -2.4500 -100 10
142.7965 -2.5000 -100 10
142.7947 -2.5500 -100 10
142.7934 -2.6000 -100 10
142.7925 -2.6500 -100 10
142.7919 -2.7000 -100 10
> Contour Depth = -120
133.2629 -3.2500 -120 11
133.3000 -3.2178 -120 11
133.3222 -3.2000 -120 11
133.3500 -3.1768 -120 11
133.3846 -3.1500 -120 11
133.4000 -3.1376 -120 11
133.4500 -3.1000 -120 11
133.4500 -3.1000 -120 11
133.5000 -3.0633 -120 11
133.5192 -3.0500 -120 11
133.5500 -3.0280 -120 11
133.5913 -3.0000 -120 11
133.6000 -2.9939 -120 11
133.6500 -2.9605 -120 11
133.6661 -2.9500 -120 11
133.7000 -2.9275 -120 11
133.7421 -2.9000 -120 11
133.7500 -2.8947 -120 11
133.8000 -2.8613 -120 11
133.8165 -2.8500 -120 11
133.8500 -2.8267 -120 11
133.8866 -2.8000 -120 11
133.9000 -2.7901 -120 11
133.9500 -2.7507 -120 11
133.9508 -2.7500 -120 11
134.0000 -2.7072 -120 11
134.0076 -2.7000 -120 11
134.0500 -2.6586 -120 11
134.0580 -2.6500 -120 11
134.1000 -2.6031 -120 11
134.1026 -2.6000 -120 11
134.1416 -2.5500 -120 11
134.1500 -2.5386 -120 11
134.1760 -2.5000 -120 11
134.2000 -2.4617 -120 11
134.2067 -2.4500 -120 11
134.2336 -2.4000 -120 11
134.2500 -2.3667 -120 11
134.2576 -2.3500 -120 11
134.2790 -2.3000 -120 11
134.2988 -2.2500 -120 11
134.3000 -2.2470 -120 11
134.3175 -2.2000 -120 11
134.3366 -2.1500 -120 11
134.3500 -2.1179 -120 11
134.3575 -2.1000 -120 11
134.3821 -2.0500 -120 11
134.4000 -2.0200 -120 11
134.4127 -2.0000 -120 11
134.4500 -1.9527 -120 11
134.4524 -1.9500 -120 11
134.5000 -1.9046 -120 11
134.5056 -1.9000 -120 11
134.5500 -1.8678 -120 11
134.5788 -1.8500 -120 11
134.6000 -1.8379 -120 11
134.6500 -1.8136 -120 11
134.6839 -1.8000 -120 11
134.7000 -1.7936 -120 11
134.7500 -1.7773 -120 11
134.8000 -1.7643 -120 11
134.8500 -1.7545 -120 11
134.8831 -1.7500 -120 11
134.9000 -1.7476 -120 11
134.9500 -1.7435 -120 11
135.0000 -1.7426 -120 11
135.0500 -1.7450 -120 11
135.0916 -1.7500 -120 11
135.1000 -1.7510 -120 11
135.1500 -1.7607 -120 11
135.2000 -1.7748 -120 11
135.2500 -1.7943 -120 11
135.2618 -1.8000 -120 11
135.3000 -1.8193 -120 11
135.3474 -1.8500 -120 11
135.3500 -1.8517 -120 11
135.4000 -1.8918 -120 11
135.4087 -1.9000 -120 11
135.4500 -1.9412 -120 11
135.4577 -1.9500 -120 11
135.4991 -2.0000 -120 11
135.5000 -2.0011 -120 11
135.5359 -2.0500 -120 11
135.5500 -2.0700 -120 11
135.5692 -2.1000 -120 11
135.5997 -2.1500 -120 11
135.6000 -2.1505 -120 11
135.6285 -2.2000 -120 11
135.6500 -2.2406 -120 11
135.6546 -2.2500 -120 11
135.6790 -2.3000 -120 11
135.6999 -2.3500 -120 11
135.7000 -2.3503 -120 11
135.7188 -2.4000 -120 11
135.7335 -2.4500 -120 11
135.7437 -2.5000 -120 11
135.7490 -2.5500 -120 11
135.7491 -2.6000 -120 11
135.7434 -2.6500 -120 11
135.7313 -2.7000 -120 11
135.7128 -2.7500 -120 11
135.7000 -2.7763 -120 11
135.6887 -2.8000 -120 11
135.6604 -2.8500 -120 11
135.6500 -2.8671 -120 11
135.6286 -2.9000 -120 11
135.6000 -2.9430 -120 11
135.5948 -2.9500 -120 11
135.5598 -3.0000 -120 11
135.5500 -3.0148 -120 11
135.5243 -3.0500 -120 11
135.5000 -3.0858 -120 11
135.4894 -3.1000 -120 11
135.4553 -3.1500 -120 11
135.4500 -3.1586 -120 11
135.4222 -3.2000 -120 11
135.4000 -3.2365 -120 11
135.3911 -3.2500 -120 11
135.3618 -3.3000 -120 11
135.3500 -3.3227 -120 11
135.3349 -3.3500 -120 11
135.3108 -3.4000 -120 11
135.3000 -3.4258 -120 11
135.2894 -3.4500 -120 11
135.2713 -3.5000 -120 11
135.2567 -3.5500 -120 11
135.2500 -3.5800 -120 11
135.2455 -3.6000 -120 11
135.2378 -3.6500 -120 11
135.2337 -3.7000 -120 11
135.2333 -3.7500 -120 11
135.2365 -3.8000 -120 11
135.2431 -3.8500 -120 11
135.2500 -3.8843 -120 11
135.2531 -3.9000 -120 11
135.2664 -3.9500 -120 11
135.2825 -4.0000 -120 11
135.3000 -4.0472 -120 11
135.3010 -4.0500 -120 11
135.3210 -4.1000 -120 11
135.3411 -4.1500 -120 11
135.3500 -4.1737 -120 11
135.3597 -4.2000 -120 11
135.3748 -4.2500 -120 11
135.3852 -4.3000 -120 11
135.3897 -4.3500 -120 11
135.3876 -4.4000 -120 11
135.3792 -4.4500 -120 11
135.3652 -4.5000 -120 11
135.3500 -4.5408 -120 11
135.3463 -4.5500 -120 11
135.3227 -4.6000 -120 11
135.3000 -4.6433 -120 11
135.2962 -4.6500 -120 11
135.2665 -4.7000 -120 11
135.2500 -4.7268 -120 11
135.2349 -4.7500 -120 11
135.2018 -4.8000 -120 11
135.2000 -4.8027 -120 11
> Contour Depth = -120
139.4000 -1.7420 -120 12
139.4500 -1.7443 -120 12
139.4660 -1.7500 -120 12
139.5000 -1.7643 -120 12
139.5389 -1.8000 -120 12
139.5500 -1.8135 -120 12
139.5690 -1.8500 -120 12
139.5863 -1.9000 -120 12
139.5955 -1.9500 -120 12
139.5977 -2.0000 -120 12
139.5936 -2.0500 -120 12
139.5838 -2.1000 -120 12
139.5686 -2.1500 -120 12
139.5500 -2.1955 -120 12
139.5478 -2.2000 -120 12
139.5174 -2.2500 -120 12
139.5000 -2.2742 -120 12
139.4768 -2.3000 -120 12
139.4500 -2.3260 -120 12
139.4162 -2.3500 -120 12
139.4000 -2.3603 -120 12
139.3500 -2.3791 -120 12
139.3000 -2.3833 -120 12
139.2500 -2.3706 -120 12
139.2174 -2.3500 -120 12
139.2000 -2.3369 -120 12
139.1691 -2.3000 -120 12
139.1500 -2.2717 -120 12
139.1390 -2.2500 -120 12
139.1196 -2.2000 -120 12
139.1065 -2.1500 -120 12
139.1006 -2.1000 -120 12
139.1026 -2.0500 -120 12
139.1127 -2.0000 -120 12
139.1312 -1.9500 -120 12
139.1500 -1.9143 -120 12
139.1594 -1.9000 -120 12
139.1993 -1.8500 -120 12
139.2000 -1.8492 -120 12
139.2500 -1.8052 -120 12
139.2580 -1.8000 -120 12
139.3000 -1.7737 -120 12
139.3500 -1.7523 -120 12
139.3613 -1.7500 -120 12
139.4000 -1.7420 -120 12
> Contour Depth = -120
142.0317 -2.0000 -120 13
142.0500 -2.0345 -120 13
142.0597 -2.0500 -120 13
142.0921 -2.1000 -120 13
142.1000 -2.1116 -120 13
142.1343 -2.1500 -120 13
142.1500 -2.1662 -120 13
142.2000 -2.1994 -120 13
142.2016 -2.2000 -120 13
142.2500 -2.2163 -120 13
142.3000 -2.2183 -120 13
142.3500 -2.2079 -120 13
> Contour Depth = -120
140.8000 -3.1924 -120 14
140.8500 -3.1861 -120 14
140.9000 -3.1884 -120 14
140.9411 -3.2000 -120 14
140.9500 -3.2035 -120 14
141.0000 -3.2487 -120 14
141.0008 -3.2500 -120 14
141.0154 -3.3000 -120 14
141.0141 -3.3500 -120 14
141.0013 -3.4000 -120 14
141.0000 -3.4028 -120 14
140.9751 -3.4500 -120 14
140.9500 -3.4835 -120 14
140.9363 -3.5000 -120 14
140.9000 -3.5310 -120 14
140.8746 -3.5500 -120 14
140.8500 -3.5634 -120 14
140.8000 -3.5855 -120 14
140.7586 -3.6000 -120 14
140.7500 -3.6022 -120 14
140.7000 -3.6114 -120 14
140.6500 -3.6175 -120 14
140.6000 -3.6213 -120 14
140.5500 -3.6241 -120 14
140.5000 -3.6278 -120 14
140.4500 -3.6345 -120 14
140.4000 -3.6473 -120 14
140.3933 -3.6500 -120 14
140.3500 -3.6645 -120 14
140.3000 -3.6877 -120 14
140.2771 -3.7000 -120 14
140.2500 -3.7149 -120 14
140.2000 -3.7425 -120 14
140.1853 -3.7500 -120 14
140.1500 -3.7699 -120 14
140.1000 -3.7941 -120 14
140.0849 -3.8000 -120 14
140.0500 -3.8157 -120 14
140.0000 -3.8330 -120 14
139.9500 -3.8456 -120 14
139.9215 -3.8500 -120 14
139.9000 -3.8539 -120 14
139.8500 -3.8578 -120 14
139.8000 -3.8572 -120 14
139.7500 -3.8528 -120 14
139.7306 -3.8500 -120 14
139.7000 -3.8455 -120 14
139.6500 -3.8359 -120 14
139.6000 -3.8250 -120 14
139.5500 -3.8138 -120 14
139.5000 -3.8033 -120 14
139.4801 -3.8000 -120 14
139.4500 -3.7940 -120 14
139.4000 -3.7864 -120 14
139.3500 -3.7808 -120 14
139.3000 -3.7766 -120 14
139.2500 -3.7719 -120 14
139.2000 -3.7616 -120 14
139.1768 -3.7500 -120 14
139.1500 -3.7014 -120 14
139.1496 -3.7000 -120 14
139.1500 -3.6947 -120 14
139.1528 -3.6500 -120 14
139.1664 -3.6000 -120 14
139.1864 -3.5500 -120 14
139.2000 -3.5257 -120 14
139.2141 -3.5000 -120 14
139.2500 -3.4545 -120 14
139.2536 -3.4500 -120 14
139.3000 -3.4119 -120 14
139.3161 -3.4000 -120 14
139.3500 -3.3830 -120 14
139.4000 -3.3623 -120 14
139.4363 -3.3500 -120 14
139.4500 -3.3466 -120 14
139.5000 -3.3356 -120 14
139.5500 -3.3271 -120 14
139.6000 -3.3211 -120 14
139.6500 -3.3172 -120 14
139.7000 -3.3156 -120 14
139.7500 -3.3161 -120 14
139.8000 -3.3186 -120 14
139.8500 -3.3231 -120 14
139.9000 -3.3296 -120 14
139.9500 -3.3380 -120 14
140.0000 -3.3482 -120 14
140.0080 -3.3500 -120 14
140.0500 -3.3589 -120 14
140.1000 -3.3700 -120 14
140.1500 -3.3812 -120 14
140.2000 -3.3913 -120 14
140.2500 -3.3987 -120 14
140.2782 -3.4000 -120 14
140.3000 -3.4011 -120 14
140.3137 -3.4000 -120 14
140.3500 -3.3967 -120 14
140.4000 -3.3841 -120 14
140.4500 -3.3634 -120 14
140.4749 -3.3500 -120 14
140.5000 -3.3363 -120 14
140.5500 -3.3064 -120 14
140.5606 -3.3000 -120 14
140.6000 -3.2766 -120 14
140.6475 -3.2500 -120 14
140.6500 -3.2486 -120 14
140.7000 -3.2250 -120 14
140.7500 -3.2057 -120 14
140.7711 -3.2000 -120 14
140.8000 -3.1924 -120 14
> Contour Depth = -120
138.3500 -5.1061 -120 15
138.4000 -5.1236 -120 15
138.4285 -5.1500 -120 15
> Contour Depth = -140
134.9500 -2.3348 -140 16
135.0000 -2.3173 -140 16
135.0500 -2.3106 -140 16
135.1000 -2.3124 -140 16
135.1500 -2.3209 -140 16
135.2000 -2.3350 -140 16
135.2382 -2.3500 -140 16
135.2500 -2.3544 -140 16
135.3000 -2.3793 -140 16
135.3339 -2.4000 -140 16
135.3500 -2.4097 -140 16
135.4000 -2.4470 -140 16
135.4033 -2.4500 -140 16
135.4500 -2.4947 -140 16
135.4546 -2.5000 -140 16
135.4914 -2.5500 -140 16
135.5000 -2.5659 -140 16
135.5149 -2.6000 -140 16
135.5245 -2.6500 -140 16
135.5197 -2.7000 -140 16
135.5008 -2.7500 -140 16
135.5000 -2.7513 -140 16
135.4637 -2.8000 -140 16
135.4500 -2.8152 -140 16
135.4127 -2.8500 -140 16
135.4000 -2.8613 -140 16
135.3500 -2.8994 -140 16
135.3490 -2.9000 -140 16
135.3000 -2.9321 -140 16
135.2691 -2.9500 -140 16
135.2500 -2.9619 -140 16
135.2000 -2.9887 -140 16
135.1754 -3.0000 -140 16
135.1500 -3.0129 -140 16
135.1000 -3.0341 -140 16
135.0553 -3.0500 -140 16
135.0500 -3.0521 -140 16
135.0000 -3.0657 -140 16
134.9500 -3.0736 -140 16
134.9000 -3.0734 -140 16
134.8500 -3.0613 -140 16
134.8293 -3.0500 -140 16
134.8000 -3.0286 -140 16
134.7762 -3.0000 -140 16
134.7500 -2.9501 -140 16
134.7499 -2.9500 -140 16
134.7370 -2.9000 -140 16
134.7313 -2.8500 -140 16
134.7312 -2.8000 -140 16
134.7356 -2.7500 -140 16
134.7437 -2.7000 -140 16
134.7500 -2.6723 -140 16
134.7551 -2.6500 -140 16
134.7696 -2.6000 -140 16
134.7870 -2.5500 -140 16
134.8000 -2.5183 -140 16
134.8080 -2.5000 -140 16
134.8344 -2.4500 -140 16
134.8500 -2.4256 -140 16
134.8695 -2.4000 -140 16
134.9000 -2.3684 -140 16
134.9245 -2.3500 -140 16
134.9500 -2.3348 -140 16
> Contour Depth = -140
134.0000 -3.8670 -140 17
134.0500 -3.8676 -140 17
134.1000 -3.8637 -140 17
134.1500 -3.8559 -140 17
134.1766 -3.8500 -140 17
134.2000 -3.8446 -140 17
134.2500 -3.8304 -140 17
134.3000 -3.8149 -140 17
134.3473 -3.8000 -140 17
134.3500 -3.7991 -140 17
134.4000 -3.7832 -140 17
134.4500 -3.7697 -140 17
134.5000 -3.7600 -140 17
134.5500 -3.7561 -140 17
134.6000 -3.7600 -140 17
134.6500 -3.7746 -140 17
134.6938 -3.8000 -140 17
134.7000 -3.8035 -140 17
134.7500 -3.8477 -140 17
134.7518 -3.8500 -140 17
134.7928 -3.9000 -140 17
134.8000 -3.9090 -140 17
134.8262 -3.9500 -140 17
134.8500 -3.9880 -140 17
134.8563 -4.0000 -140 17
134.8819 -4.0500 -140 17
134.9000 -4.0874 -140 17
134.9054 -4.1000 -140 17
134.9249 -4.1500 -140 17
134.9413 -4.2000 -140 17
134.9500 -4.2365 -140 17
134.9530 -4.2500 -140 17
134.9585 -4.3000 -140 17
134.9574 -4.3500 -140 17
134.9500 -4.3935 -140 17
134.9488 -4.4000 -140 17
134.9316 -4.4500 -140 17
134.9073 -4.5000 -140 17
134.9000 -4.5121 -140 17
134.8757 -4.5500 -140 17
134.8500 -4.5851 -140 17
