> Contour Depth = -180
138.4093 34.3500 -180 1
138.4000 34.3637 -180 1
138.3767 34.4000 -180 1
138.3593 34.4500 -180 1
138.3615 34.5000 -180 1
138.3898 34.5500 -180 1
138.4000 34.5584 -180 1
138.4500 34.5890 -180 1
138.4788 34.6000 -180 1
138.5000 34.6048 -180 1
> Contour Depth = -180
128.5000 33.1771 -180 2
128.5500 33.1608 -180 2
128.5783 33.1500 -180 2
128.6000 33.1414 -180 2
128.6500 33.1189 -180 2
128.6883 33.1000 -180 2
128.7000 33.0940 -180 2
128.7500 33.0655 -180 2
128.7755 33.0500 -180 2
128.8000 33.0344 -180 2
128.8500 33.0008 -180 2
128.8511 33.0000 -180 2
128.9000 32.9630 -180 2
128.9166 32.9500 -180 2
128.9500 32.9226 -180 2
128.9770 32.9000 -180 2
129.0000 32.8797 -180 2
129.0334 32.8500 -180 2
129.0500 32.8344 -180 2
129.0868 32.8000 -180 2
129.1000 32.7869 -180 2
129.1378 32.7500 -180 2
129.1500 32.7372 -180 2
129.1866 32.7000 -180 2
129.2000 32.6851 -180 2
129.2328 32.6500 -180 2
129.2500 32.6293 -180 2
129.2754 32.6000 -180 2
129.3000 32.5668 -180 2
129.3129 32.5500 -180 2
129.3432 32.5000 -180 2
129.3500 32.4831 -180 2
129.3638 32.4500 -180 2
129.3730 32.4000 -180 2
129.3694 32.3500 -180 2
129.3523 32.3000 -180 2
129.3500 32.2961 -180 2
129.3210 32.2500 -180 2
129.3000 32.2255 -180 2
129.2765 32.2000 -180 2
129.2500 32.1762 -180 2
129.2185 32.1500 -180 2
129.2000 32.1363 -180 2
129.1500 32.1025 -180 2
129.1458 32.1000 -180 2
129.1000 32.0740 -180 2
129.0515 32.0500 -180 2
129.0500 32.0493 -180 2
129.0000 32.0291 -180 2
128.9500 32.0130 -180 2
128.9000 32.0012 -180 2
128.8922 32.0000 -180 2
128.8500 31.9940 -180 2
128.8000 31.9915 -180 2
128.7500 31.9939 -180 2
128.7096 32.0000 -180 2
128.7000 32.0014 -180 2
128.6500 32.0144 -180 2
> Contour Depth = -200
138.2686 34.0000 -200 3
138.2500 34.0196 -200 3
138.2201 34.0500 -200 3
138.2000 34.0690 -200 3
138.1664 34.1000 -200 3
138.1500 34.1148 -200 3
138.1102 34.1500 -200 3
138.1000 34.1593 -200 3
138.0548 34.2000 -200 3
138.0500 34.2047 -200 3
138.0033 34.2500 -200 3
138.0000 34.2538 -200 3
137.9587 34.3000 -200 3
137.9500 34.3129 -200 3
137.9235 34.3500 -200 3
137.9003 34.4000 -200 3
137.9000 34.4013 -200 3
137.8872 34.4500 -200 3
137.8861 34.5000 -200 3
137.8965 34.5500 -200 3
137.9000 34.5579 -200 3
137.9172 34.6000 -200 3
137.9500 34.6492 -200 3
137.9505 34.6500 -200 3
137.9979 34.7000 -200 3
138.0000 34.7017 -200 3
138.0500 34.7389 -200 3
138.0668 34.7500 -200 3
138.1000 34.7674 -200 3
138.1500 34.7891 -200 3
138.1820 34.8000 -200 3
138.2000 34.8051 -200 3
138.2500 34.8156 -200 3
138.3000 34.8218 -200 3
138.3500 34.8239 -200 3
138.4000 34.8220 -200 3
138.4500 34.8163 -200 3
138.5000 34.8072 -200 3
138.5274 34.8000 -200 3
138.5500 34.7941 -200 3
> Contour Depth = -200
131.2000 34.3048 -200 4
131.2500 34.3078 -200 4
131.3000 34.3040 -200 4
131.3225 34.3000 -200 4
131.3500 34.2945 -200 4
131.4000 34.2807 -200 4
131.4500 34.2649 -200 4
131.4924 34.2500 -200 4
131.5000 34.2471 -200 4
131.5500 34.2254 -200 4
131.6000 34.2039 -200 4
131.6084 34.2000 -200 4
131.6500 34.1788 -200 4
131.7000 34.1540 -200 4
131.7077 34.1500 -200 4
131.7500 34.1256 -200 4
131.7967 34.1000 -200 4
131.8000 34.0979 -200 4
131.8500 34.0659 -200 4
131.8758 34.0500 -200 4
131.9000 34.0323 -200 4
131.9461 34.0000 -200 4
131.9500 33.9965 -200 4
132.0000 33.9533 -200 4
132.0039 33.9500 -200 4
132.0471 33.9000 -200 4
132.0500 33.8944 -200 4
132.0719 33.8500 -200 4
132.0773 33.8000 -200 4
132.0588 33.7500 -200 4
132.0500 33.7394 -200 4
132.0018 33.7000 -200 4
132.0000 33.6990 -200 4
131.9500 33.6807 -200 4
131.9000 33.6715 -200 4
131.8500 33.6695 -200 4
131.8000 33.6732 -200 4
131.7500 33.6814 -200 4
131.7000 33.6934 -200 4
131.6787 33.7000 -200 4
131.6500 33.7090 -200 4
131.6000 33.7275 -200 4
131.5500 33.7485 -200 4
131.5470 33.7500 -200 4
131.5000 33.7730 -200 4
131.4500 33.7998 -200 4
131.4496 33.8000 -200 4
131.4000 33.8307 -200 4
131.3713 33.8500 -200 4
131.3500 33.8651 -200 4
131.3042 33.9000 -200 4
131.3000 33.9035 -200 4
131.2500 33.9480 -200 4
131.2479 33.9500 -200 4
131.2006 34.0000 -200 4
131.2000 34.0007 -200 4
131.1623 34.0500 -200 4
131.1500 34.0695 -200 4
131.1319 34.1000 -200 4
131.1104 34.1500 -200 4
131.1004 34.2000 -200 4
131.1119 34.2500 -200 4
131.1500 34.2872 -200 4
131.1801 34.3000 -200 4
131.2000 34.3048 -200 4
> Contour Depth = -200
128.7000 33.3642 -200 5
128.7214 33.3500 -200 5
128.7500 33.3316 -200 5
128.7963 33.3000 -200 5
128.8000 33.2975 -200 5
128.8500 33.2619 -200 5
128.8660 33.2500 -200 5
128.9000 33.2250 -200 5
128.9330 33.2000 -200 5
128.9500 33.1871 -200 5
128.9981 33.1500 -200 5
129.0000 33.1485 -200 5
129.0500 33.1090 -200 5
129.0616 33.1000 -200 5
129.1000 33.0693 -200 5
129.1248 33.0500 -200 5
129.1500 33.0297 -200 5
129.1885 33.0000 -200 5
129.2000 32.9908 -200 5
129.2500 32.9526 -200 5
129.2537 32.9500 -200 5
129.3000 32.9153 -200 5
129.3220 32.9000 -200 5
129.3500 32.8795 -200 5
129.3937 32.8500 -200 5
129.4000 32.8455 -200 5
129.4500 32.8129 -200 5
129.4716 32.8000 -200 5
129.5000 32.7819 -200 5
129.5500 32.7529 -200 5
129.5556 32.7500 -200 5
129.6000 32.7249 -200 5
129.6482 32.7000 -200 5
129.6500 32.6989 -200 5
129.7000 32.6735 -200 5
129.7500 32.6501 -200 5
129.7503 32.6500 -200 5
129.8000 32.6265 -200 5
129.8500 32.6048 -200 5
129.8626 32.6000 -200 5
129.9000 32.5828 -200 5
129.9500 32.5619 -200 5
129.9817 32.5500 -200 5
130.0000 32.5414 -200 5
130.0500 32.5205 -200 5
130.1000 32.5013 -200 5
130.1037 32.5000 -200 5
130.1500 32.4797 -200 5
130.2000 32.4597 -200 5
130.2260 32.4500 -200 5
130.2500 32.4387 -200 5
130.3000 32.4172 -200 5
130.3427 32.4000 -200 5
130.3500 32.3963 -200 5
130.4000 32.3726 -200 5
130.4500 32.3502 -200 5
130.4504 32.3500 -200 5
130.5000 32.3232 -200 5
130.5444 32.3000 -200 5
130.5500 32.2963 -200 5
130.6000 32.2631 -200 5
130.6194 32.2500 -200 5
130.6500 32.2217 -200 5
130.6722 32.2000 -200 5
130.7000 32.1563 -200 5
130.7036 32.1500 -200 5
130.7153 32.1000 -200 5
130.7108 32.0500 -200 5
130.7000 32.0218 -200 5
130.6898 32.0000 -200 5
130.6500 31.9526 -200 5
130.6469 31.9500 -200 5
130.6000 31.9227 -200 5
130.5500 31.9076 -200 5
130.5000 31.9046 -200 5
130.4500 31.9108 -200 5
130.4000 31.9234 -200 5
130.3500 31.9397 -200 5
130.3229 31.9500 -200 5
130.3000 31.9587 -200 5
130.2500 31.9781 -200 5
130.2000 31.9956 -200 5
130.1860 32.0000 -200 5
130.1500 32.0109 -200 5
130.1000 32.0223 -200 5
130.0500 32.0290 -200 5
130.0000 32.0308 -200 5
129.9500 32.0275 -200 5
129.9000 32.0188 -200 5
129.8500 32.0047 -200 5
129.8385 32.0000 -200 5
129.8000 31.9848 -200 5
129.7500 31.9593 -200 5
129.7350 31.9500 -200 5
129.7000 31.9271 -200 5
129.6641 31.9000 -200 5
129.6500 31.8882 -200 5
129.6088 31.8500 -200 5
129.6000 31.8407 -200 5
129.5640 31.8000 -200 5
129.5500 31.7816 -200 5
129.5266 31.7500 -200 5
129.5000 31.7081 -200 5
129.4948 31.7000 -200 5
129.4675 31.6500 -200 5
129.4500 31.6132 -200 5
129.4433 31.6000 -200 5
129.4207 31.5500 -200 5
129.4000 31.5025 -200 5
129.3987 31.5000 -200 5
129.3737 31.4500 -200 5
129.3500 31.4086 -200 5
129.3433 31.4000 -200 5
129.3000 31.3546 -200 5
129.2922 31.3500 -200 5
129.2500 31.3306 -200 5
129.2000 31.3245 -200 5
129.1500 31.3299 -200 5
129.1000 31.3429 -200 5
129.0820 31.3500 -200 5
129.0500 31.3616 -200 5
129.0000 31.3846 -200 5
128.9718 31.4000 -200 5
128.9500 31.4111 -200 5
128.9000 31.4409 -200 5
128.8869 31.4500 -200 5
128.8500 31.4740 -200 5
128.8153 31.5000 -200 5
128.8000 31.5107 -200 5
128.7516 31.5500 -200 5
128.7500 31.5512 -200 5
128.7000 31.5958 -200 5
128.6961 31.6000 -200 5
128.6500 31.6447 -200 5
> Contour Depth = -200
132.0000 31.3597 -200 6
132.0154 31.3500 -200 6
132.0000 31.3323 -200 6
131.9878 31.3500 -200 6
132.0000 31.3597 -200 6
> Contour Depth = -200
127.6500 30.4000 -200 7
127.7000 30.3573 -200 7
127.7091 30.3500 -200 7
127.7500 30.3138 -200 7
127.7667 30.3000 -200 7
127.8000 30.2667 -200 7
127.8180 30.2500 -200 7
127.8500 30.2078 -200 7
127.8563 30.2000 -200 7
127.8671 30.1500 -200 7
127.8500 30.1292 -200 7
127.8000 30.1011 -200 7
127.7945 30.1000 -200 7
127.7500 30.0960 -200 7
127.7000 30.0969 -200 7
127.6714 30.1000 -200 7
127.6500 30.1030 -200 7
127.6000 30.1148 -200 7
> Contour Depth = -220
136.9374 37.2500 -220 8
136.9500 37.2038 -220 8
136.9509 37.2000 -220 8
136.9590 37.1500 -220 8
136.9622 37.1000 -220 8
136.9597 37.0500 -220 8
136.9506 37.0000 -220 8
136.9500 36.9981 -220 8
136.9318 36.9500 -220 8
136.9052 36.9000 -220 8
136.9000 36.8922 -220 8
136.8666 36.8500 -220 8
136.8500 36.8318 -220 8
136.8159 36.8000 -220 8
136.8000 36.7863 -220 8
136.7501 36.7500 -220 8
136.7500 36.7500 -220 8
136.7000 36.7215 -220 8
136.6525 36.7000 -220 8
136.6500 36.6988 -220 8
136.6000 36.6827 -220 8
136.5500 36.6734 -220 8
136.5000 36.6715 -220 8
136.4500 36.6779 -220 8
136.4000 36.6932 -220 8
136.3863 36.7000 -220 8
136.3500 36.7173 -220 8
136.3012 36.7500 -220 8
> Contour Depth = -220
137.9000 33.6777 -220 9
137.8893 33.7000 -220 9
137.8531 33.7500 -220 9
137.8500 33.7532 -220 9
137.8000 33.7949 -220 9
137.7925 33.8000 -220 9
137.7500 33.8240 -220 9
137.7000 33.8485 -220 9
137.6968 33.8500 -220 9
137.6500 33.8701 -220 9
137.6000 33.8927 -220 9
137.5859 33.9000 -220 9
137.5500 33.9173 -220 9
137.5000 33.9455 -220 9
137.4932 33.9500 -220 9
137.4500 33.9776 -220 9
137.4199 34.0000 -220 9
137.4000 34.0146 -220 9
137.3576 34.0500 -220 9
137.3500 34.0563 -220 9
137.3032 34.1000 -220 9
137.3000 34.1030 -220 9
137.2545 34.1500 -220 9
137.2500 34.1547 -220 9
137.2096 34.2000 -220 9
137.2000 34.2111 -220 9
137.1672 34.2500 -220 9
137.1500 34.2711 -220 9
137.1262 34.3000 -220 9
137.1000 34.3327 -220 9
137.0853 34.3500 -220 9
137.0500 34.3926 -220 9
137.0431 34.4000 -220 9
137.0000 34.4475 -220 9
136.9974 34.4500 -220 9
136.9500 34.4954 -220 9
136.9441 34.5000 -220 9
136.9000 34.5356 -220 9
136.8778 34.5500 -220 9
136.8500 34.5689 -220 9
136.8000 34.5968 -220 9
136.7936 34.6000 -220 9
136.7500 34.6239 -220 9
136.7000 34.6494 -220 9
136.6988 34.6500 -220 9
136.6500 34.6800 -220 9
136.6201 34.7000 -220 9
136.6000 34.7174 -220 9
136.5679 34.7500 -220 9
136.5500 34.7786 -220 9
136.5392 34.8000 -220 9
136.5290 34.8500 -220 9
136.5311 34.9000 -220 9
136.5404 34.9500 -220 9
136.5500 34.9881 -220 9
136.5532 35.0000 -220 9
136.5674 35.0500 -220 9
136.5794 35.1000 -220 9
136.5883 35.1500 -220 9
136.5941 35.2000 -220 9
136.5971 35.2500 -220 9
136.5980 35.3000 -220 9
136.5974 35.3500 -220 9
136.5964 35.4000 -220 9
136.5965 35.4500 -220 9
136.6000 35.4970 -220 9
136.6004 35.5000 -220 9
136.6266 35.5500 -220 9
136.6500 35.5655 -220 9
136.7000 35.5558 -220 9
136.7083 35.5500 -220 9
136.7500 35.5234 -220 9
136.7753 35.5000 -220 9
136.8000 35.4789 -220 9
136.8257 35.4500 -220 9
136.8500 35.4244 -220 9
136.8687 35.4000 -220 9
136.9000 35.3616 -220 9
136.9081 35.3500 -220 9
136.9441 35.3000 -220 9
136.9500 35.2920 -220 9
136.9776 35.2500 -220 9
137.0000 35.2182 -220 9
137.0123 35.2000 -220 9
137.0487 35.1500 -220 9
137.0500 35.1482 -220 9
137.0872 35.1000 -220 9
137.1000 35.0848 -220 9
137.1337 35.0500 -220 9
137.1500 35.0344 -220 9
137.1957 35.0000 -220 9
137.2000 34.9970 -220 9
137.2500 34.9690 -220 9
137.3000 34.9511 -220 9
137.3044 34.9500 -220 9
137.3500 34.9386 -220 9
137.4000 34.9318 -220 9
137.4500 34.9294 -220 9
137.5000 34.9308 -220 9
137.5500 34.9355 -220 9
137.6000 34.9429 -220 9
137.6355 34.9500 -220 9
137.6500 34.9526 -220 9
137.7000 34.9636 -220 9
137.7500 34.9761 -220 9
137.8000 34.9894 -220 9
137.8401 35.0000 -220 9
137.8500 35.0025 -220 9
137.9000 35.0148 -220 9
137.9500 35.0256 -220 9
138.0000 35.0344 -220 9
138.0500 35.0404 -220 9
138.1000 35.0433 -220 9
138.1500 35.0428 -220 9
138.2000 35.0390 -220 9
138.2500 35.0316 -220 9
138.3000 35.0207 -220 9
138.3500 35.0061 -220 9
138.3657 35.0000 -220 9
138.4000 34.9889 -220 9
138.4500 34.9691 -220 9
138.4896 34.9500 -220 9
138.5000 34.9458 -220 9
138.5500 34.9210 -220 9
138.5858 34.9000 -220 9
138.6000 34.8928 -220 9
> Contour Depth = -220
132.3500 34.9122 -220 10
132.4000 34.9099 -220 10
132.4500 34.9140 -220 10
132.5000 34.9243 -220 10
132.5500 34.9410 -220 10
132.5692 34.9500 -220 10
132.6000 34.9649 -220 10
132.6500 34.9961 -220 10
132.6550 35.0000 -220 10
132.7000 35.0376 -220 10
132.7122 35.0500 -220 10
132.7500 35.0921 -220 10
132.7559 35.1000 -220 10
132.7891 35.1500 -220 10
132.8000 35.1686 -220 10
132.8155 35.2000 -220 10
132.8370 35.2500 -220 10
132.8500 35.2842 -220 10
132.8551 35.3000 -220 10
132.8697 35.3500 -220 10
132.8830 35.4000 -220 10
132.8956 35.4500 -220 10
132.9000 35.4684 -220 10
132.9067 35.5000 -220 10
> Contour Depth = -220
128.8487 33.5000 -220 11
128.8500 33.4989 -220 11
128.9000 33.4552 -220 11
128.9058 33.4500 -220 11
128.9500 33.4125 -220 11
128.9646 33.4000 -220 11
129.0000 33.3710 -220 11
129.0259 33.3500 -220 11
129.0500 33.3311 -220 11
129.0907 33.3000 -220 11
129.1000 33.2930 -220 11
129.1500 33.2575 -220 11
129.1614 33.2500 -220 11
129.2000 33.2246 -220 11
129.2405 33.2000 -220 11
129.2500 33.1941 -220 11
129.3000 33.1668 -220 11
129.3345 33.1500 -220 11
129.3500 33.1422 -220 11
129.4000 33.1208 -220 11
129.4500 33.1019 -220 11
129.4563 33.1000 -220 11
129.5000 33.0862 -220 11
129.5500 33.0730 -220 11
129.6000 33.0620 -220 11
129.6500 33.0531 -220 11
129.6722 33.0500 -220 11
129.7000 33.0461 -220 11
129.7500 33.0407 -220 11
129.8000 33.0367 -220 11
129.8500 33.0340 -220 11
129.9000 33.0326 -220 11
129.9500 33.0326 -220 11
130.0000 33.0342 -220 11
130.0500 33.0375 -220 11
130.1000 33.0426 -220 11
130.1500 33.0499 -220 11
130.1506 33.0500 -220 11
130.2000 33.0591 -220 11
130.2500 33.0705 -220 11
130.3000 33.0843 -220 11
130.3480 33.1000 -220 11
130.3500 33.1007 -220 11
130.4000 33.1189 -220 11
130.4500 33.1398 -220 11
130.4722 33.1500 -220 11
130.5000 33.1630 -220 11
130.5500 33.1889 -220 11
130.5700 33.2000 -220 11
130.6000 33.2174 -220 11
130.6500 33.2492 -220 11
130.6513 33.2500 -220 11
130.7000 33.2845 -220 11
130.7203 33.3000 -220 11
130.7500 33.3251 -220 11
130.7775 33.3500 -220 11
130.8000 33.3739 -220 11
130.8230 33.4000 -220 11
130.8500 33.4394 -220 11
130.8568 33.4500 -220 11
130.8799 33.5000 -220 11
130.8927 33.5500 -220 11
130.8969 33.6000 -220 11
130.8944 33.6500 -220 11
130.8863 33.7000 -220 11
130.8740 33.7500 -220 11
130.8583 33.8000 -220 11
130.8500 33.8218 -220 11
130.8406 33.8500 -220 11
130.8216 33.9000 -220 11
130.8015 33.9500 -220 11
130.8000 33.9534 -220 11
130.7820 34.0000 -220 11
130.7626 34.0500 -220 11
130.7500 34.0828 -220 11
130.7442 34.1000 -220 11
130.7281 34.1500 -220 11
130.7142 34.2000 -220 11
130.7034 34.2500 -220 11
130.7000 34.2777 -220 11
130.6976 34.3000 -220 11
130.6981 34.3500 -220 11
130.7000 34.3623 -220 11
130.7069 34.4000 -220 11
130.7260 34.4500 -220 11
130.7500 34.4912 -220 11
130.7561 34.5000 -220 11
130.8000 34.5480 -220 11
130.8022 34.5500 -220 11
130.8500 34.5862 -220 11
130.8717 34.6000 -220 11
130.9000 34.6158 -220 11
130.9500 34.6387 -220 11
130.9821 34.6500 -220 11
131.0000 34.6558 -220 11
131.0500 34.6673 -220 11
131.1000 34.6745 -220 11
131.1500 34.6774 -220 11
131.2000 34.6763 -220 11
131.2500 34.6715 -220 11
131.3000 34.6633 -220 11
131.3500 34.6519 -220 11
131.3570 34.6500 -220 11
131.4000 34.6377 -220 11
131.4500 34.6210 -220 11
131.5000 34.6021 -220 11
131.5053 34.6000 -220 11
131.5500 34.5818 -220 11
131.6000 34.5599 -220 11
131.6215 34.5500 -220 11
131.6500 34.5370 -220 11
131.7000 34.5133 -220 11
131.7268 34.5000 -220 11
131.7500 34.4888 -220 11
131.8000 34.4640 -220 11
131.8271 34.4500 -220 11
131.8500 34.4386 -220 11
131.9000 34.4128 -220 11
131.9236 34.4000 -220 11
131.9500 34.3863 -220 11
132.0000 34.3587 -220 11
132.0147 34.3500 -220 11
132.0500 34.3303 -220 11
132.0986 34.3000 -220 11
132.1000 34.2992 -220 11
132.1500 34.2677 -220 11
132.1748 34.2500 -220 11
132.2000 34.2330 -220 11
132.2434 34.2000 -220 11
132.2500 34.1952 -220 11
132.3000 34.1549 -220 11
132.3055 34.1500 -220 11
132.3500 34.1113 -220 11
132.3618 34.1000 -220 11
132.4000 34.0634 -220 11
132.4131 34.0500 -220 11
132.4500 34.0102 -220 11
132.4592 34.0000 -220 11
132.4995 33.9500 -220 11
132.5000 33.9493 -220 11
132.5337 33.9000 -220 11
132.5500 33.8686 -220 11
132.5603 33.8500 -220 11
132.5791 33.8000 -220 11
132.5893 33.7500 -220 11
132.5916 33.7000 -220 11
132.5867 33.6500 -220 11
132.5755 33.6000 -220 11
132.5588 33.5500 -220 11
132.5500 33.5283 -220 11
132.5383 33.5000 -220 11
132.5149 33.4500 -220 11
132.5000 33.4200 -220 11
132.4897 33.4000 -220 11
132.4643 33.3500 -220 11
132.4500 33.3201 -220 11
132.4401 33.3000 -220 11
132.4187 33.2500 -220 11
132.4013 33.2000 -220 11
132.4000 33.1943 -220 11
132.3898 33.1500 -220 11
132.3842 33.1000 -220 11
132.3848 33.0500 -220 11
132.3914 33.0000 -220 11
132.4000 32.9642 -220 11
132.4036 32.9500 -220 11
132.4211 32.9000 -220 11
132.4428 32.8500 -220 11
132.4500 32.8358 -220 11
132.4683 32.8000 -220 11
132.4962 32.7500 -220 11
132.5000 32.7437 -220 11
132.5258 32.7000 -220 11
132.5500 32.6595 -220 11
132.5555 32.6500 -220 11
132.5842 32.6000 -220 11
132.6000 32.5711 -220 11
132.6109 32.5500 -220 11
132.6349 32.5000 -220 11
132.6500 32.4652 -220 11
132.6562 32.4500 -220 11
132.6745 32.4000 -220 11
132.6904 32.3500 -220 11
132.7000 32.3162 -220 11
132.7044 32.3000 -220 11
132.7167 32.2500 -220 11
132.7280 32.2000 -220 11
132.7387 32.1500 -220 11
132.7494 32.1000 -220 11
132.7500 32.0973 -220 11
132.7602 32.0500 -220 11
132.7717 32.0000 -220 11
132.7845 31.9500 -220 11
132.7992 31.9000 -220 11
132.8000 31.8975 -220 11
132.8157 31.8500 -220 11
132.8352 31.8000 -220 11
132.8500 31.7673 -220 11
132.8580 31.7500 -220 11
132.8843 31.7000 -220 11
132.9000 31.6740 -220 11
132.9146 31.6500 -220 11
132.9490 31.6000 -220 11
132.9500 31.5987 -220 11
132.9863 31.5500 -220 11
133.0000 31.5331 -220 11
133.0261 31.5000 -220 11
133.0500 31.4713 -220 11
133.0670 31.4500 -220 11
133.1000 31.4095 -220 11
133.1074 31.4000 -220 11
133.1456 31.3500 -220 11
133.1500 31.3439 -220 11
133.1799 31.3000 -220 11
133.2000 31.2678 -220 11
> Contour Depth = -220
128.5000 31.3514 -220 12
128.5007 31.3500 -220 12
128.5246 31.3000 -220 12
128.5500 31.2540 -220 12
128.5524 31.2500 -220 12
128.5844 31.2000 -220 12
128.6000 31.1776 -220 12
128.6208 31.1500 -220 12
128.6500 31.1130 -220 12
128.6610 31.1000 -220 12
128.7000 31.0547 -220 12
128.7042 31.0500 -220 12
128.7491 31.0000 -220 12
128.7500 30.9990 -220 12
128.7942 30.9500 -220 12
128.8000 30.9433 -220 12
128.8381 30.9000 -220 12
128.8500 30.8856 -220 12
128.8796 30.8500 -220 12
128.9000 30.8230 -220 12
128.9175 30.8000 -220 12
128.9500 30.7514 -220 12
128.9509 30.7500 -220 12
128.9775 30.7000 -220 12
128.9976 30.6500 -220 12
129.0000 30.6380 -220 12
129.0079 30.6000 -220 12
129.0062 30.5500 -220 12
129.0000 30.5319 -220 12
128.9849 30.5000 -220 12
128.9500 30.4666 -220 12
128.9202 30.4500 -220 12
128.9000 30.4423 -220 12
128.8500 30.4324 -220 12
128.8000 30.4302 -220 12
128.7500 30.4338 -220 12
128.7000 30.4421 -220 12
128.6680 30.4500 -220 12
128.6500 30.4547 -220 12
128.6000 30.4715 -220 12
128.5500 30.4912 -220 12
128.5308 30.5000 -220 12
128.5000 30.5147 -220 12
128.4500 30.5410 -220 12
128.4343 30.5500 -220 12
128.4000 30.5707 -220 12
128.3536 30.6000 -220 12
128.3500 30.6024 -220 12
128.3000 30.6374 -220 12
128.2826 30.6500 -220 12
128.2500 30.6746 -220 12
128.2171 30.7000 -220 12
128.2000 30.7136 -220 12
128.1551 30.7500 -220 12
128.1500 30.7542 -220 12
128.1000 30.7962 -220 12
128.0956 30.8000 -220 12
128.0500 30.8386 -220 12
128.0368 30.8500 -220 12
> Contour Depth = -220
127.2211 29.7000 -220 13
127.2500 29.6753 -220 13
127.2847 29.6500 -220 13
127.3000 29.6380 -220 13
127.3500 29.6038 -220 13
127.3562 29.6000 -220 13
127.4000 29.5708 -220 13
127.4353 29.5500 -220 13
127.4500 29.5405 -220 13
127.5000 29.5115 -220 13
127.5222 29.5000 -220 13
127.5500 29.4842 -220 13
127.6000 29.4592 -220 13
127.6211 29.4500 -220 13
127.6500 29.4362 -220 13
127.7000 29.4161 -220 13
127.7500 29.4001 -220 13
127.7504 29.4000 -220 13
127.8000 29.3871 -220 13
127.8500 29.3789 -220 13
127.9000 29.3756 -220 13
127.9500 29.3770 -220 13
128.0000 29.3825 -220 13
128.0500 29.3911 -220 13
128.0922 29.4000 -220 13
128.1000 29.4014 -220 13
128.1500 29.4107 -220 13
128.2000 29.4189 -220 13
128.2500 29.4245 -220 13
128.3000 29.4264 -220 13
128.3500 29.4234 -220 13
128.4000 29.4145 -220 13
128.4456 29.4000 -220 13
128.4500 29.3982 -220 13
128.5000 29.3699 -220 13
128.5267 29.3500 -220 13
128.5500 29.3272 -220 13
128.5736 29.3000 -220 13
128.6000 29.2593 -220 13
128.6055 29.2500 -220 13
128.6285 29.2000 -220 13
128.6459 29.1500 -220 13
128.6500 29.1347 -220 13
128.6592 29.1000 -220 13
128.6694 29.0500 -220 13
128.6766 29.0000 -220 13
128.6808 28.9500 -220 13
128.6812 28.9000 -220 13
128.6766 28.8500 -220 13
128.6648 28.8000 -220 13
128.6500 28.7656 -220 13
128.6426 28.7500 -220 13
128.6049 28.7000 -220 13
128.6000 28.6955 -220 13
128.5500 28.6534 -220 13
128.5456 28.6500 -220 13
128.5000 28.6219 -220 13
128.4627 28.6000 -220 13
128.4500 28.5935 -220 13
128.4000 28.5677 -220 13
128.3664 28.5500 -220 13
128.3500 28.5418 -220 13
128.3000 28.5157 -220 13
128.2711 28.5000 -220 13
128.2500 28.4882 -220 13
128.2000 28.4593 -220 13
128.1840 28.4500 -220 13
128.1500 28.4281 -220 13
128.1071 28.4000 -220 13
128.1000 28.3945 -220 13
128.0500 28.3567 -220 13
128.0407 28.3500 -220 13
128.0000 28.3111 -220 13
127.9878 28.3000 -220 13
127.9509 28.2500 -220 13
127.9500 28.2482 -220 13
127.9258 28.2000 -220 13
127.9119 28.1500 -220 13
127.9035 28.1000 -220 13
127.9000 28.0721 -220 13
127.8971 28.0500 -220 13
127.8906 28.0000 -220 13
127.8831 27.9500 -220 13
127.8739 27.9000 -220 13
127.8632 27.8500 -220 13
127.8513 27.8000 -220 13
127.8500 27.7948 -220 13
127.8397 27.7500 -220 13
127.8295 27.7000 -220 13
127.8220 27.6500 -220 13
127.8184 27.6000 -220 13
127.8199 27.5500 -220 13
127.8275 27.5000 -220 13
127.8422 27.4500 -220 13
127.8500 27.4321 -220 13
127.8660 27.4000 -220 13
127.8994 27.3500 -220 13
127.9000 27.3492 -220 13
127.9465 27.3000 -220 13
127.9500 27.2968 -220 13
128.0000 27.2584 -220 13
128.0136 27.2500 -220 13
128.0500 27.2298 -220 13
128.1000 27.2095 -220 13
128.1387 27.2000 -220 13
128.1500 27.1974 -220 13
128.2000 27.1941 -220 13
128.2500 27.1992 -220 13
128.2529 27.2000 -220 13
128.3000 27.2137 -220 13
128.3500 27.2367 -220 13
128.3715 27.2500 -220 13
128.4000 27.2680 -220 13
128.4430 27.3000 -220 13
128.4500 27.3052 -220 13
128.5000 27.3456 -220 13
128.5052 27.3500 -220 13
128.5500 27.3852 -220 13
128.5696 27.4000 -220 13
128.6000 27.4207 -220 13
128.6482 27.4500 -220 13
128.6500 27.4510 -220 13
128.7000 27.4761 -220 13
128.7500 27.4971 -220 13
128.7579 27.5000 -220 13
128.8000 27.5144 -220 13
128.8500 27.5287 -220 13
128.9000 27.5403 -220 13
128.9500 27.5491 -220 13
128.9582 27.5500 -220 13
129.0000 27.5545 -220 13
129.0500 27.5557 -220 13
129.1000 27.5512 -220 13
129.1057 27.5500 -220 13
129.1500 27.5392 -220 13
129.2000 27.5178 -220 13
129.2292 27.5000 -220 13
129.2500 27.4852 -220 13
129.2899 27.4500 -220 13
129.3000 27.4394 -220 13
129.3336 27.4000 -220 13
129.3500 27.3767 -220 13
129.3678 27.3500 -220 13
129.3948 27.3000 -220 13
129.4000 27.2874 -220 13
129.4151 27.2500 -220 13
129.4289 27.2000 -220 13
129.4358 27.1500 -220 13
129.4351 27.1000 -220 13
129.4259 27.0500 -220 13
129.4072 27.0000 -220 13
129.4000 26.9876 -220 13
129.3773 26.9500 -220 13
129.3500 26.9180 -220 13
129.3337 26.9000 -220 13
129.3000 26.8715 -220 13
129.2723 26.8500 -220 13
129.2500 26.8361 -220 13
129.2000 26.8076 -220 13
129.1855 26.8000 -220 13
129.1500 26.7844 -220 13
129.1000 26.7641 -220 13
129.0629 26.7500 -220 13
129.0500 26.7456 -220 13
129.0000 26.7291 -220 13
128.9500 26.7126 -220 13
128.9132 26.7000 -220 13
128.9000 26.6957 -220 13
128.8500 26.6786 -220 13
128.8000 26.6597 -220 13
128.7767 26.6500 -220 13
128.7500 26.6389 -220 13
128.7000 26.6158 -220 13
128.6698 26.6000 -220 13
128.6500 26.5892 -220 13
128.6000 26.5591 -220 13
128.5862 26.5500 -220 13
128.5500 26.5243 -220 13
128.5185 26.5000 -220 13
128.5000 26.4841 -220 13
128.4621 26.4500 -220 13
128.4500 26.4377 -220 13
128.4134 26.4000 -220 13
128.4000 26.3838 -220 13
128.3710 26.3500 -220 13
128.3500 26.3206 -220 13
128.3341 26.3000 -220 13
128.3030 26.2500 -220 13
128.3000 26.2438 -220 13
128.2760 26.2000 -220 13
128.2568 26.1500 -220 13
128.2500 26.1185 -220 13
128.2452 26.1000 -220 13
128.2428 26.0500 -220 13
128.2500 26.0114 -220 13
128.2519 26.0000 -220 13
128.2716 25.9500 -220 13
128.3000 25.9069 -220 13
128.3042 25.9000 -220 13
128.3462 25.8500 -220 13
128.3500 25.8464 -220 13
128.3964 25.8000 -220 13
128.4000 25.7969 -220 13
128.4500 25.7527 -220 13
128.4531 25.7500 -220 13
128.5000 25.7119 -220 13
128.5148 25.7000 -220 13
128.5500 25.6731 -220 13
128.5812 25.6500 -220 13
128.6000 25.6362 -220 13
> Contour Depth = -220
126.6500 29.1083 -220 14
126.7000 29.1003 -220 14
126.7036 29.1000 -220 14
126.7500 29.0950 -220 14
126.8000 29.0905 -220 14
126.8500 29.0843 -220 14
126.9000 29.0751 -220 14
126.9500 29.0619 -220 14
126.9831 29.0500 -220 14
127.0000 29.0433 -220 14
127.0500 29.0186 -220 14
127.0815 29.0000 -220 14
127.1000 28.9880 -220 14
127.1500 28.9515 -220 14
127.1519 28.9500 -220 14
127.2000 28.9082 -220 14
127.2089 28.9000 -220 14
127.2500 28.8590 -220 14
127.2587 28.8500 -220 14
127.3000 28.8040 -220 14
127.3035 28.8000 -220 14
127.3443 28.7500 -220 14
127.3500 28.7421 -220 14
127.3815 28.7000 -220 14
127.4000 28.6720 -220 14
127.4154 28.6500 -220 14
127.4450 28.6000 -220 14
127.4500 28.5890 -220 14
127.4696 28.5500 -220 14
127.4868 28.5000 -220 14
127.4934 28.4500 -220 14
127.4823 28.4000 -220 14
127.4500 28.3605 -220 14
127.4374 28.3500 -220 14
127.4000 28.3315 -220 14
127.3500 28.3173 -220 14
127.3000 28.3118 -220 14
127.2500 28.3133 -220 14
127.2000 28.3208 -220 14
127.1500 28.3337 -220 14
127.1045 28.3500 -220 14
127.1000 28.3516 -220 14
127.0500 28.3753 -220 14
127.0053 28.4000 -220 14
127.0000 28.4030 -220 14
126.9500 28.4357 -220 14
126.9305 28.4500 -220 14
126.9000 28.4725 -220 14
126.8658 28.5000 -220 14
126.8500 28.5129 -220 14
126.8070 28.5500 -220 14
126.8000 28.5562 -220 14
126.7517 28.6000 -220 14
126.7500 28.6016 -220 14
126.7000 28.6481 -220 14
126.6979 28.6500 -220 14
126.6500 28.6935 -220 14
126.6419 28.7000 -220 14
126.6000 28.7343 -220 14
126.5747 28.7500 -220 14
126.5500 28.7656 -220 14
126.5000 28.7841 -220 14
126.4500 28.7894 -220 14
126.4000 28.7842 -220 14
126.3500 28.7714 -220 14
126.3000 28.7537 -220 14
126.2917 28.7500 -220 14
126.2500 28.7335 -220 14
126.2000 28.7123 -220 14
126.1722 28.7000 -220 14
126.1500 28.6909 -220 14
> Contour Depth = -220
130.7781 28.2000 -220 15
130.7500 28.2130 -220 15
130.7000 28.2369 -220 15
130.6732 28.2500 -220 15
130.6500 28.2643 -220 15
130.6000 28.2943 -220 15
130.5902 28.3000 -220 15
130.5500 28.3291 -220 15
130.5194 28.3500 -220 15
130.5000 28.3666 -220 15
130.4578 28.4000 -220 15
130.4500 28.4079 -220 15
130.4043 28.4500 -220 15
130.4000 28.4552 -220 15
130.3590 28.5000 -220 15
130.3500 28.5133 -220 15
130.3229 28.5500 -220 15
130.3000 28.5947 -220 15
130.2971 28.6000 -220 15
130.2833 28.6500 -220 15
130.2845 28.7000 -220 15
130.3000 28.7337 -220 15
130.3110 28.7500 -220 15
130.3500 28.7753 -220 15
130.4000 28.7918 -220 15
130.4500 28.7989 -220 15
130.4806 28.8000 -220 15
130.5000 28.8005 -220 15
130.5256 28.8000 -220 15
130.5500 28.7995 -220 15
130.6000 28.7969 -220 15
130.6500 28.7938 -220 15
130.7000 28.7910 -220 15
130.7500 28.7890 -220 15
130.8000 28.7883 -220 15
130.8500 28.7897 -220 15
130.9000 28.7940 -220 15
130.9380 28.8000 -220 15
130.9500 28.8019 -220 15
131.0000 28.8143 -220 15
131.0500 28.8325 -220 15
131.0856 28.8500 -220 15
131.1000 28.8571 -220 15
131.1500 28.8879 -220 15
131.1669 28.9000 -220 15
131.2000 28.9234 -220 15
131.2356 28.9500 -220 15
131.2500 28.9604 -220 15
131.3000 28.9950 -220 15
131.3081 29.0000 -220 15
131.3500 29.0239 -220 15
131.4000 29.0447 -220 15
131.4195 29.0500 -220 15
131.4500 29.0576 -220 15
131.5000 29.0632 -220 15
131.5500 29.0629 -220 15
131.6000 29.0581 -220 15
> Contour Depth = -220
125.4925 28.2000 -220 16
125.4950 28.1500 -220 16
125.5000 28.1013 -220 16
125.5001 28.1000 -220 16
125.5057 28.0500 -220 16
125.5103 28.0000 -220 16
125.5116 27.9500 -220 16
125.5050 27.9000 -220 16
125.5000 27.8873 -220 16
125.4649 27.8500 -220 16
125.4500 27.8431 -220 16
125.4000 27.8401 -220 16
125.3500 27.8481 -220 16
125.3439 27.8500 -220 16
125.3000 27.8620 -220 16
125.2500 27.8775 -220 16
125.2000 27.8931 -220 16
125.1785 27.9000 -220 16
125.1500 27.9078 -220 16
> Contour Depth = -240
137.1180 37.4000 -240 17
137.1424 37.3500 -240 17
137.1500 37.3306 -240 17
137.1620 37.3000 -240 17
137.1765 37.2500 -240 17
137.1862 37.2000 -240 17
137.1917 37.1500 -240 17
137.1931 37.1000 -240 17
137.1902 37.0500 -240 17
137.1831 37.0000 -240 17
137.1712 36.9500 -240 17
137.1541 36.9000 -240 17
137.1500 36.8906 -240 17
137.1314 36.8500 -240 17
137.1037 36.8000 -240 17
137.1000 36.7943 -240 17
137.0706 36.7500 -240 17
137.0500 36.7214 -240 17
137.0337 36.7000 -240 17
137.0000 36.6568 -240 17
136.9944 36.6500 -240 17
136.9538 36.6000 -240 17
136.9500 36.5951 -240 17
136.9132 36.5500 -240 17
136.9000 36.5319 -240 17
136.8749 36.5000 -240 17
136.8500 36.4630 -240 17
136.8405 36.4500 -240 17
136.8107 36.4000 -240 17
136.8000 36.3765 -240 17
136.7868 36.3500 -240 17
136.7693 36.3000 -240 17
136.7590 36.2500 -240 17
136.7553 36.2000 -240 17
136.7576 36.1500 -240 17
136.7655 36.1000 -240 17
136.7787 36.0500 -240 17
136.7969 36.0000 -240 17
136.8000 35.9933 -240 17
136.8177 35.9500 -240 17
136.8420 35.9000 -240 17
136.8500 35.8858 -240 17
136.8681 35.8500 -240 17
136.8963 35.8000 -240 17
136.9000 35.7940 -240 17
136.9248 35.7500 -240 17
136.9500 35.7089 -240 17
136.9551 35.7000 -240 17
136.9855 35.6500 -240 17
137.0000 35.6276 -240 17
137.0171 35.6000 -240 17
137.0500 35.5504 -240 17
137.0503 35.5500 -240 17
137.0848 35.5000 -240 17
137.1000 35.4792 -240 17
137.1226 35.4500 -240 17
137.1500 35.4163 -240 17
137.1650 35.4000 -240 17
137.2000 35.3633 -240 17
137.2153 35.3500 -240 17
137.2500 35.3205 -240 17
137.2816 35.3000 -240 17
137.3000 35.2880 -240 17
137.3500 35.2649 -240 17
137.4000 35.2502 -240 17
137.4012 35.2500 -240 17
137.4500 35.2425 -240 17
137.5000 35.2416 -240 17
137.5500 35.2466 -240 17
137.5668 35.2500 -240 17
137.6000 35.2571 -240 17
137.6500 35.2726 -240 17
137.7000 35.2928 -240 17
137.7158 35.3000 -240 17
137.7500 35.3179 -240 17
137.8000 35.3469 -240 17
137.8054 35.3500 -240 17
137.8500 35.3809 -240 17
137.8782 35.4000 -240 17
137.9000 35.4183 -240 17
137.9419 35.4500 -240 17
137.9500 35.4579 -240 17
138.0000 35.4973 -240 17
138.0049 35.5000 -240 17
138.0500 35.5322 -240 17
138.0996 35.5500 -240 17
138.1000 35.5502 -240 17
138.1021 35.5500 -240 17
138.1500 35.5463 -240 17
138.2000 35.5180 -240 17
138.2168 35.5000 -240 17
138.2500 35.4697 -240 17
138.2648 35.4500 -240 17
138.3000 35.4098 -240 17
138.3066 35.4000 -240 17
138.3456 35.3500 -240 17
138.3500 35.3453 -240 17
138.3836 35.3000 -240 17
138.4000 35.2815 -240 17
138.4228 35.2500 -240 17
138.4500 35.2187 -240 17
138.4636 35.2000 -240 17
138.5000 35.1583 -240 17
138.5061 35.1500 -240 17
138.5500 35.1008 -240 17
138.5506 35.1000 -240 17
138.5965 35.0500 -240 17
138.6000 35.0469 -240 17
138.6441 35.0000 -240 17
> Contour Depth = -240
138.8000 36.8709 -240 18
138.7975 36.8500 -240 18
138.7667 36.8000 -240 18
138.7500 36.7867 -240 18
138.7019 36.7500 -240 18
138.7000 36.7490 -240 18
138.6500 36.7208 -240 18
138.6147 36.7000 -240 18
138.6000 36.6927 -240 18
138.5500 36.6660 -240 18
138.5216 36.6500 -240 18
138.5000 36.6385 -240 18
138.4500 36.6106 -240 18
138.4310 36.6000 -240 18
138.4000 36.5819 -240 18
138.3500 36.5523 -240 18
138.3458 36.5500 -240 18
138.3000 36.5217 -240 18
138.2628 36.5000 -240 18
138.2500 36.4911 -240 18
138.2000 36.4623 -240 18
138.1689 36.4500 -240 18
138.1500 36.4408 -240 18
138.1000 36.4359 -240 18
138.0682 36.4500 -240 18
138.0500 36.4583 -240 18
138.0122 36.5000 -240 18
138.0000 36.5144 -240 18
137.9812 36.5500 -240 18
137.9582 36.6000 -240 18
137.9500 36.6232 -240 18
137.9432 36.6500 -240 18
137.9352 36.7000 -240 18
137.9329 36.7500 -240 18
137.9360 36.8000 -240 18
137.9435 36.8500 -240 18
137.9500 36.8787 -240 18
137.9552 36.9000 -240 18
137.9704 36.9500 -240 18
137.9864 37.0000 -240 18
138.0000 37.0420 -240 18
138.0029 37.0500 -240 18
138.0211 37.1000 -240 18
138.0378 37.1500 -240 18
138.0500 37.1914 -240 18
138.0530 37.2000 -240 18
138.0679 37.2500 -240 18
138.0788 37.3000 -240 18
138.0838 37.3500 -240 18
> Contour Depth = -240
135.9892 36.4500 -240 19
135.9908 36.4000 -240 19
135.9915 36.3500 -240 19
135.9916 36.3000 -240 19
135.9918 36.2500 -240 19
135.9927 36.2000 -240 19
135.9946 36.1500 -240 19
135.9982 36.1000 -240 19
136.0000 36.0841 -240 19
136.0040 36.0500 -240 19
136.0122 36.0000 -240 19
136.0228 35.9500 -240 19
136.0360 35.9000 -240 19
136.0500 35.8557 -240 19
136.0518 35.8500 -240 19
136.0699 35.8000 -240 19
136.0900 35.7500 -240 19
136.1000 35.7271 -240 19
136.1114 35.7000 -240 19
136.1332 35.6500 -240 19
136.1500 35.6118 -240 19
136.1549 35.6000 -240 19
136.1750 35.5500 -240 19
136.1934 35.5000 -240 19
136.2000 35.4795 -240 19
136.2089 35.4500 -240 19
136.2207 35.4000 -240 19
136.2285 35.3500 -240 19
136.2317 35.3000 -240 19
136.2295 35.2500 -240 19
136.2215 35.2000 -240 19
136.2077 35.1500 -240 19
136.2000 35.1299 -240 19
136.1878 35.1000 -240 19
136.1636 35.0500 -240 19
136.1500 35.0243 -240 19
136.1370 35.0000 -240 19
136.1116 34.9500 -240 19
136.1000 34.9225 -240 19
136.0909 34.9000 -240 19
136.0772 34.8500 -240 19
136.0710 34.8000 -240 19
136.0717 34.7500 -240 19
136.0782 34.7000 -240 19
136.0892 34.6500 -240 19
136.1000 34.6128 -240 19
136.1043 34.6000 -240 19
136.1237 34.5500 -240 19
136.1454 34.5000 -240 19
136.1500 34.4898 -240 19
136.1717 34.4500 -240 19
136.2000 34.4014 -240 19
136.2010 34.4000 -240 19
136.2374 34.3500 -240 19
136.2500 34.3334 -240 19
136.2821 34.3000 -240 19
136.3000 34.2821 -240 19
136.3423 34.2500 -240 19
136.3500 34.2444 -240 19
136.4000 34.2169 -240 19
136.4431 34.2000 -240 19
136.4500 34.1974 -240 19
136.5000 34.1826 -240 19
136.5500 34.1709 -240 19
136.6000 34.1599 -240 19
136.6411 34.1500 -240 19
136.6500 34.1478 -240 19
136.7000 34.1323 -240 19
136.7500 34.1121 -240 19
136.7730 34.1000 -240 19
136.8000 34.0848 -240 19
136.8487 34.0500 -240 19
136.8500 34.0490 -240 19
136.9000 34.0017 -240 19
136.9016 34.0000 -240 19
136.9435 33.9500 -240 19
136.9500 33.9414 -240 19
136.9791 33.9000 -240 19
137.0000 33.8675 -240 19
137.0110 33.8500 -240 19
137.0397 33.8000 -240 19
137.0500 33.7806 -240 19
137.0664 33.7500 -240 19
137.0914 33.7000 -240 19
137.1000 33.6814 -240 19
137.1151 33.6500 -240 19
137.1374 33.6000 -240 19
137.1500 33.5698 -240 19
137.1586 33.5500 -240 19
137.1783 33.5000 -240 19
137.1963 33.4500 -240 19
137.2000 33.4382 -240 19
137.2123 33.4000 -240 19
137.2259 33.3500 -240 19
137.2365 33.3000 -240 19
137.2436 33.2500 -240 19
> Contour Depth = -240
134.7182 32.2500 -240 20
134.7072 32.3000 -240 20
134.7000 32.3384 -240 20
134.6976 32.3500 -240 20
134.6888 32.4000 -240 20
134.6805 32.4500 -240 20
134.6724 32.5000 -240 20
134.6636 32.5500 -240 20
134.6536 32.6000 -240 20
134.6500 32.6152 -240 20
134.6407 32.6500 -240 20
134.6242 32.7000 -240 20
134.6033 32.7500 -240 20
134.6000 32.7564 -240 20
134.5744 32.8000 -240 20
134.5500 32.8330 -240 20
134.5358 32.8500 -240 20
134.5000 32.8852 -240 20
134.4831 32.9000 -240 20
134.4500 32.9246 -240 20
134.4131 32.9500 -240 20
134.4000 32.9578 -240 20
134.3500 32.9873 -240 20
134.3292 33.0000 -240 20
134.3000 33.0163 -240 20
134.2500 33.0476 -240 20
134.2466 33.0500 -240 20
134.2000 33.0824 -240 20
134.1792 33.1000 -240 20
134.1500 33.1255 -240 20
134.1271 33.1500 -240 20
134.1000 33.1820 -240 20
134.0873 33.2000 -240 20
134.0569 33.2500 -240 20
134.0500 33.2633 -240 20
134.0333 33.3000 -240 20
134.0148 33.3500 -240 20
134.0001 33.4000 -240 20
134.0000 33.4005 -240 20
133.9876 33.4500 -240 20
133.9770 33.5000 -240 20
133.9676 33.5500 -240 20
133.9589 33.6000 -240 20
133.9505 33.6500 -240 20
133.9500 33.6529 -240 20
133.9413 33.7000 -240 20
133.9317 33.7500 -240 20
133.9214 33.8000 -240 20
133.9100 33.8500 -240 20
133.9000 33.8891 -240 20
133.8968 33.9000 -240 20
133.8805 33.9500 -240 20
133.8618 34.0000 -240 20
133.8500 34.0282 -240 20
133.8389 34.0500 -240 20
133.8104 34.1000 -240 20
133.8000 34.1166 -240 20
133.7735 34.1500 -240 20
133.7500 34.1771 -240 20
133.7234 34.2000 -240 20
133.7000 34.2191 -240 20
133.6500 34.2473 -240 20
133.6422 34.2500 -240 20
133.6000 34.2646 -240 20
133.5500 34.2725 -240 20
133.5000 34.2723 -240 20
133.4500 34.2653 -240 20
133.4000 34.2524 -240 20
133.3934 34.2500 -240 20
133.3500 34.2354 -240 20
133.3000 34.2152 -240 20
133.2658 34.2000 -240 20
133.2500 34.1933 -240 20
133.2000 34.1717 -240 20
133.1500 34.1509 -240 20
133.1474 34.1500 -240 20
133.1000 34.1335 -240 20
133.0500 34.1201 -240 20
133.0000 34.1122 -240 20
132.9500 34.1110 -240 20
132.9000 34.1182 -240 20
132.8500 34.1350 -240 20
132.8224 34.1500 -240 20
132.8000 34.1652 -240 20
132.7630 34.2000 -240 20
132.7500 34.2178 -240 20
132.7307 34.2500 -240 20
132.7145 34.3000 -240 20
132.7113 34.3500 -240 20
132.7196 34.4000 -240 20
132.7380 34.4500 -240 20
132.7500 34.4718 -240 20
132.7654 34.5000 -240 20
132.7993 34.5500 -240 20
132.8000 34.5509 -240 20
132.8377 34.6000 -240 20
132.8500 34.6147 -240 20
132.8783 34.6500 -240 20
132.9000 34.6763 -240 20
132.9186 34.7000 -240 20
132.9500 34.7407 -240 20
132.9567 34.7500 -240 20
132.9913 34.8000 -240 20
133.0000 34.8135 -240 20
133.0217 34.8500 -240 20
133.0474 34.9000 -240 20
133.0500 34.9056 -240 20
133.0690 34.9500 -240 20
133.0867 35.0000 -240 20
133.1000 35.0451 -240 20
133.1014 35.0500 -240 20
133.1135 35.1000 -240 20
133.1238 35.1500 -240 20
133.1328 35.2000 -240 20
133.1411 35.2500 -240 20
133.1491 35.3000 -240 20
133.1500 35.3059 -240 20
133.1570 35.3500 -240 20
133.1653 35.4000 -240 20
133.1741 35.4500 -240 20
133.1838 35.5000 -240 20
133.1944 35.5500 -240 20
133.2000 35.5742 -240 20
133.2062 35.6000 -240 20
133.2192 35.6500 -240 20
133.2335 35.7000 -240 20
133.2490 35.7500 -240 20
133.2500 35.7532 -240 20
133.2664 35.8000 -240 20
133.2853 35.8500 -240 20
133.3000 35.8870 -240 20
133.3058 35.9000 -240 20
> Contour Depth = -240
129.0107 33.7000 -240 21
129.0500 33.6548 -240 21
129.0545 33.6500 -240 21
129.1000 33.6056 -240 21
129.1065 33.6000 -240 21
129.1500 33.5653 -240 21
129.1725 33.5500 -240 21
129.2000 33.5327 -240 21
129.2500 33.5075 -240 21
129.2703 33.5000 -240 21
129.3000 33.4898 -240 21
129.3500 33.4784 -240 21
129.4000 33.4722 -240 21
129.4500 33.4699 -240 21
129.5000 33.4701 -240 21
129.5500 33.4712 -240 21
129.6000 33.4719 -240 21
129.6500 33.4714 -240 21
129.7000 33.4693 -240 21
129.7500 33.4657 -240 21
129.8000 33.4611 -240 21
129.8500 33.4560 -240 21
129.9000 33.4512 -240 21
129.9174 33.4500 -240 21
129.9500 33.4477 -240 21
130.0000 33.4462 -240 21
130.0500 33.4476 -240 21
130.0737 33.4500 -240 21
130.1000 33.4527 -240 21
130.1500 33.4621 -240 21
130.2000 33.4764 -240 21
130.2500 33.4964 -240 21
130.2571 33.5000 -240 21
130.3000 33.5231 -240 21
130.3399 33.5500 -240 21
130.3500 33.5575 -240 21
130.3979 33.6000 -240 21
130.4000 33.6021 -240 21
130.4408 33.6500 -240 21
130.4500 33.6629 -240 21
130.4732 33.7000 -240 21
130.4972 33.7500 -240 21
130.5000 33.7575 -240 21
130.5141 33.8000 -240 21
130.5252 33.8500 -240 21
130.5317 33.9000 -240 21
130.5344 33.9500 -240 21
130.5343 34.0000 -240 21
130.5322 34.0500 -240 21
130.5290 34.1000 -240 21
130.5255 34.1500 -240 21
130.5225 34.2000 -240 21
130.5210 34.2500 -240 21
130.5219 34.3000 -240 21
130.5265 34.3500 -240 21
130.5361 34.4000 -240 21
130.5500 34.4430 -240 21
130.5523 34.4500 -240 21
130.5764 34.5000 -240 21
130.6000 34.5368 -240 21
130.6089 34.5500 -240 21
130.6500 34.6000 -240 21
130.6500 34.6000 -240 21
130.7000 34.6498 -240 21
130.7002 34.6500 -240 21
130.7500 34.6923 -240 21
130.7600 34.7000 -240 21
130.8000 34.7300 -240 21
130.8296 34.7500 -240 21
130.8500 34.7637 -240 21
130.9000 34.7938 -240 21
130.9118 34.8000 -240 21
130.9500 34.8204 -240 21
131.0000 34.8441 -240 21
131.0145 34.8500 -240 21
131.0500 34.8650 -240 21
131.1000 34.8833 -240 21
131.1500 34.8997 -240 21
131.1512 34.9000 -240 21
131.2000 34.9144 -240 21
131.2500 34.9283 -240 21
131.3000 34.9422 -240 21
131.3274 34.9500 -240 21
131.3500 34.9577 -240 21
131.4000 34.9772 -240 21
131.4431 35.0000 -240 21
131.4500 35.0048 -240 21
> Contour Depth = -240
124.7416 27.6000 -240 22
124.7500 27.5598 -240 22
124.7524 27.5500 -240 22
124.7549 27.5000 -240 22
124.7500 27.4632 -240 22
124.7483 27.4500 -240 22
124.7342 27.4000 -240 22
124.7122 27.3500 -240 22
124.7000 27.3284 -240 22
124.6846 27.3000 -240 22
124.6524 27.2500 -240 22
124.6500 27.2465 -240 22
124.6186 27.2000 -240 22
124.6000 27.1741 -240 22
124.5830 27.1500 -240 22
124.5500 27.1038 -240 22
124.5472 27.1000 -240 22
124.5122 27.0500 -240 22
124.5000 27.0315 -240 22
124.4781 27.0000 -240 22
124.4500 26.9556 -240 22
124.4461 26.9500 -240 22
124.4159 26.9000 -240 22
124.4000 26.8682 -240 22
124.3892 26.8500 -240 22
124.3664 26.8000 -240 22
124.3506 26.7500 -240 22
124.3500 26.7462 -240 22
124.3398 26.7000 -240 22
124.3379 26.6500 -240 22
124.3452 26.6000 -240 22
124.3500 26.5848 -240 22
124.3589 26.5500 -240 22
124.3782 26.5000 -240 22
124.4000 26.4579 -240 22
124.4036 26.4500 -240 22
124.4306 26.4000 -240 22
124.4500 26.3692 -240 22
124.4613 26.3500 -240 22
124.4939 26.3000 -240 22
124.5000 26.2913 -240 22
124.5281 26.2500 -240 22
124.5500 26.2197 -240 22
124.5645 26.2000 -240 22
124.6000 26.1531 -240 22
124.6024 26.1500 -240 22
124.6417 26.1000 -240 22
124.6500 26.0894 -240 22
124.6823 26.0500 -240 22
124.7000 26.0277 -240 22
124.7233 26.0000 -240 22
124.7500 25.9663 -240 22
124.7635 25.9500 -240 22
124.8000 25.9017 -240 22
124.8013 25.9000 -240 22
124.8353 25.8500 -240 22
124.8500 25.8244 -240 22
124.8638 25.8000 -240 22
124.8867 25.7500 -240 22
124.9000 25.7150 -240 22
124.9053 25.7000 -240 22
124.9222 25.6500 -240 22
124.9386 25.6000 -240 22
124.9500 25.5694 -240 22
124.9566 25.5500 -240 22
124.9776 25.5000 -240 22
125.0000 25.4517 -240 22
125.0007 25.4500 -240 22
125.0278 25.4000 -240 22
125.0500 25.3619 -240 22
125.0567 25.3500 -240 22
125.0880 25.3000 -240 22
125.1000 25.2820 -240 22
125.1208 25.2500 -240 22
125.1500 25.2055 -240 22
125.1536 25.2000 -240 22
125.1869 25.1500 -240 22
125.2000 25.1298 -240 22
125.2192 25.1000 -240 22
125.2495 25.0500 -240 22
125.2500 25.0491 -240 22
125.2788 25.0000 -240 22
125.3000 24.9600 -240 22
125.3053 24.9500 -240 22
125.3300 24.9000 -240 22
125.3500 24.8543 -240 22
125.3519 24.8500 -240 22
125.3723 24.8000 -240 22
125.3901 24.7500 -240 22
125.4000 24.7192 -240 22
125.4063 24.7000 -240 22
125.4214 24.6500 -240 22
125.4354 24.6000 -240 22
125.4489 24.5500 -240 22
125.4500 24.5462 -240 22
125.4637 24.5000 -240 22
125.4794 24.4500 -240 22
125.4966 24.4000 -240 22
125.5000 24.3912 -240 22
125.5175 24.3500 -240 22
125.5413 24.3000 -240 22
125.5500 24.2837 -240 22
125.5701 24.2500 -240 22
125.6000 24.2041 -240 22
125.6031 24.2000 -240 22
125.6431 24.1500 -240 22
125.6500 24.1418 -240 22
125.6907 24.1000 -240 22
125.7000 24.0909 -240 22
125.7479 24.0500 -240 22
125.7500 24.0483 -240 22
125.8000 24.0126 -240 22
125.8205 24.0000 -240 22
125.8500 23.9821 -240 22
125.9000 23.9554 -240 22
125.9115 23.9500 -240 22
125.9500 23.9320 -240 22
126.0000 23.9104 -240 22
126.0260 23.9000 -240 22
126.0500 23.8902 -240 22
126.1000 23.8707 -240 22
126.1500 23.8512 -240 22
126.1532 23.8500 -240 22
126.2000 23.8318 -240 22
126.2500 23.8121 -240 22
126.2810 23.8000 -240 22
126.3000 23.7922 -240 22
126.3500 23.7725 -240 22
126.4000 23.7529 -240 22
> Contour Depth = -240
123.7000 26.8571 -240 23
123.7500 26.8586 -240 23
123.7943 26.8500 -240 23
123.8000 26.8484 -240 23
123.8500 26.8227 -240 23
123.8831 26.8000 -240 23
123.9000 26.7826 -240 23
123.9285 26.7500 -240 23
123.9500 26.7077 -240 23
123.9540 26.7000 -240 23
123.9641 26.6500 -240 23
123.9603 26.6000 -240 23
123.9500 26.5682 -240 23
123.9438 26.5500 -240 23
123.9146 26.5000 -240 23
123.9000 26.4822 -240 23
123.8656 26.4500 -240 23
123.8500 26.4386 -240 23
123.8000 26.4193 -240 23
123.7500 26.4212 -240 23
123.7000 26.4447 -240 23
123.6946 26.4500 -240 23
123.6500 26.4958 -240 23
123.6475 26.5000 -240 23
123.6211 26.5500 -240 23
123.6000 26.5974 -240 23
123.5992 26.6000 -240 23
123.5896 26.6500 -240 23
123.5862 26.7000 -240 23
123.5913 26.7500 -240 23
123.6000 26.7776 -240 23
123.6124 26.8000 -240 23
123.6500 26.8377 -240 23
123.6773 26.8500 -240 23
123.7000 26.8571 -240 23
> Contour Depth = -260
137.4000 37.4548 -260 24
137.4202 37.4500 -260 24
137.4500 37.4262 -260 24
137.4682 37.4500 -260 24
137.4819 37.5000 -260 24
> Contour Depth = -260
137.5000 37.3740 -260 25
137.5187 37.3500 -260 25
137.5500 37.3305 -260 25
137.5671 37.3000 -260 25
137.5873 37.2500 -260 25
137.5910 37.2000 -260 25
137.5791 37.1500 -260 25
137.5588 37.1000 -260 25
137.5500 37.0825 -260 25
137.5125 37.0500 -260 25
137.5000 37.0368 -260 25
137.4885 37.0500 -260 25
137.4705 37.1000 -260 25
137.4660 37.1500 -260 25
137.4670 37.2000 -260 25
137.4710 37.2500 -260 25
137.4776 37.3000 -260 25
137.4887 37.3500 -260 25
137.5000 37.3740 -260 25
> Contour Depth = -260
137.3500 36.7161 -260 26
137.4000 36.7238 -260 26
137.4164 36.7000 -260 26
137.4449 36.6500 -260 26
137.4500 36.6410 -260 26
137.4639 36.6000 -260 26
137.4828 36.5500 -260 26
137.5000 36.5087 -260 26
137.5030 36.5000 -260 26
137.5223 36.4500 -260 26
137.5427 36.4000 -260 26
137.5500 36.3830 -260 26
137.5628 36.3500 -260 26
137.5822 36.3000 -260 26
137.6000 36.2526 -260 26
137.6009 36.2500 -260 26
137.6176 36.2000 -260 26
137.6325 36.1500 -260 26
137.6454 36.1000 -260 26
137.6500 36.0787 -260 26
137.6559 36.0500 -260 26
137.6638 36.0000 -260 26
137.6689 35.9500 -260 26
137.6710 35.9000 -260 26
137.6698 35.8500 -260 26
137.6648 35.8000 -260 26
137.6554 35.7500 -260 26
137.6500 35.7310 -260 26
137.6404 35.7000 -260 26
137.6185 35.6500 -260 26
137.6000 35.6189 -260 26
137.5866 35.6000 -260 26
137.5500 35.5606 -260 26
137.5365 35.5500 -260 26
137.5000 35.5271 -260 26
137.4500 35.5097 -260 26
137.4000 35.5066 -260 26
137.3500 35.5177 -260 26
137.3000 35.5422 -260 26
137.2898 35.5500 -260 26
137.2500 35.5829 -260 26
137.2343 35.6000 -260 26
137.2000 35.6405 -260 26
137.1933 35.6500 -260 26
137.1609 35.7000 -260 26
137.1500 35.7184 -260 26
137.1331 35.7500 -260 26
137.1085 35.8000 -260 26
137.1000 35.8190 -260 26
137.0870 35.8500 -260 26
137.0682 35.9000 -260 26
137.0514 35.9500 -260 26
137.0500 35.9552 -260 26
137.0383 36.0000 -260 26
137.0283 36.0500 -260 26
137.0218 36.1000 -260 26
137.0194 36.1500 -260 26
137.0216 36.2000 -260 26
137.0287 36.2500 -260 26
137.0408 36.3000 -260 26
137.0500 36.3271 -260 26
137.0586 36.3500 -260 26
137.0819 36.4000 -260 26
137.1000 36.4336 -260 26
137.1100 36.4500 -260 26
137.1430 36.5000 -260 26
137.1500 36.5102 -260 26
137.1818 36.5500 -260 26
137.2000 36.5735 -260 26
137.2251 36.6000 -260 26
137.2500 36.6293 -260 26
137.2738 36.6500 -260 26
137.3000 36.6780 -260 26
137.3331 36.7000 -260 26
137.3500 36.7161 -260 26
> Contour Depth = -260
138.7882 35.0500 -260 27
138.7716 35.1000 -260 27
138.7585 35.1500 -260 27
138.7500 35.1942 -260 27
138.7488 35.2000 -260 27
138.7428 35.2500 -260 27
138.7401 35.3000 -260 27
138.7403 35.3500 -260 27
138.7432 35.4000 -260 27
138.7485 35.4500 -260 27
138.7500 35.4609 -260 27
138.7563 35.5000 -260 27
138.7662 35.5500 -260 27
138.7779 35.6000 -260 27
138.7912 35.6500 -260 27
138.8000 35.6803 -260 27
138.8070 35.7000 -260 27
138.8266 35.7500 -260 27
138.8496 35.8000 -260 27
138.8500 35.8008 -260 27
138.8832 35.8500 -260 27
138.9000 35.8704 -260 27
138.9352 35.9000 -260 27
138.9500 35.9102 -260 27
139.0000 35.9333 -260 27
139.0500 35.9477 -260 27
139.0602 35.9500 -260 27
139.1000 35.9576 -260 27
139.1500 35.9664 -260 27
139.2000 35.9760 -260 27
139.2500 35.9874 -260 27
139.2960 36.0000 -260 27
139.3000 36.0010 -260 27
139.3500 36.0171 -260 27
139.4000 36.0362 -260 27
139.4309 36.0500 -260 27
139.4500 36.0583 -260 27
139.5000 36.0843 -260 27
139.5257 36.1000 -260 27
139.5500 36.1152 -260 27
139.5967 36.1500 -260 27
139.6000 36.1526 -260 27
139.6495 36.2000 -260 27
139.6500 36.2005 -260 27
139.6887 36.2500 -260 27
139.7000 36.2667 -260 27
139.7190 36.3000 -260 27
139.7428 36.3500 -260 27
> Contour Depth = -260
134.6201 36.3000 -260 28
134.6292 36.2500 -260 28
134.6429 36.2000 -260 28
134.6500 36.1804 -260 28
134.6611 36.1500 -260 28
134.6840 36.1000 -260 28
134.7000 36.0712 -260 28
134.7122 36.0500 -260 28
134.7457 36.0000 -260 28
134.7500 35.9942 -260 28
134.7851 35.9500 -260 28
134.8000 35.9329 -260 28
134.8317 35.9000 -260 28
134.8500 35.8822 -260 28
134.8881 35.8500 -260 28
134.9000 35.8403 -260 28
134.9500 35.8060 -260 28
134.9608 35.8000 -260 28
135.0000 35.7784 -260 28
135.0500 35.7574 -260 28
135.0740 35.7500 -260 28
135.1000 35.7418 -260 28
135.1500 35.7313 -260 28
135.2000 35.7257 -260 28
135.2500 35.7246 -260 28
135.3000 35.7282 -260 28
135.3500 35.7370 -260 28
135.3926 35.7500 -260 28
135.4000 35.7524 -260 28
135.4500 35.7768 -260 28
135.4806 35.8000 -260 28
135.5000 35.8167 -260 28
135.5267 35.8500 -260 28
135.5500 35.8855 -260 28
135.5570 35.9000 -260 28
135.5781 35.9500 -260 28
135.5956 36.0000 -260 28
135.6000 36.0137 -260 28
135.6095 36.0500 -260 28
135.6215 36.1000 -260 28
135.6328 36.1500 -260 28
135.6435 36.2000 -260 28
135.6500 36.2312 -260 28
135.6535 36.2500 -260 28
135.6626 36.3000 -260 28
135.6714 36.3500 -260 28
135.6796 36.4000 -260 28
> Contour Depth = -260
133.7500 35.7014 -260 29
133.7615 35.7000 -260 29
133.8000 35.6938 -260 29
133.8500 35.6682 -260 29
133.8710 35.6500 -260 29
133.9000 35.6145 -260 29
133.9093 35.6000 -260 29
133.9324 35.5500 -260 29
133.9480 35.5000 -260 29
133.9500 35.4902 -260 29
133.9580 35.4500 -260 29
133.9635 35.4000 -260 29
133.9647 35.3500 -260 29
133.9610 35.3000 -260 29
133.9509 35.2500 -260 29
133.9500 35.2473 -260 29
133.9318 35.2000 -260 29
133.9000 35.1537 -260 29
133.8969 35.1500 -260 29
133.8500 35.1122 -260 29
133.8292 35.1000 -260 29
133.8000 35.0870 -260 29
133.7500 35.0714 -260 29
133.7000 35.0624 -260 29
133.6500 35.0600 -260 29
133.6000 35.0657 -260 29
133.5500 35.0832 -260 29
133.5262 35.1000 -260 29
133.5000 35.1236 -260 29
133.4833 35.1500 -260 29
133.4623 35.2000 -260 29
133.4512 35.2500 -260 29
133.4500 35.2694 -260 29
133.4487 35.3000 -260 29
133.4500 35.3223 -260 29
133.4520 35.3500 -260 29
133.4615 35.4000 -260 29
133.4758 35.4500 -260 29
133.4943 35.5000 -260 29
133.5000 35.5125 -260 29
133.5222 35.5500 -260 29
133.5500 35.5914 -260 29
133.5579 35.6000 -260 29
133.6000 35.6420 -260 29
133.6117 35.6500 -260 29
133.6500 35.6747 -260 29
133.7000 35.6945 -260 29
133.7395 35.7000 -260 29
133.7500 35.7014 -260 29
> Contour Depth = -260
135.4000 34.9029 -260 30
135.4500 34.9039 -260 30
135.5000 34.9022 -260 30
135.5214 34.9000 -260 30
135.5500 34.8975 -260 30
135.6000 34.8891 -260 30
135.6500 34.8744 -260 30
135.6989 34.8500 -260 30
135.7000 34.8495 -260 30
135.7500 34.8103 -260 30
135.7587 34.8000 -260 30
135.7954 34.7500 -260 30
135.8000 34.7423 -260 30
135.8199 34.7000 -260 30
135.8383 34.6500 -260 30
135.8500 34.6093 -260 30
135.8524 34.6000 -260 30
135.8628 34.5500 -260 30
135.8709 34.5000 -260 30
135.8770 34.4500 -260 30
135.8815 34.4000 -260 30
135.8846 34.3500 -260 30
135.8863 34.3000 -260 30
135.8870 34.2500 -260 30
135.8865 34.2000 -260 30
135.8849 34.1500 -260 30
135.8822 34.1000 -260 30
135.8783 34.0500 -260 30
135.8730 34.0000 -260 30
135.8662 33.9500 -260 30
135.8577 33.9000 -260 30
135.8500 33.8626 -260 30
135.8472 33.8500 -260 30
135.8344 33.8000 -260 30
135.8189 33.7500 -260 30
135.8003 33.7000 -260 30
135.8000 33.6993 -260 30
135.7776 33.6500 -260 30
135.7512 33.6000 -260 30
135.7500 33.5978 -260 30
135.7184 33.5500 -260 30
135.7000 33.5242 -260 30
135.6781 33.5000 -260 30
135.6500 33.4699 -260 30
135.6232 33.4500 -260 30
135.6000 33.4327 -260 30
135.5500 33.4122 -260 30
135.5000 33.4080 -260 30
135.4500 33.4187 -260 30
135.4000 33.4426 -260 30
135.3897 33.4500 -260 30
135.3500 33.4761 -260 30
135.3215 33.5000 -260 30
135.3000 33.5170 -260 30
135.2642 33.5500 -260 30
135.2500 33.5625 -260 30
135.2113 33.6000 -260 30
135.2000 33.6106 -260 30
135.1597 33.6500 -260 30
135.1500 33.6592 -260 30
135.1070 33.7000 -260 30
135.1000 33.7065 -260 30
135.0504 33.7500 -260 30
135.0500 33.7503 -260 30
135.0000 33.7877 -260 30
134.9791 33.8000 -260 30
134.9500 33.8169 -260 30
134.9000 33.8359 -260 30
134.8500 33.8429 -260 30
134.8000 33.8365 -260 30
134.7500 33.8163 -260 30
134.7246 33.8000 -260 30
134.7000 33.7836 -260 30
134.6594 33.7500 -260 30
134.6500 33.7423 -260 30
134.6000 33.7001 -260 30
134.5999 33.7000 -260 30
134.5500 33.6652 -260 30
134.5202 33.6500 -260 30
134.5000 33.6410 -260 30
134.4500 33.6304 -260 30
134.4000 33.6342 -260 30
134.3623 33.6500 -260 30
134.3500 33.6557 -260 30
134.3029 33.7000 -260 30
134.3000 33.7032 -260 30
134.2734 33.7500 -260 30
134.2510 33.8000 -260 30
134.2500 33.8028 -260 30
134.2380 33.8500 -260 30
134.2289 33.9000 -260 30
134.2228 33.9500 -260 30
134.2194 34.0000 -260 30
134.2180 34.0500 -260 30
134.2182 34.1000 -260 30
134.2196 34.1500 -260 30
134.2218 34.2000 -260 30
134.2245 34.2500 -260 30
134.2275 34.3000 -260 30
134.2307 34.3500 -260 30
134.2342 34.4000 -260 30
134.2381 34.4500 -260 30
134.2427 34.5000 -260 30
134.2484 34.5500 -260 30
134.2500 34.5619 -260 30
134.2565 34.6000 -260 30
134.2678 34.6500 -260 30
134.2841 34.7000 -260 30
134.3000 34.7348 -260 30
134.3095 34.7500 -260 30
134.3500 34.7968 -260 30
134.3541 34.8000 -260 30
134.4000 34.8287 -260 30
134.4500 34.8470 -260 30
134.4635 34.8500 -260 30
134.5000 34.8573 -260 30
134.5500 34.8624 -260 30
134.6000 34.8638 -260 30
134.6500 34.8626 -260 30
134.7000 34.8598 -260 30
134.7500 34.8564 -260 30
134.8000 34.8533 -260 30
134.8500 34.8512 -260 30
134.9000 34.8508 -260 30
134.9500 34.8526 -260 30
135.0000 34.8564 -260 30
135.0500 34.8620 -260 30
135.1000 34.8687 -260 30
135.1500 34.8761 -260 30
135.2000 34.8833 -260 30
135.2500 34.8900 -260 30
135.3000 34.8956 -260 30
135.3500 34.8999 -260 30
135.3524 34.9000 -260 30
135.4000 34.9029 -260 30
> Contour Depth = -260
129.6015 34.2500 -260 31
129.6000 34.2461 -260 31
129.5813 34.2000 -260 31
129.5738 34.1500 -260 31
129.5792 34.1000 -260 31
129.5989 34.0500 -260 31
129.6000 34.0484 -260 31
129.6349 34.0000 -260 31
129.6500 33.9860 -260 31
129.6916 33.9500 -260 31
129.7000 33.9445 -260 31
129.7500 33.9138 -260 31
129.7757 33.9000 -260 31
129.8000 33.8890 -260 31
129.8500 33.8698 -260 31
129.9000 33.8551 -260 31
129.9276 33.8500 -260 31
129.9500 33.8463 -260 31
130.0000 33.8439 -260 31
130.0500 33.8488 -260 31
130.0543 33.8500 -260 31
130.1000 33.8635 -260 31
130.1500 33.8894 -260 31
130.1637 33.9000 -260 31
130.2000 33.9316 -260 31
130.2153 33.9500 -260 31
130.2500 33.9984 -260 31
130.2509 34.0000 -260 31
130.2748 34.0500 -260 31
130.2945 34.1000 -260 31
130.3000 34.1160 -260 31
130.3092 34.1500 -260 31
130.3209 34.2000 -260 31
130.3317 34.2500 -260 31
130.3429 34.3000 -260 31
130.3500 34.3269 -260 31
130.3549 34.3500 -260 31
130.3686 34.4000 -260 31
130.3885 34.4500 -260 31
130.4000 34.4701 -260 31
130.4146 34.5000 -260 31
130.4500 34.5498 -260 31
130.4501 34.5500 -260 31
130.4908 34.6000 -260 31
130.5000 34.6091 -260 31
130.5384 34.6500 -260 31
130.5500 34.6607 -260 31
130.5908 34.7000 -260 31
130.6000 34.7082 -260 31
130.6466 34.7500 -260 31
> Contour Depth = -260
123.2428 26.7500 -260 32
123.2470 26.7000 -260 32
123.2500 26.6582 -260 32
123.2507 26.6500 -260 32
123.2540 26.6000 -260 32
123.2569 26.5500 -260 32
123.2593 26.5000 -260 32
123.2615 26.4500 -260 32
123.2634 26.4000 -260 32
123.2654 26.3500 -260 32
123.2674 26.3000 -260 32
123.2697 26.2500 -260 32
123.2724 26.2000 -260 32
123.2757 26.1500 -260 32
123.2798 26.1000 -260 32
123.2848 26.0500 -260 32
123.2907 26.0000 -260 32
123.2977 25.9500 -260 32
123.3000 25.9350 -260 32
123.3062 25.9000 -260 32
123.3159 25.8500 -260 32
123.3265 25.8000 -260 32
123.3378 25.7500 -260 32
123.3497 25.7000 -260 32
123.3500 25.6989 -260 32
123.3634 25.6500 -260 32
123.3774 25.6000 -260 32
123.3918 25.5500 -260 32
123.4000 25.5218 -260 32
123.4074 25.5000 -260 32
123.4247 25.4500 -260 32
123.4425 25.4000 -260 32
123.4500 25.3793 -260 32
123.4636 25.3500 -260 32
123.4881 25.3000 -260 32
123.5000 25.2771 -260 32
123.5209 25.2500 -260 32
123.5500 25.2156 -260 32
123.5762 25.2000 -260 32
123.6000 25.1871 -260 32
123.6500 25.1823 -260 32
123.7000 25.1933 -260 32
123.7152 25.2000 -260 32
123.7500 25.2134 -260 32
123.8000 25.2379 -260 32
123.8225 25.2500 -260 32
123.8500 25.2630 -260 32
123.9000 25.2867 -260 32
123.9302 25.3000 -260 32
123.9500 25.3078 -260 32
124.0000 25.3254 -260 32
124.0500 25.3395 -260 32
124.1000 25.3499 -260 32
124.1008 25.3500 -260 32
124.1500 25.3563 -260 32
124.2000 25.3589 -260 32
124.2500 25.3576 -260 32
124.3000 25.3525 -260 32
124.3135 25.3500 -260 32
124.3500 25.3434 -260 32
124.4000 25.3303 -260 32
124.4500 25.3132 -260 32
124.4808 25.3000 -260 32
124.5000 25.2914 -260 32
124.5500 25.2645 -260 32
124.5730 25.2500 -260 32
124.6000 25.2316 -260 32
124.6408 25.2000 -260 32
124.6500 25.1922 -260 32
124.6948 25.1500 -260 32
124.7000 25.1445 -260 32
124.7398 25.1000 -260 32
124.7500 25.0874 -260 32
124.7791 25.0500 -260 32
124.8000 25.0209 -260 32
124.8146 25.0000 -260 32
124.8476 24.9500 -260 32
124.8500 24.9461 -260 32
124.8780 24.9000 -260 32
124.9000 24.8629 -260 32
124.9075 24.8500 -260 32
124.9354 24.8000 -260 32
124.9500 24.7736 -260 32
124.9625 24.7500 -260 32
124.9884 24.7000 -260 32
125.0000 24.6776 -260 32
125.0132 24.6500 -260 32
125.0368 24.6000 -260 32
125.0500 24.5719 -260 32
125.0593 24.5500 -260 32
125.0800 24.5000 -260 32
125.1000 24.4517 -260 32
125.1006 24.4500 -260 32
125.1188 24.4000 -260 32
125.1371 24.3500 -260 32
125.1500 24.3155 -260 32
125.1553 24.3000 -260 32
125.1727 24.2500 -260 32
125.1912 24.2000 -260 32
125.2000 24.1773 -260 32
125.2100 24.1500 -260 32
125.2296 24.1000 -260 32
125.2500 24.0527 -260 32
125.2511 24.0500 -260 32
125.2730 24.0000 -260 32
125.2973 23.9500 -260 32
125.3000 23.9447 -260 32
125.3226 23.9000 -260 32
125.3500 23.8506 -260 32
125.3503 23.8500 -260 32
125.3793 23.8000 -260 32
125.4000 23.7663 -260 32
125.4104 23.7500 -260 32
125.4430 23.7000 -260 32
125.4500 23.6894 -260 32
125.4773 23.6500 -260 32
125.5000 23.6171 -260 32
125.5128 23.6000 -260 32
125.5489 23.5500 -260 32
125.5500 23.5483 -260 32
125.5858 23.5000 -260 32
125.6000 23.4788 -260 32
125.6220 23.4500 -260 32
> Contour Depth = -260
123.5450 23.5000 -260 33
123.5500 23.5172 -260 33
123.5601 23.5500 -260 33
123.5757 23.6000 -260 33
123.5910 23.6500 -260 33
123.6000 23.6795 -260 33
123.6065 23.7000 -260 33
123.6220 23.7500 -260 33
123.6365 23.8000 -260 33
123.6500 23.8487 -260 33
123.6504 23.8500 -260 33
123.6651 23.9000 -260 33
123.6798 23.9500 -260 33
123.6952 24.0000 -260 33
123.7000 24.0141 -260 33
123.7134 24.0500 -260 33
123.7350 24.1000 -260 33
123.7500 24.1296 -260 33
123.7622 24.1500 -260 33
123.7978 24.2000 -260 33
123.8000 24.2028 -260 33
123.8478 24.2500 -260 33
123.8500 24.2520 -260 33
123.9000 24.2874 -260 33
123.9235 24.3000 -260 33
123.9500 24.3139 -260 33
124.0000 24.3335 -260 33
124.0500 24.3475 -260 33
124.0644 24.3500 -260 33
124.1000 24.3566 -260 33
124.1500 24.3606 -260 33
124.2000 24.3593 -260 33
124.2500 24.3521 -260 33
124.2581 24.3500 -260 33
124.3000 24.3388 -260 33
124.3500 24.3183 -260 33
124.3826 24.3000 -260 33
124.4000 24.2896 -260 33
124.4500 24.2516 -260 33
124.4517 24.2500 -260 33
124.5000 24.2030 -260 33
124.5027 24.2000 -260 33
124.5443 24.1500 -260 33
124.5500 24.1426 -260 33
124.5803 24.1000 -260 33
124.6000 24.0696 -260 33
124.6121 24.0500 -260 33
124.6405 24.0000 -260 33
124.6500 23.9816 -260 33
124.6661 23.9500 -260 33
124.6886 23.9000 -260 33
124.7000 23.8715 -260 33
124.7085 23.8500 -260 33
124.7255 23.8000 -260 33
124.7394 23.7500 -260 33
124.7500 23.7019 -260 33
124.7504 23.7000 -260 33
124.7585 23.6500 -260 33
124.7635 23.6000 -260 33
124.7655 23.5500 -260 33
124.7647 23.5000 -260 33
124.7614 23.4500 -260 33
> Contour Depth = -280
138.9936 35.0500 -280 34
139.0000 35.0707 -280 34
139.0108 35.1000 -280 34
139.0349 35.1500 -280 34
139.0500 35.1758 -280 34
139.0659 35.2000 -280 34
139.1000 35.2455 -280 34
139.1036 35.2500 -280 34
139.1468 35.3000 -280 34
139.1500 35.3035 -280 34
139.1937 35.3500 -280 34
139.2000 35.3565 -280 34
139.2430 35.4000 -280 34
139.2500 35.4070 -280 34
139.2936 35.4500 -280 34
139.3000 35.4562 -280 34
139.3454 35.5000 -280 34
139.3500 35.5044 -280 34
139.3986 35.5500 -280 34
139.4000 35.5513 -280 34
139.4500 35.5966 -280 34
139.4539 35.6000 -280 34
139.5000 35.6400 -280 34
139.5119 35.6500 -280 34
139.5500 35.6818 -280 34
139.5724 35.7000 -280 34
139.6000 35.7225 -280 34
139.6335 35.7500 -280 34
139.6500 35.7636 -280 34
139.6918 35.8000 -280 34
139.7000 35.8072 -280 34
139.7434 35.8500 -280 34
139.7500 35.8567 -280 34
139.7862 35.9000 -280 34
139.8000 35.9172 -280 34
139.8213 35.9500 -280 34
139.8500 35.9963 -280 34
139.8518 36.0000 -280 34
139.8756 36.0500 -280 34
139.8986 36.1000 -280 34
139.9000 36.1032 -280 34
> Contour Depth = -280
123.0500 26.7919 -280 35
123.0642 26.7500 -280 35
123.0763 26.7000 -280 35
123.0844 26.6500 -280 35
123.0893 26.6000 -280 35
123.0914 26.5500 -280 35
123.0913 26.5000 -280 35
123.0892 26.4500 -280 35
123.0855 26.4000 -280 35
123.0801 26.3500 -280 35
123.0734 26.3000 -280 35
123.0654 26.2500 -280 35
123.0562 26.2000 -280 35
123.0500 26.1686 -280 35
123.0461 26.1500 -280 35
123.0351 26.1000 -280 35
123.0236 26.0500 -280 35
123.0117 26.0000 -280 35
123.0000 25.9511 -280 35
122.9997 25.9500 -280 35
122.9879 25.9000 -280 35
122.9767 25.8500 -280 35
122.9664 25.8000 -280 35
122.9574 25.7500 -280 35
122.9501 25.7000 -280 35
122.9500 25.6995 -280 35
122.9444 25.6500 -280 35
122.9408 25.6000 -280 35
122.9395 25.5500 -280 35
122.9404 25.5000 -280 35
122.9432 25.4500 -280 35
122.9478 25.4000 -280 35
122.9500 25.3806 -280 35
122.9533 25.3500 -280 35
122.9594 25.3000 -280 35
122.9661 25.2500 -280 35
122.9730 25.2000 -280 35
122.9801 25.1500 -280 35
122.9874 25.1000 -280 35
122.9947 25.0500 -280 35
123.0000 25.0148 -280 35
123.0021 25.0000 -280 35
123.0094 24.9500 -280 35
123.0171 24.9000 -280 35
123.0253 24.8500 -280 35
123.0342 24.8000 -280 35
123.0438 24.7500 -280 35
123.0500 24.7208 -280 35
123.0543 24.7000 -280 35
123.0658 24.6500 -280 35
123.0788 24.6000 -280 35
123.0937 24.5500 -280 35
123.1000 24.5318 -280 35
123.1111 24.5000 -280 35
123.1315 24.4500 -280 35
123.1500 24.4114 -280 35
123.1557 24.4000 -280 35
123.1838 24.3500 -280 35
123.2000 24.3240 -280 35
123.2154 24.3000 -280 35
123.2482 24.2500 -280 35
123.2500 24.2472 -280 35
123.2783 24.2000 -280 35
123.3000 24.1547 -280 35
123.3020 24.1500 -280 35
123.3161 24.1000 -280 35
123.3211 24.0500 -280 35
123.3179 24.0000 -280 35
123.3078 23.9500 -280 35
123.3000 23.9254 -280 35
123.2913 23.9000 -280 35
123.2694 23.8500 -280 35
123.2500 23.8118 -280 35
123.2433 23.8000 -280 35
123.2119 23.7500 -280 35
123.2000 23.7321 -280 35
123.1747 23.7000 -280 35
123.1500 23.6695 -280 35
123.1297 23.6500 -280 35
123.1000 23.6217 -280 35
123.0674 23.6000 -280 35
123.0500 23.5883 -280 35
123.0000 23.5687 -280 35
122.9500 23.5614 -280 35
122.9000 23.5639 -280 35
122.8500 23.5734 -280 35
122.8000 23.5874 -280 35
122.7616 23.6000 -280 35
122.7500 23.6035 -280 35
122.7000 23.6191 -280 35
122.6500 23.6333 -280 35
> Contour Depth = -300
139.2528 35.0500 -300 36
139.2963 35.1000 -300 36
139.3000 35.1041 -300 36
139.3437 35.1500 -300 36
139.3500 35.1565 -300 36
139.3946 35.2000 -300 36
139.4000 35.2052 -300 36
139.4490 35.2500 -300 36
139.4500 35.2509 -300 36
139.5000 35.2933 -300 36
139.5085 35.3000 -300 36
139.5500 35.3327 -300 36
139.5740 35.3500 -300 36
139.6000 35.3691 -300 36
139.6463 35.4000 -300 36
139.6500 35.4025 -300 36
139.7000 35.4335 -300 36
139.7284 35.4500 -300 36
139.7500 35.4634 -300 36
139.8000 35.4946 -300 36
139.8083 35.5000 -300 36
139.8500 35.5321 -300 36
139.8681 35.5500 -300 36
139.9000 35.5905 -300 36
> Contour Depth = -300
122.0711 24.0500 -300 37
122.0640 24.1000 -300 37
122.0604 24.1500 -300 37
122.0605 24.2000 -300 37
122.0642 24.2500 -300 37
122.0710 24.3000 -300 37
122.0800 24.3500 -300 37
122.0906 24.4000 -300 37
122.1000 24.4423 -300 37
122.1021 24.4500 -300 37
122.1155 24.5000 -300 37
122.1273 24.5500 -300 37
122.1370 24.6000 -300 37
122.1439 24.6500 -300 37
122.1479 24.7000 -300 37
122.1489 24.7500 -300 37
122.1473 24.8000 -300 37
122.1437 24.8500 -300 37
122.1391 24.9000 -300 37
122.1348 24.9500 -300 37
122.1320 25.0000 -300 37
122.1323 25.0500 -300 37
122.1368 25.1000 -300 37
122.1463 25.1500 -300 37
122.1500 25.1622 -300 37
122.1624 25.2000 -300 37
122.1842 25.2500 -300 37
122.2000 25.2794 -300 37
122.2115 25.3000 -300 37
122.2434 25.3500 -300 37
122.2500 25.3591 -300 37
122.2793 25.4000 -300 37
122.3000 25.4268 -300 37
122.3175 25.4500 -300 37
122.3500 25.4908 -300 37
122.3571 25.5000 -300 37
122.3975 25.5500 -300 37
122.4000 25.5529 -300 37
122.4386 25.6000 -300 37
122.4500 25.6136 -300 37
122.4795 25.6500 -300 37
122.5000 25.6750 -300 37
122.5199 25.7000 -300 37
122.5500 25.7375 -300 37
122.5596 25.7500 -300 37
122.5985 25.8000 -300 37
122.6000 25.8020 -300 37
122.6363 25.8500 -300 37
122.6500 25.8686 -300 37
122.6723 25.9000 -300 37
122.7000 25.9402 -300 37
122.7064 25.9500 -300 37
122.7381 26.0000 -300 37
122.7500 26.0197 -300 37
122.7672 26.0500 -300 37
122.7937 26.1000 -300 37
122.8000 26.1130 -300 37
122.8168 26.1500 -300 37
122.8371 26.2000 -300 37
122.8500 26.2366 -300 37
122.8544 26.2500 -300 37
122.8675 26.3000 -300 37
122.8774 26.3500 -300 37
122.8835 26.4000 -300 37
122.8851 26.4500 -300 37
122.8812 26.5000 -300 37
> Contour Depth = -320
139.5000 34.8575 -320 38
139.5500 34.8904 -320 38
139.5707 34.9000 -320 38
139.6000 34.9136 -320 38
139.6500 34.9230 -320 38
139.7000 34.9110 -320 38
139.7125 34.9000 -320 38
139.7500 34.8580 -320 38
139.7536 34.8500 -320 38
139.7744 34.8000 -320 38
> Contour Depth = -320
121.8534 24.2000 -320 39
121.8616 24.2500 -320 39
121.8709 24.3000 -320 39
121.8805 24.3500 -320 39
121.8894 24.4000 -320 39
121.8967 24.4500 -320 39
121.9000 24.4850 -320 39
121.9014 24.5000 -320 39
121.9030 24.5500 -320 39
121.9013 24.6000 -320 39
121.9000 24.6128 -320 39
121.8960 24.6500 -320 39
121.8872 24.7000 -320 39
121.8752 24.7500 -320 39
121.8607 24.8000 -320 39
121.8500 24.8328 -320 39
121.8440 24.8500 -320 39
121.8263 24.9000 -320 39
121.8090 24.9500 -320 39
121.8000 24.9792 -320 39
121.7931 25.0000 -320 39
121.7801 25.0500 -320 39
121.7718 25.1000 -320 39
121.7696 25.1500 -320 39
121.7745 25.2000 -320 39
121.7875 25.2500 -320 39
121.8000 25.2793 -320 39
121.8088 25.3000 -320 39
121.8381 25.3500 -320 39
121.8500 25.3663 -320 39
121.8747 25.4000 -320 39
121.9000 25.4296 -320 39
121.9175 25.4500 -320 39
121.9500 25.4843 -320 39
121.9649 25.5000 -320 39
122.0000 25.5348 -320 39
122.0152 25.5500 -320 39
122.0500 25.5836 -320 39
122.0668 25.6000 -320 39
122.1000 25.6321 -320 39
122.1183 25.6500 -320 39
122.1500 25.6813 -320 39
122.1687 25.7000 -320 39
122.2000 25.7321 -320 39
122.2173 25.7500 -320 39
122.2500 25.7852 -320 39
122.2636 25.8000 -320 39
122.3000 25.8418 -320 39
122.3071 25.8500 -320 39
122.3473 25.9000 -320 39
122.3500 25.9037 -320 39
122.3833 25.9500 -320 39
122.4000 25.9764 -320 39
122.4151 26.0000 -320 39
> Contour Depth = -340
121.3000 25.7651 -340 40
121.3500 25.7682 -340 40
121.4000 25.7710 -340 40
121.4500 25.7731 -340 40
121.5000 25.7735 -340 40
121.5500 25.7701 -340 40
121.6000 25.7585 -340 40
121.6164 25.7500 -340 40
121.6250 25.7000 -340 40
121.6000 25.6559 -340 40
121.5969 25.6500 -340 40
121.5509 25.6000 -340 40
121.5500 25.5992 -340 40
121.5000 25.5558 -340 40
121.4932 25.5500 -340 40
121.4500 25.5167 -340 40
121.4277 25.5000 -340 40
121.4000 25.4792 -340 40
> Contour Depth = -340
121.6000 24.7013 -340 41
121.6006 24.7000 -340 41
121.6177 24.6500 -340 41
