> Contour Depth = -20
331.2729 -55.1000 -20 1
331.3000 -55.1075 -20 1
331.3500 -55.1212 -20 1
331.4000 -55.1348 -20 1
331.4500 -55.1483 -20 1
331.4562 -55.1500 -20 1
331.5000 -55.1609 -20 1
331.5500 -55.1734 -20 1
331.6000 -55.1859 -20 1
331.6500 -55.1984 -20 1
331.6563 -55.2000 -20 1
331.7000 -55.2103 -20 1
331.7500 -55.2222 -20 1
331.8000 -55.2344 -20 1
331.8500 -55.2469 -20 1
331.8624 -55.2500 -20 1
331.9000 -55.2590 -20 1
331.9500 -55.2714 -20 1
332.0000 -55.2842 -20 1
332.0500 -55.2975 -20 1
332.0593 -55.3000 -20 1
332.1000 -55.3106 -20 1
332.1500 -55.3240 -20 1
332.2000 -55.3381 -20 1
332.2407 -55.3500 -20 1
332.2500 -55.3526 -20 1
332.3000 -55.3670 -20 1
332.3500 -55.3821 -20 1
332.4000 -55.3979 -20 1
332.4063 -55.4000 -20 1
332.4500 -55.4137 -20 1
332.5000 -55.4301 -20 1
332.5500 -55.4474 -20 1
332.5572 -55.4500 -20 1
332.6000 -55.4648 -20 1
332.6500 -55.4830 -20 1
332.6942 -55.5000 -20 1
332.7000 -55.5022 -20 1
332.7500 -55.5215 -20 1
332.8000 -55.5419 -20 1
332.8190 -55.5500 -20 1
332.8500 -55.5629 -20 1
332.9000 -55.5847 -20 1
332.9336 -55.6000 -20 1
332.9500 -55.6074 -20 1
333.0000 -55.6305 -20 1
333.0401 -55.6500 -20 1
333.0500 -55.6547 -20 1
333.1000 -55.6793 -20 1
333.1404 -55.7000 -20 1
333.1500 -55.7049 -20 1
333.2000 -55.7308 -20 1
333.2356 -55.7500 -20 1
333.2500 -55.7577 -20 1
333.3000 -55.7850 -20 1
333.3267 -55.8000 -20 1
333.3500 -55.8131 -20 1
333.4000 -55.8418 -20 1
333.4140 -55.8500 -20 1
333.4500 -55.8712 -20 1
333.4975 -55.9000 -20 1
333.5000 -55.9015 -20 1
333.5500 -55.9325 -20 1
333.5773 -55.9500 -20 1
333.6000 -55.9647 -20 1
333.6500 -55.9981 -20 1
333.6528 -56.0000 -20 1
333.7000 -56.0327 -20 1
333.7241 -56.0500 -20 1
333.7500 -56.0691 -20 1
333.7905 -56.1000 -20 1
333.8000 -56.1074 -20 1
333.8500 -56.1480 -20 1
333.8524 -56.1500 -20 1
333.9000 -56.1911 -20 1
333.9099 -56.2000 -20 1
333.9500 -56.2373 -20 1
333.9633 -56.2500 -20 1
334.0000 -56.2869 -20 1
334.0128 -56.3000 -20 1
334.0500 -56.3402 -20 1
334.0590 -56.3500 -20 1
334.1000 -56.3975 -20 1
334.1021 -56.4000 -20 1
334.1430 -56.4500 -20 1
334.1500 -56.4592 -20 1
334.1818 -56.5000 -20 1
334.2000 -56.5249 -20 1
334.2189 -56.5500 -20 1
334.2500 -56.5942 -20 1
334.2543 -56.6000 -20 1
334.2891 -56.6500 -20 1
334.3000 -56.6666 -20 1
334.3233 -56.7000 -20 1
334.3500 -56.7405 -20 1
334.3567 -56.7500 -20 1
334.3905 -56.8000 -20 1
334.4000 -56.8146 -20 1
334.4248 -56.8500 -20 1
334.4500 -56.8870 -20 1
334.4596 -56.9000 -20 1
334.4956 -56.9500 -20 1
334.5000 -56.9563 -20 1
334.5334 -57.0000 -20 1
334.5500 -57.0220 -20 1
334.5727 -57.0500 -20 1
334.6000 -57.0841 -20 1
334.6133 -57.1000 -20 1
334.6500 -57.1441 -20 1
334.6551 -57.1500 -20 1
334.6971 -57.2000 -20 1
334.7000 -57.2035 -20 1
334.7384 -57.2500 -20 1
334.7500 -57.2643 -20 1
334.7781 -57.3000 -20 1
334.8000 -57.3286 -20 1
334.8157 -57.3500 -20 1
334.8500 -57.3984 -20 1
334.8511 -57.4000 -20 1
334.8838 -57.4500 -20 1
334.9000 -57.4760 -20 1
334.9142 -57.5000 -20 1
334.9423 -57.5500 -20 1
334.9500 -57.5643 -20 1
334.9682 -57.6000 -20 1
334.9920 -57.6500 -20 1
335.0000 -57.6678 -20 1
335.0138 -57.7000 -20 1
335.0335 -57.7500 -20 1
335.0500 -57.7964 -20 1
335.0512 -57.8000 -20 1
335.0671 -57.8500 -20 1
335.0809 -57.9000 -20 1
335.0927 -57.9500 -20 1
335.1000 -57.9866 -20 1
335.1026 -58.0000 -20 1
335.1108 -58.0500 -20 1
335.1170 -58.1000 -20 1
335.1214 -58.1500 -20 1
335.1238 -58.2000 -20 1
335.1245 -58.2500 -20 1
335.1233 -58.3000 -20 1
335.1204 -58.3500 -20 1
335.1156 -58.4000 -20 1
335.1090 -58.4500 -20 1
335.1006 -58.5000 -20 1
335.1000 -58.5027 -20 1
335.0907 -58.5500 -20 1
335.0791 -58.6000 -20 1
335.0656 -58.6500 -20 1
335.0502 -58.7000 -20 1
335.0500 -58.7006 -20 1
335.0337 -58.7500 -20 1
335.0152 -58.8000 -20 1
335.0000 -58.8370 -20 1
334.9949 -58.8500 -20 1
334.9734 -58.9000 -20 1
334.9500 -58.9496 -20 1
334.9498 -58.9500 -20 1
334.9254 -59.0000 -20 1
334.9000 -59.0478 -20 1
334.8989 -59.0500 -20 1
334.8717 -59.1000 -20 1
334.8500 -59.1369 -20 1
334.8426 -59.1500 -20 1
334.8126 -59.2000 -20 1
334.8000 -59.2196 -20 1
334.7812 -59.2500 -20 1
334.7500 -59.2973 -20 1
334.7483 -59.3000 -20 1
334.7147 -59.3500 -20 1
334.7000 -59.3705 -20 1
334.6795 -59.4000 -20 1
334.6500 -59.4398 -20 1
334.6427 -59.4500 -20 1
334.6045 -59.5000 -20 1
334.6000 -59.5055 -20 1
334.5649 -59.5500 -20 1
334.5500 -59.5677 -20 1
334.5233 -59.6000 -20 1
334.5000 -59.6266 -20 1
334.4797 -59.6500 -20 1
334.4500 -59.6824 -20 1
334.4339 -59.7000 -20 1
334.4000 -59.7353 -20 1
334.3858 -59.7500 -20 1
334.3500 -59.7856 -20 1
334.3353 -59.8000 -20 1
334.3000 -59.8334 -20 1
334.2822 -59.8500 -20 1
334.2500 -59.8791 -20 1
334.2265 -59.9000 -20 1
334.2000 -59.9229 -20 1
334.1678 -59.9500 -20 1
334.1500 -59.9647 -20 1
334.1061 -60.0000 -20 1
334.1000 -60.0049 -20 1
334.0500 -60.0436 -20 1
334.0416 -60.0500 -20 1
334.0000 -60.0812 -20 1
333.9741 -60.1000 -20 1
333.9500 -60.1175 -20 1
333.9034 -60.1500 -20 1
333.9000 -60.1524 -20 1
333.8500 -60.1869 -20 1
333.8302 -60.2000 -20 1
333.8000 -60.2204 -20 1
333.7544 -60.2500 -20 1
333.7500 -60.2529 -20 1
333.7000 -60.2855 -20 1
333.6769 -60.3000 -20 1
333.6500 -60.3174 -20 1
333.6000 -60.3487 -20 1
333.5979 -60.3500 -20 1
> Contour Depth = -40
330.9000 -55.3707 -40 2
330.9500 -55.3788 -40 2
331.0000 -55.3871 -40 2
331.0500 -55.3955 -40 2
331.0754 -55.4000 -40 2
331.1000 -55.4043 -40 2
331.1500 -55.4136 -40 2
331.2000 -55.4232 -40 2
331.2500 -55.4332 -40 2
331.3000 -55.4435 -40 2
331.3300 -55.4500 -40 2
331.3500 -55.4544 -40 2
331.4000 -55.4658 -40 2
331.4500 -55.4775 -40 2
331.5000 -55.4895 -40 2
331.5428 -55.5000 -40 2
331.5500 -55.5018 -40 2
331.6000 -55.5149 -40 2
331.6500 -55.5282 -40 2
331.7000 -55.5417 -40 2
331.7298 -55.5500 -40 2
331.7500 -55.5558 -40 2
331.8000 -55.5705 -40 2
331.8500 -55.5854 -40 2
331.8980 -55.6000 -40 2
331.9000 -55.6006 -40 2
331.9500 -55.6168 -40 2
332.0000 -55.6331 -40 2
332.0500 -55.6497 -40 2
332.0508 -55.6500 -40 2
332.1000 -55.6673 -40 2
332.1500 -55.6851 -40 2
332.1912 -55.7000 -40 2
332.2000 -55.7033 -40 2
332.2500 -55.7224 -40 2
332.3000 -55.7416 -40 2
332.3214 -55.7500 -40 2
332.3500 -55.7617 -40 2
332.4000 -55.7822 -40 2
332.4426 -55.8000 -40 2
332.4500 -55.8032 -40 2
332.5000 -55.8253 -40 2
332.5500 -55.8476 -40 2
332.5552 -55.8500 -40 2
332.6000 -55.8713 -40 2
332.6500 -55.8953 -40 2
332.6596 -55.9000 -40 2
332.7000 -55.9207 -40 2
332.7500 -55.9466 -40 2
332.7564 -55.9500 -40 2
332.8000 -55.9740 -40 2
332.8464 -56.0000 -40 2
332.8500 -56.0021 -40 2
332.9000 -56.0318 -40 2
332.9303 -56.0500 -40 2
332.9500 -56.0623 -40 2
333.0000 -56.0940 -40 2
333.0093 -56.1000 -40 2
333.0500 -56.1273 -40 2
333.0836 -56.1500 -40 2
333.1000 -56.1615 -40 2
333.1500 -56.1970 -40 2
333.1542 -56.2000 -40 2
333.2000 -56.2343 -40 2
333.2209 -56.2500 -40 2
333.2500 -56.2729 -40 2
333.2841 -56.3000 -40 2
333.3000 -56.3132 -40 2
333.3438 -56.3500 -40 2
333.3500 -56.3555 -40 2
333.3998 -56.4000 -40 2
333.4000 -56.4002 -40 2
333.4500 -56.4481 -40 2
333.4519 -56.4500 -40 2
333.5000 -56.4999 -40 2
333.5001 -56.5000 -40 2
333.5441 -56.5500 -40 2
333.5500 -56.5573 -40 2
333.5841 -56.6000 -40 2
333.6000 -56.6218 -40 2
333.6202 -56.6500 -40 2
333.6500 -56.6959 -40 2
333.6526 -56.7000 -40 2
333.6815 -56.7500 -40 2
333.7000 -56.7856 -40 2
333.7073 -56.8000 -40 2
333.7303 -56.8500 -40 2
333.7500 -56.8977 -40 2
333.7510 -56.9000 -40 2
333.7694 -56.9500 -40 2
333.7861 -57.0000 -40 2
333.8000 -57.0454 -40 2
333.8014 -57.0500 -40 2
333.8156 -57.1000 -40 2
333.8289 -57.1500 -40 2
333.8416 -57.2000 -40 2
333.8500 -57.2342 -40 2
333.8539 -57.2500 -40 2
333.8662 -57.3000 -40 2
333.8785 -57.3500 -40 2
333.8910 -57.4000 -40 2
333.9000 -57.4351 -40 2
333.9039 -57.4500 -40 2
333.9176 -57.5000 -40 2
333.9320 -57.5500 -40 2
333.9472 -57.6000 -40 2
333.9500 -57.6086 -40 2
333.9639 -57.6500 -40 2
333.9819 -57.7000 -40 2
334.0000 -57.7470 -40 2
334.0012 -57.7500 -40 2
334.0229 -57.8000 -40 2
334.0462 -57.8500 -40 2
334.0500 -57.8578 -40 2
334.0722 -57.9000 -40 2
334.1000 -57.9498 -40 2
334.1001 -57.9500 -40 2
334.1314 -58.0000 -40 2
334.1500 -58.0288 -40 2
334.1648 -58.0500 -40 2
334.2000 -58.0996 -40 2
334.2003 -58.1000 -40 2
334.2380 -58.1500 -40 2
334.2500 -58.1663 -40 2
334.2759 -58.2000 -40 2
334.3000 -58.2331 -40 2
334.3124 -58.2500 -40 2
334.3463 -58.3000 -40 2
334.3500 -58.3060 -40 2
334.3762 -58.3500 -40 2
334.4000 -58.3969 -40 2
334.4015 -58.4000 -40 2
334.4219 -58.4500 -40 2
334.4378 -58.5000 -40 2
334.4495 -58.5500 -40 2
334.4500 -58.5528 -40 2
334.4572 -58.6000 -40 2
334.4614 -58.6500 -40 2
334.4624 -58.7000 -40 2
334.4604 -58.7500 -40 2
334.4558 -58.8000 -40 2
334.4500 -58.8398 -40 2
334.4485 -58.8500 -40 2
334.4388 -58.9000 -40 2
334.4268 -58.9500 -40 2
334.4126 -59.0000 -40 2
334.4000 -59.0386 -40 2
334.3963 -59.0500 -40 2
334.3777 -59.1000 -40 2
334.3571 -59.1500 -40 2
334.3500 -59.1656 -40 2
334.3342 -59.2000 -40 2
334.3092 -59.2500 -40 2
334.3000 -59.2667 -40 2
334.2816 -59.3000 -40 2
334.2518 -59.3500 -40 2
334.2500 -59.3528 -40 2
334.2191 -59.4000 -40 2
334.2000 -59.4272 -40 2
334.1838 -59.4500 -40 2
334.1500 -59.4943 -40 2
334.1456 -59.5000 -40 2
334.1042 -59.5500 -40 2
334.1000 -59.5548 -40 2
334.0594 -59.6000 -40 2
334.0500 -59.6099 -40 2
334.0111 -59.6500 -40 2
334.0000 -59.6609 -40 2
333.9591 -59.7000 -40 2
333.9500 -59.7083 -40 2
333.9032 -59.7500 -40 2
333.9000 -59.7527 -40 2
333.8500 -59.7942 -40 2
333.8429 -59.8000 -40 2
333.8000 -59.8333 -40 2
333.7781 -59.8500 -40 2
333.7500 -59.8706 -40 2
333.7090 -59.9000 -40 2
333.7000 -59.9063 -40 2
333.6500 -59.9403 -40 2
333.6355 -59.9500 -40 2
333.6000 -59.9731 -40 2
333.5582 -60.0000 -40 2
333.5500 -60.0051 -40 2
333.5000 -60.0361 -40 2
333.4776 -60.0500 -40 2
333.4500 -60.0667 -40 2
333.4000 -60.0971 -40 2
333.3952 -60.1000 -40 2
333.3500 -60.1270 -40 2
333.3122 -60.1500 -40 2
333.3000 -60.1573 -40 2
333.2500 -60.1876 -40 2
333.2299 -60.2000 -40 2
333.2000 -60.2183 -40 2
333.1500 -60.2496 -40 2
333.1494 -60.2500 -40 2
333.1000 -60.2812 -40 2
333.0710 -60.3000 -40 2
333.0500 -60.3137 -40 2
333.0000 -60.3468 -40 2
332.9951 -60.3500 -40 2
> Contour Depth = -60
330.1500 -55.8792 -60 3
330.2000 -55.8646 -60 3
330.2500 -55.8528 -60 3
330.2644 -55.8500 -60 3
330.3000 -55.8441 -60 3
330.3500 -55.8373 -60 3
330.4000 -55.8319 -60 3
330.4500 -55.8277 -60 3
330.5000 -55.8244 -60 3
330.5500 -55.8219 -60 3
330.6000 -55.8203 -60 3
330.6500 -55.8193 -60 3
330.7000 -55.8192 -60 3
330.7500 -55.8197 -60 3
330.8000 -55.8211 -60 3
330.8500 -55.8231 -60 3
330.9000 -55.8260 -60 3
330.9500 -55.8297 -60 3
331.0000 -55.8343 -60 3
331.0500 -55.8398 -60 3
331.1000 -55.8461 -60 3
331.1266 -55.8500 -60 3
331.1500 -55.8539 -60 3
331.2000 -55.8633 -60 3
331.2500 -55.8737 -60 3
331.3000 -55.8849 -60 3
331.3500 -55.8969 -60 3
331.3621 -55.9000 -60 3
331.4000 -55.9112 -60 3
331.4500 -55.9266 -60 3
331.5000 -55.9425 -60 3
331.5226 -55.9500 -60 3
331.5500 -55.9603 -60 3
331.6000 -55.9796 -60 3
331.6500 -55.9991 -60 3
331.6523 -56.0000 -60 3
331.7000 -56.0218 -60 3
331.7500 -56.0444 -60 3
331.7622 -56.0500 -60 3
331.8000 -56.0698 -60 3
331.8500 -56.0957 -60 3
331.8583 -56.1000 -60 3
331.9000 -56.1248 -60 3
331.9430 -56.1500 -60 3
331.9500 -56.1546 -60 3
332.0000 -56.1882 -60 3
332.0179 -56.2000 -60 3
332.0500 -56.2244 -60 3
332.0842 -56.2500 -60 3
332.1000 -56.2637 -60 3
332.1425 -56.3000 -60 3
332.1500 -56.3075 -60 3
332.1931 -56.3500 -60 3
332.2000 -56.3581 -60 3
332.2365 -56.4000 -60 3
332.2500 -56.4190 -60 3
332.2728 -56.4500 -60 3
332.3000 -56.4963 -60 3
332.3023 -56.5000 -60 3
332.3255 -56.5500 -60 3
332.3424 -56.6000 -60 3
332.3500 -56.6330 -60 3
332.3543 -56.6500 -60 3
332.3629 -56.7000 -60 3
332.3695 -56.7500 -60 3
332.3760 -56.8000 -60 3
332.3839 -56.8500 -60 3
332.3942 -56.9000 -60 3
332.4000 -56.9214 -60 3
332.4090 -56.9500 -60 3
332.4289 -57.0000 -60 3
332.4500 -57.0453 -60 3
332.4527 -57.0500 -60 3
332.4861 -57.1000 -60 3
332.5000 -57.1187 -60 3
332.5299 -57.1500 -60 3
332.5500 -57.1694 -60 3
332.5936 -57.2000 -60 3
332.6000 -57.2042 -60 3
332.6500 -57.2256 -60 3
332.7000 -57.2384 -60 3
332.7500 -57.2454 -60 3
332.7955 -57.2500 -60 3
332.8000 -57.2504 -60 3
332.8500 -57.2579 -60 3
332.9000 -57.2731 -60 3
332.9484 -57.3000 -60 3
332.9500 -57.3009 -60 3
333.0000 -57.3451 -60 3
333.0039 -57.3500 -60 3
333.0424 -57.4000 -60 3
333.0500 -57.4100 -60 3
333.0730 -57.4500 -60 3
333.1000 -57.4979 -60 3
333.1010 -57.5000 -60 3
333.1241 -57.5500 -60 3
333.1474 -57.6000 -60 3
333.1500 -57.6054 -60 3
333.1682 -57.6500 -60 3
333.1892 -57.7000 -60 3
333.2000 -57.7251 -60 3
333.2095 -57.7500 -60 3
333.2291 -57.8000 -60 3
333.2493 -57.8500 -60 3
333.2500 -57.8517 -60 3
333.2679 -57.9000 -60 3
333.2868 -57.9500 -60 3
333.3000 -57.9849 -60 3
333.3053 -58.0000 -60 3
333.3228 -58.0500 -60 3
333.3404 -58.1000 -60 3
333.3500 -58.1276 -60 3
333.3574 -58.1500 -60 3
333.3738 -58.2000 -60 3
333.3905 -58.2500 -60 3
333.4000 -58.2782 -60 3
333.4071 -58.3000 -60 3
333.4238 -58.3500 -60 3
333.4417 -58.4000 -60 3
333.4500 -58.4221 -60 3
333.4603 -58.4500 -60 3
333.4803 -58.5000 -60 3
333.5000 -58.5441 -60 3
333.5026 -58.5500 -60 3
333.5255 -58.6000 -60 3
333.5500 -58.6481 -60 3
333.5509 -58.6500 -60 3
333.5756 -58.7000 -60 3
333.6000 -58.7476 -60 3
333.6012 -58.7500 -60 3
333.6235 -58.8000 -60 3
333.6442 -58.8500 -60 3
333.6500 -58.8666 -60 3
333.6603 -58.9000 -60 3
333.6716 -58.9500 -60 3
333.6780 -59.0000 -60 3
333.6789 -59.0500 -60 3
333.6742 -59.1000 -60 3
333.6639 -59.1500 -60 3
333.6500 -59.1944 -60 3
333.6481 -59.2000 -60 3
333.6250 -59.2500 -60 3
333.6000 -59.2954 -60 3
333.5972 -59.3000 -60 3
333.5620 -59.3500 -60 3
333.5500 -59.3650 -60 3
333.5206 -59.4000 -60 3
333.5000 -59.4221 -60 3
333.4729 -59.4500 -60 3
333.4500 -59.4716 -60 3
333.4191 -59.5000 -60 3
333.4000 -59.5161 -60 3
333.3597 -59.5500 -60 3
333.3500 -59.5575 -60 3
333.3000 -59.5965 -60 3
333.2954 -59.6000 -60 3
333.2500 -59.6326 -60 3
333.2267 -59.6500 -60 3
333.2000 -59.6683 -60 3
333.1560 -59.7000 -60 3
333.1500 -59.7040 -60 3
333.1000 -59.7375 -60 3
333.0822 -59.7500 -60 3
333.0500 -59.7707 -60 3
333.0068 -59.8000 -60 3
333.0000 -59.8042 -60 3
332.9500 -59.8356 -60 3
332.9278 -59.8500 -60 3
332.9000 -59.8666 -60 3
332.8500 -59.8974 -60 3
332.8457 -59.9000 -60 3
332.8000 -59.9253 -60 3
332.7567 -59.9500 -60 3
332.7500 -59.9536 -60 3
332.7000 -59.9787 -60 3
332.6577 -60.0000 -60 3
332.6500 -60.0036 -60 3
332.6000 -60.0250 -60 3
332.5500 -60.0457 -60 3
332.5382 -60.0500 -60 3
332.5000 -60.0628 -60 3
332.4500 -60.0776 -60 3
332.4000 -60.0902 -60 3
332.3507 -60.1000 -60 3
332.3500 -60.1001 -60 3
332.3000 -60.1060 -60 3
332.2500 -60.1092 -60 3
332.2000 -60.1095 -60 3
332.1500 -60.1071 -60 3
332.1000 -60.1022 -60 3
332.0828 -60.1000 -60 3
332.0500 -60.0947 -60 3
332.0000 -60.0853 -60 3
331.9500 -60.0755 -60 3
331.9000 -60.0663 -60 3
331.8500 -60.0585 -60 3
331.8000 -60.0526 -60 3
331.7651 -60.0500 -60 3
331.7500 -60.0489 -60 3
331.7000 -60.0472 -60 3
331.6500 -60.0475 -60 3
331.6000 -60.0490 -60 3
331.5814 -60.0500 -60 3
331.5500 -60.0516 -60 3
331.5000 -60.0548 -60 3
331.4500 -60.0582 -60 3
331.4000 -60.0618 -60 3
331.3500 -60.0652 -60 3
331.3000 -60.0686 -60 3
331.2500 -60.0718 -60 3
331.2000 -60.0749 -60 3
331.1500 -60.0780 -60 3
331.1000 -60.0812 -60 3
331.0500 -60.0845 -60 3
331.0000 -60.0879 -60 3
330.9500 -60.0913 -60 3
330.9000 -60.0946 -60 3
330.8500 -60.0976 -60 3
330.8000 -60.0998 -60 3
330.7897 -60.1000 -60 3
330.7500 -60.1008 -60 3
330.7138 -60.1000 -60 3
330.7000 -60.0997 -60 3
330.6500 -60.0958 -60 3
330.6000 -60.0878 -60 3
330.5500 -60.0744 -60 3
330.5000 -60.0538 -60 3
330.4932 -60.0500 -60 3
330.4500 -60.0239 -60 3
330.4211 -60.0000 -60 3
330.4000 -59.9808 -60 3
330.3738 -59.9500 -60 3
330.3500 -59.9179 -60 3
330.3392 -59.9000 -60 3
330.3131 -59.8500 -60 3
330.3000 -59.8196 -60 3
330.2927 -59.8000 -60 3
> Contour Depth = -60
329.8000 -56.3328 -60 4
329.8055 -56.3000 -60 4
329.8165 -56.2500 -60 4
329.8306 -56.2000 -60 4
329.8488 -56.1500 -60 4
329.8500 -56.1474 -60 4
329.8728 -56.1000 -60 4
329.9000 -56.0558 -60 4
329.9039 -56.0500 -60 4
