> Contour Depth = -100
329.9000 -56.0537 -100 1
329.9500 -56.0585 -100 1
330.0000 -56.0615 -100 1
330.0500 -56.0630 -100 1
330.1000 -56.0633 -100 1
330.1500 -56.0628 -100 1
330.2000 -56.0621 -100 1
330.2500 -56.0617 -100 1
330.3000 -56.0627 -100 1
330.3500 -56.0663 -100 1
330.4000 -56.0747 -100 1
330.4500 -56.0910 -100 1
330.4671 -56.1000 -100 1
330.5000 -56.1237 -100 1
330.5232 -56.1500 -100 1
330.5500 -56.1992 -100 1
330.5503 -56.2000 -100 1
330.5637 -56.2500 -100 1
330.5706 -56.3000 -100 1
330.5735 -56.3500 -100 1
330.5740 -56.4000 -100 1
330.5730 -56.4500 -100 1
> Contour Depth = -120
330.9100 -56.6500 -120 2
330.9368 -56.6000 -120 2
330.9500 -56.5777 -120 2
330.9682 -56.5500 -120 2
331.0000 -56.5053 -120 2
331.0042 -56.5000 -120 2
331.0455 -56.4500 -120 2
331.0500 -56.4447 -120 2
331.0920 -56.4000 -120 2
331.1000 -56.3916 -120 2
331.1433 -56.3500 -120 2
331.1500 -56.3435 -120 2
331.1990 -56.3000 -120 2
331.2000 -56.2991 -120 2
331.2500 -56.2568 -120 2
331.2588 -56.2500 -120 2
331.3000 -56.2164 -120 2
331.3218 -56.2000 -120 2
331.3500 -56.1776 -120 2
331.3878 -56.1500 -120 2
331.4000 -56.1405 -120 2
331.4500 -56.1045 -120 2
331.4567 -56.1000 -120 2
331.5000 -56.0692 -120 2
331.5293 -56.0500 -120 2
331.5500 -56.0356 -120 2
331.6000 -56.0035 -120 2
331.6057 -56.0000 -120 2
331.6500 -55.9719 -120 2
331.6870 -55.9500 -120 2
331.7000 -55.9420 -120 2
331.7500 -55.9128 -120 2
331.7731 -55.9000 -120 2
331.8000 -55.8845 -120 2
331.8500 -55.8569 -120 2
331.8628 -55.8500 -120 2
331.9000 -55.8294 -120 2
331.9500 -55.8023 -120 2
331.9542 -55.8000 -120 2
332.0000 -55.7745 -120 2
332.0442 -55.7500 -120 2
332.0500 -55.7467 -120 2
332.1000 -55.7178 -120 2
332.1302 -55.7000 -120 2
332.1500 -55.6880 -120 2
332.2000 -55.6569 -120 2
332.2108 -55.6500 -120 2
332.2500 -55.6242 -120 2
332.2855 -55.6000 -120 2
332.3000 -55.5899 -120 2
332.3500 -55.5538 -120 2
332.3551 -55.5500 -120 2
332.4000 -55.5157 -120 2
332.4199 -55.5000 -120 2
332.4500 -55.4758 -120 2
332.4813 -55.4500 -120 2
332.5000 -55.4344 -120 2
332.5404 -55.4000 -120 2
332.5500 -55.3917 -120 2
332.5981 -55.3500 -120 2
332.6000 -55.3483 -120 2
332.6500 -55.3049 -120 2
332.6557 -55.3000 -120 2
332.7000 -55.2622 -120 2
332.7143 -55.2500 -120 2
332.7500 -55.2206 -120 2
332.7752 -55.2000 -120 2
> Contour Depth = -140
331.2270 -56.8500 -140 3
331.2500 -56.8189 -140 3
331.2653 -56.8000 -140 3
331.3000 -56.7616 -140 3
331.3115 -56.7500 -140 3
331.3500 -56.7146 -140 3
331.3673 -56.7000 -140 3
331.4000 -56.6746 -140 3
331.4346 -56.6500 -140 3
331.4500 -56.6397 -140 3
331.5000 -56.6091 -140 3
331.5162 -56.6000 -140 3
331.5500 -56.5818 -140 3
331.6000 -56.5573 -140 3
331.6164 -56.5500 -140 3
331.6500 -56.5353 -140 3
331.7000 -56.5155 -140 3
331.7438 -56.5000 -140 3
331.7500 -56.4978 -140 3
331.8000 -56.4819 -140 3
331.8500 -56.4679 -140 3
331.9000 -56.4554 -140 3
331.9250 -56.4500 -140 3
331.9500 -56.4444 -140 3
332.0000 -56.4346 -140 3
332.0500 -56.4258 -140 3
332.1000 -56.4178 -140 3
332.1500 -56.4103 -140 3
332.2000 -56.4029 -140 3
332.2200 -56.4000 -140 3
332.2500 -56.3953 -140 3
332.3000 -56.3871 -140 3
332.3500 -56.3779 -140 3
332.4000 -56.3676 -140 3
332.4500 -56.3559 -140 3
332.4727 -56.3500 -140 3
332.5000 -56.3425 -140 3
332.5500 -56.3276 -140 3
332.6000 -56.3112 -140 3
332.6324 -56.3000 -140 3
332.6500 -56.2937 -140 3
332.7000 -56.2750 -140 3
332.7500 -56.2559 -140 3
332.7653 -56.2500 -140 3
332.8000 -56.2362 -140 3
332.8500 -56.2166 -140 3
332.8930 -56.2000 -140 3
332.9000 -56.1972 -140 3
332.9500 -56.1779 -140 3
333.0000 -56.1590 -140 3
333.0245 -56.1500 -140 3
333.0500 -56.1403 -140 3
333.1000 -56.1215 -140 3
333.1500 -56.1029 -140 3
333.1576 -56.1000 -140 3
333.2000 -56.0833 -140 3
333.2500 -56.0630 -140 3
333.2810 -56.0500 -140 3
333.3000 -56.0415 -140 3
333.3500 -56.0181 -140 3
333.3863 -56.0000 -140 3
333.4000 -55.9927 -140 3
333.4500 -55.9644 -140 3
333.4741 -55.9500 -140 3
333.5000 -55.9332 -140 3
333.5485 -55.9000 -140 3
333.5500 -55.8989 -140 3
333.6000 -55.8602 -140 3
333.6127 -55.8500 -140 3
333.6500 -55.8170 -140 3
333.6688 -55.8000 -140 3
333.7000 -55.7685 -140 3
333.7181 -55.7500 -140 3
333.7500 -55.7129 -140 3
333.7611 -55.7000 -140 3
333.7983 -55.6500 -140 3
333.8000 -55.6473 -140 3
333.8305 -55.6000 -140 3
> Contour Depth = -140
334.5329 -56.1000 -140 4
334.5367 -56.1500 -140 4
334.5438 -56.2000 -140 4
334.5500 -56.2278 -140 4
334.5557 -56.2500 -140 4
334.5752 -56.3000 -140 4
334.6000 -56.3429 -140 4
334.6057 -56.3500 -140 4
334.6500 -56.3887 -140 4
334.6747 -56.4000 -140 4
334.7000 -56.4087 -140 4
334.7500 -56.4127 -140 4
334.8000 -56.4056 -140 4
334.8170 -56.4000 -140 4
334.8500 -56.3882 -140 4
334.9000 -56.3618 -140 4
> Contour Depth = -160
331.6500 -57.3182 -160 5
331.6688 -57.3000 -160 5
331.7000 -57.2682 -160 5
331.7201 -57.2500 -160 5
331.7500 -57.2226 -160 5
331.7785 -57.2000 -160 5
331.8000 -57.1835 -160 5
331.8500 -57.1516 -160 5
331.8531 -57.1500 -160 5
331.9000 -57.1283 -160 5
331.9500 -57.1115 -160 5
332.0000 -57.1007 -160 5
332.0064 -57.1000 -160 5
332.0500 -57.0957 -160 5
332.1000 -57.0943 -160 5
332.1500 -57.0956 -160 5
332.2000 -57.0981 -160 5
332.2365 -57.1000 -160 5
332.2500 -57.1008 -160 5
332.3000 -57.1025 -160 5
332.3500 -57.1023 -160 5
332.3894 -57.1000 -160 5
332.4000 -57.0995 -160 5
332.4500 -57.0941 -160 5
332.5000 -57.0860 -160 5
332.5500 -57.0754 -160 5
332.6000 -57.0625 -160 5
332.6427 -57.0500 -160 5
332.6500 -57.0480 -160 5
332.7000 -57.0331 -160 5
332.7500 -57.0174 -160 5
332.8000 -57.0012 -160 5
332.8035 -57.0000 -160 5
332.8500 -56.9856 -160 5
332.9000 -56.9704 -160 5
332.9500 -56.9556 -160 5
332.9700 -56.9500 -160 5
333.0000 -56.9419 -160 5
333.0500 -56.9293 -160 5
333.1000 -56.9178 -160 5
333.1500 -56.9076 -160 5
333.1936 -56.9000 -160 5
333.2000 -56.8989 -160 5
333.2500 -56.8921 -160 5
333.3000 -56.8870 -160 5
333.3500 -56.8839 -160 5
333.4000 -56.8831 -160 5
333.4500 -56.8846 -160 5
333.5000 -56.8890 -160 5
333.5500 -56.8965 -160 5
333.5665 -56.9000 -160 5
333.6000 -56.9077 -160 5
333.6500 -56.9231 -160 5
333.7000 -56.9428 -160 5
333.7151 -56.9500 -160 5
333.7500 -56.9676 -160 5
333.8000 -56.9971 -160 5
333.8044 -57.0000 -160 5
333.8500 -57.0314 -160 5
333.8751 -57.0500 -160 5
333.9000 -57.0691 -160 5
333.9393 -57.1000 -160 5
333.9500 -57.1086 -160 5
334.0000 -57.1481 -160 5
334.0025 -57.1500 -160 5
334.0500 -57.1859 -160 5
334.0709 -57.2000 -160 5
334.1000 -57.2197 -160 5
334.1500 -57.2475 -160 5
334.1558 -57.2500 -160 5
334.2000 -57.2694 -160 5
334.2500 -57.2840 -160 5
334.3000 -57.2917 -160 5
334.3500 -57.2936 -160 5
334.4000 -57.2904 -160 5
334.4500 -57.2832 -160 5
334.5000 -57.2728 -160 5
334.5500 -57.2599 -160 5
334.5838 -57.2500 -160 5
334.6000 -57.2456 -160 5
334.6500 -57.2307 -160 5
334.7000 -57.2150 -160 5
334.7471 -57.2000 -160 5
334.7500 -57.1991 -160 5
334.8000 -57.1838 -160 5
334.8500 -57.1687 -160 5
334.9000 -57.1540 -160 5
334.9142 -57.1500 -160 5
334.9500 -57.1400 -160 5
335.0000 -57.1266 -160 5
335.0500 -57.1138 -160 5
335.1000 -57.1013 -160 5
335.1057 -57.1000 -160 5
335.1500 -57.0894 -160 5
335.2000 -57.0777 -160 5
335.2500 -57.0660 -160 5
335.3000 -57.0542 -160 5
335.3175 -57.0500 -160 5
335.3500 -57.0419 -160 5
335.4000 -57.0289 -160 5
335.4500 -57.0151 -160 5
335.5000 -57.0001 -160 5
335.5004 -57.0000 -160 5
> Contour Depth = -180
332.0500 -58.3580 -180 6
332.1000 -58.3738 -180 6
332.1500 -58.3900 -180 6
332.1802 -58.4000 -180 6
332.2000 -58.4062 -180 6
332.2500 -58.4222 -180 6
332.3000 -58.4382 -180 6
332.3367 -58.4500 -180 6
332.3500 -58.4541 -180 6
332.4000 -58.4695 -180 6
332.4500 -58.4850 -180 6
332.4979 -58.5000 -180 6
332.5000 -58.5006 -180 6
332.5500 -58.5159 -180 6
332.6000 -58.5314 -180 6
332.6500 -58.5473 -180 6
332.6587 -58.5500 -180 6
332.7000 -58.5627 -180 6
332.7500 -58.5781 -180 6
332.8000 -58.5933 -180 6
332.8229 -58.6000 -180 6
332.8500 -58.6077 -180 6
332.9000 -58.6209 -180 6
332.9500 -58.6331 -180 6
333.0000 -58.6440 -180 6
333.0323 -58.6500 -180 6
333.0500 -58.6531 -180 6
333.1000 -58.6602 -180 6
333.1500 -58.6656 -180 6
333.2000 -58.6691 -180 6
333.2500 -58.6707 -180 6
333.3000 -58.6705 -180 6
333.3500 -58.6685 -180 6
333.4000 -58.6647 -180 6
333.4500 -58.6592 -180 6
333.5000 -58.6520 -180 6
333.5113 -58.6500 -180 6
333.5500 -58.6430 -180 6
333.6000 -58.6324 -180 6
333.6500 -58.6203 -180 6
333.7000 -58.6068 -180 6
333.7230 -58.6000 -180 6
333.7500 -58.5918 -180 6
333.8000 -58.5755 -180 6
333.8500 -58.5580 -180 6
333.8715 -58.5500 -180 6
333.9000 -58.5393 -180 6
333.9500 -58.5196 -180 6
333.9976 -58.5000 -180 6
334.0000 -58.4990 -180 6
334.0500 -58.4777 -180 6
334.1000 -58.4559 -180 6
334.1134 -58.4500 -180 6
334.1500 -58.4338 -180 6
334.2000 -58.4116 -180 6
334.2266 -58.4000 -180 6
334.2500 -58.3896 -180 6
334.3000 -58.3680 -180 6
334.3430 -58.3500 -180 6
334.3500 -58.3470 -180 6
334.4000 -58.3266 -180 6
334.4500 -58.3071 -180 6
334.4692 -58.3000 -180 6
334.5000 -58.2883 -180 6
334.5500 -58.2704 -180 6
334.6000 -58.2535 -180 6
334.6112 -58.2500 -180 6
334.6500 -58.2372 -180 6
334.7000 -58.2217 -180 6
334.7500 -58.2072 -180 6
334.7767 -58.2000 -180 6
334.8000 -58.1933 -180 6
334.8500 -58.1799 -180 6
334.9000 -58.1674 -180 6
334.9500 -58.1559 -180 6
334.9782 -58.1500 -180 6
335.0000 -58.1451 -180 6
335.0500 -58.1351 -180 6
335.1000 -58.1263 -180 6
335.1500 -58.1190 -180 6
335.2000 -58.1132 -180 6
335.2500 -58.1091 -180 6
335.3000 -58.1069 -180 6
335.3500 -58.1066 -180 6
335.4000 -58.1084 -180 6
335.4500 -58.1124 -180 6
335.5000 -58.1185 -180 6
335.5500 -58.1268 -180 6
335.6000 -58.1374 -180 6
335.6490 -58.1500 -180 6
335.6500 -58.1502 -180 6
335.7000 -58.1642 -180 6
335.7500 -58.1805 -180 6
335.8000 -58.1991 -180 6
335.8021 -58.2000 -180 6
335.8500 -58.2187 -180 6
335.9000 -58.2406 -180 6
335.9196 -58.2500 -180 6
335.9500 -58.2640 -180 6
336.0000 -58.2893 -180 6
336.0196 -58.3000 -180 6
336.0500 -58.3162 -180 6
336.1000 -58.3448 -180 6
> Contour Depth = -200
331.8500 -58.9314 -200 7
331.9000 -58.9451 -200 7
331.9215 -58.9500 -200 7
331.9500 -58.9563 -200 7
332.0000 -58.9654 -200 7
332.0500 -58.9728 -200 7
332.1000 -58.9789 -200 7
332.1500 -58.9842 -200 7
332.2000 -58.9891 -200 7
332.2500 -58.9939 -200 7
332.3000 -58.9992 -200 7
332.3071 -59.0000 -200 7
332.3500 -59.0049 -200 7
332.4000 -59.0115 -200 7
332.4500 -59.0190 -200 7
332.5000 -59.0274 -200 7
332.5500 -59.0366 -200 7
332.6000 -59.0465 -200 7
332.6168 -59.0500 -200 7
332.6500 -59.0569 -200 7
332.7000 -59.0678 -200 7
332.7500 -59.0789 -200 7
332.8000 -59.0902 -200 7
332.8435 -59.1000 -200 7
332.8500 -59.1015 -200 7
332.9000 -59.1130 -200 7
332.9500 -59.1244 -200 7
333.0000 -59.1357 -200 7
333.0500 -59.1467 -200 7
333.0652 -59.1500 -200 7
333.1000 -59.1578 -200 7
333.1500 -59.1686 -200 7
333.2000 -59.1790 -200 7
333.2500 -59.1890 -200 7
333.3000 -59.1986 -200 7
333.3077 -59.2000 -200 7
333.3500 -59.2079 -200 7
333.4000 -59.2166 -200 7
333.4500 -59.2247 -200 7
333.5000 -59.2321 -200 7
333.5500 -59.2387 -200 7
333.6000 -59.2446 -200 7
333.6500 -59.2496 -200 7
333.6555 -59.2500 -200 7
333.7000 -59.2537 -200 7
333.7500 -59.2568 -200 7
333.8000 -59.2587 -200 7
333.8500 -59.2593 -200 7
333.9000 -59.2586 -200 7
333.9500 -59.2564 -200 7
334.0000 -59.2523 -200 7
334.0202 -59.2500 -200 7
334.0500 -59.2464 -200 7
334.1000 -59.2384 -200 7
334.1500 -59.2280 -200 7
334.2000 -59.2150 -200 7
334.2478 -59.2000 -200 7
334.2500 -59.1993 -200 7
334.3000 -59.1812 -200 7
334.3500 -59.1606 -200 7
334.3736 -59.1500 -200 7
334.4000 -59.1382 -200 7
334.4500 -59.1145 -200 7
334.4793 -59.1000 -200 7
334.5000 -59.0902 -200 7
334.5500 -59.0662 -200 7
334.5841 -59.0500 -200 7
334.6000 -59.0429 -200 7
334.6500 -59.0211 -200 7
334.7000 -59.0003 -200 7
334.7008 -59.0000 -200 7
334.7500 -58.9815 -200 7
334.8000 -58.9637 -200 7
334.8404 -58.9500 -200 7
334.8500 -58.9470 -200 7
334.9000 -58.9315 -200 7
334.9500 -58.9168 -200 7
335.0000 -58.9027 -200 7
335.0099 -58.9000 -200 7
335.0500 -58.8896 -200 7
335.1000 -58.8774 -200 7
335.1500 -58.8660 -200 7
335.2000 -58.8559 -200 7
335.2333 -58.8500 -200 7
335.2500 -58.8472 -200 7
335.3000 -58.8400 -200 7
335.3500 -58.8348 -200 7
335.4000 -58.8316 -200 7
335.4500 -58.8307 -200 7
335.5000 -58.8322 -200 7
335.5500 -58.8364 -200 7
335.6000 -58.8434 -200 7
335.6329 -58.8500 -200 7
335.6500 -58.8533 -200 7
335.7000 -58.8662 -200 7
335.7500 -58.8827 -200 7
335.7920 -58.9000 -200 7
335.8000 -58.9032 -200 7
335.8500 -58.9274 -200 7
335.8886 -58.9500 -200 7
335.9000 -58.9565 -200 7
> Contour Depth = -220
331.4426 -59.2500 -220 8
331.4500 -59.2574 -220 8
331.4997 -59.3000 -220 8
331.5000 -59.3002 -220 8
331.5500 -59.3376 -220 8
331.5697 -59.3500 -220 8
331.6000 -59.3694 -220 8
331.6500 -59.3959 -220 8
331.6592 -59.4000 -220 8
331.7000 -59.4186 -220 8
331.7500 -59.4371 -220 8
331.7931 -59.4500 -220 8
331.8000 -59.4522 -220 8
331.8500 -59.4655 -220 8
331.9000 -59.4766 -220 8
331.9500 -59.4862 -220 8
332.0000 -59.4950 -220 8
332.0293 -59.5000 -220 8
332.0500 -59.5041 -220 8
332.1000 -59.5142 -220 8
332.1500 -59.5254 -220 8
332.2000 -59.5379 -220 8
332.2430 -59.5500 -220 8
332.2500 -59.5524 -220 8
332.3000 -59.5714 -220 8
332.3500 -59.5922 -220 8
332.3679 -59.6000 -220 8
332.4000 -59.6180 -220 8
332.4500 -59.6466 -220 8
332.4561 -59.6500 -220 8
332.5000 -59.6827 -220 8
332.5247 -59.7000 -220 8
332.5500 -59.7247 -220 8
332.5789 -59.7500 -220 8
332.6000 -59.7780 -220 8
332.6195 -59.8000 -220 8
332.6438 -59.8500 -220 8
332.6471 -59.9000 -220 8
332.6248 -59.9500 -220 8
332.6000 -59.9744 -220 8
332.5767 -60.0000 -220 8
332.5500 -60.0199 -220 8
332.5148 -60.0500 -220 8
332.5000 -60.0602 -220 8
332.4504 -60.1000 -220 8
332.4500 -60.1003 -220 8
332.4000 -60.1421 -220 8
332.3918 -60.1500 -220 8
332.3500 -60.1888 -220 8
332.3394 -60.2000 -220 8
332.3000 -60.2426 -220 8
332.2938 -60.2500 -220 8
332.2551 -60.3000 -220 8
332.2500 -60.3075 -220 8
> Contour Depth = -220
334.4039 -60.1500 -220 9
334.4500 -60.1240 -220 9
334.4944 -60.1000 -220 9
334.5000 -60.0970 -220 9
334.5500 -60.0694 -220 9
334.5862 -60.0500 -220 9
334.6000 -60.0425 -220 9
334.6500 -60.0148 -220 9
334.6768 -60.0000 -220 9
334.7000 -59.9867 -220 9
334.7500 -59.9577 -220 9
334.7628 -59.9500 -220 9
334.8000 -59.9265 -220 9
334.8412 -59.9000 -220 9
334.8500 -59.8940 -220 9
334.9000 -59.8578 -220 9
334.9103 -59.8500 -220 9
334.9500 -59.8177 -220 9
334.9707 -59.8000 -220 9
335.0000 -59.7734 -220 9
335.0244 -59.7500 -220 9
335.0500 -59.7245 -220 9
335.0733 -59.7000 -220 9
335.1000 -59.6715 -220 9
335.1194 -59.6500 -220 9
335.1500 -59.6162 -220 9
335.1645 -59.6000 -220 9
335.2000 -59.5614 -220 9
335.2105 -59.5500 -220 9
335.2500 -59.5095 -220 9
335.2596 -59.5000 -220 9
335.3000 -59.4626 -220 9
335.3146 -59.4500 -220 9
335.3500 -59.4215 -220 9
335.3801 -59.4000 -220 9
335.4000 -59.3867 -220 9
335.4500 -59.3580 -220 9
335.4669 -59.3500 -220 9
335.5000 -59.3351 -220 9
335.5500 -59.3180 -220 9
> Contour Depth = -240
330.2000 -59.9169 -240 10
330.2319 -59.9000 -240 10
330.2500 -59.8906 -240 10
330.3000 -59.8664 -240 10
330.3366 -59.8500 -240 10
330.3500 -59.8440 -240 10
330.4000 -59.8237 -240 10
330.4500 -59.8047 -240 10
330.4637 -59.8000 -240 10
330.5000 -59.7873 -240 10
330.5500 -59.7707 -240 10
330.6000 -59.7542 -240 10
330.6131 -59.7500 -240 10
330.6500 -59.7374 -240 10
330.7000 -59.7189 -240 10
330.7443 -59.7000 -240 10
330.7500 -59.6973 -240 10
330.8000 -59.6699 -240 10
330.8288 -59.6500 -240 10
330.8500 -59.6323 -240 10
330.8810 -59.6000 -240 10
330.9000 -59.5739 -240 10
330.9143 -59.5500 -240 10
