> Contour Depth = 240
121.5264 -0.4000 240 1
121.5500 -0.3822 240 1
121.5996 -0.3500 240 1
121.6000 -0.3498 240 1
121.6500 -0.3245 240 1
121.7000 -0.3039 240 1
121.7116 -0.3000 240 1
121.7500 -0.2882 240 1
121.8000 -0.2766 240 1
121.8500 -0.2685 240 1
> Contour Depth = 220
121.3607 -0.4000 220 2
121.4000 -0.3592 220 2
121.4098 -0.3500 220 2
121.4500 -0.3160 220 2
121.4714 -0.3000 220 2
121.5000 -0.2805 220 2
121.5500 -0.2511 220 2
121.5521 -0.2500 220 2
121.6000 -0.2274 220 2
121.6500 -0.2080 220 2
121.6752 -0.2000 220 2
121.7000 -0.1926 220 2
121.7500 -0.1809 220 2
121.8000 -0.1724 220 2
121.8500 -0.1669 220 2
121.9000 -0.1640 220 2
121.9500 -0.1637 220 2
122.0000 -0.1655 220 2
122.0500 -0.1694 220 2
> Contour Depth = 200
121.2208 -0.4000 200 3
121.2500 -0.3608 200 3
121.2587 -0.3500 200 3
121.3000 -0.3035 200 3
121.3034 -0.3000 200 3
121.3500 -0.2566 200 3
121.3579 -0.2500 200 3
121.4000 -0.2177 200 3
121.4261 -0.2000 200 3
121.4500 -0.1850 200 3
121.5000 -0.1577 200 3
121.5163 -0.1500 200 3
121.5500 -0.1350 200 3
121.6000 -0.1162 200 3
121.6500 -0.1008 200 3
121.6532 -0.1000 200 3
121.7000 -0.0888 200 3
121.7500 -0.0796 200 3
121.8000 -0.0731 200 3
121.8500 -0.0692 200 3
121.9000 -0.0676 200 3
121.9500 -0.0682 200 3
122.0000 -0.0708 200 3
122.0500 -0.0751 200 3
122.1000 -0.0809 200 3
122.1500 -0.0881 200 3
122.2000 -0.0963 200 3
122.2201 -0.1000 200 3
> Contour Depth = 180
121.0926 -0.4000 180 4
121.1000 -0.3878 180 4
121.1241 -0.3500 180 4
121.1500 -0.3133 180 4
121.1599 -0.3000 180 4
121.2000 -0.2517 180 4
121.2015 -0.2500 180 4
121.2500 -0.2007 180 4
121.2508 -0.2000 180 4
121.3000 -0.1583 180 4
121.3109 -0.1500 180 4
121.3500 -0.1224 180 4
121.3862 -0.1000 180 4
121.4000 -0.0919 180 4
121.4500 -0.0661 180 4
121.4863 -0.0500 180 4
121.5000 -0.0442 180 4
121.5500 -0.0257 180 4
121.6000 -0.0103 180 4
121.6409 0.0000 180 4
121.6500 0.0022 180 4
121.7000 0.0122 180 4
121.7500 0.0196 180 4
121.8000 0.0248 180 4
121.8500 0.0277 180 4
121.9000 0.0285 180 4
121.9500 0.0274 180 4
122.0000 0.0246 180 4
122.0500 0.0201 180 4
122.1000 0.0143 180 4
122.1500 0.0074 180 4
122.1963 0.0000 180 4
122.2000 -0.0006 180 4
122.2500 -0.0091 180 4
122.3000 -0.0182 180 4
122.3500 -0.0278 180 4
122.4000 -0.0377 180 4
122.4500 -0.0478 180 4
122.4605 -0.0500 180 4
> Contour Depth = 160
120.9963 -0.3500 160 5
121.0000 -0.3436 160 5
121.0265 -0.3000 160 5
121.0500 -0.2649 160 5
121.0605 -0.2500 160 5
121.0993 -0.2000 160 5
121.1000 -0.1992 160 5
121.1445 -0.1500 160 5
121.1500 -0.1445 160 5
121.1982 -0.1000 160 5
121.2000 -0.0985 160 5
121.2500 -0.0596 160 5
121.2637 -0.0500 160 5
121.3000 -0.0263 160 5
121.3458 0.0000 160 5
121.3500 0.0023 160 5
121.4000 0.0269 160 5
121.4500 0.0481 160 5
121.4552 0.0500 160 5
121.5000 0.0663 160 5
121.5500 0.0818 160 5
121.6000 0.0947 160 5
121.6248 0.1000 160 5
121.6500 0.1054 160 5
121.7000 0.1138 160 5
121.7500 0.1202 160 5
121.8000 0.1244 160 5
121.8500 0.1267 160 5
121.9000 0.1272 160 5
121.9500 0.1259 160 5
122.0000 0.1231 160 5
122.0500 0.1188 160 5
122.1000 0.1133 160 5
122.1500 0.1067 160 5
122.1948 0.1000 160 5
122.2000 0.0992 160 5
122.2500 0.0914 160 5
122.3000 0.0831 160 5
122.3500 0.0744 160 5
122.4000 0.0655 160 5
122.4500 0.0565 160 5
122.4854 0.0500 160 5
122.5000 0.0474 160 5
122.5500 0.0383 160 5
122.6000 0.0291 160 5
122.6500 0.0195 160 5
122.7000 0.0096 160 5
122.7459 0.0000 160 5
> Contour Depth = 140
120.7991 -0.5000 140 6
120.8000 -0.4979 140 6
120.8208 -0.4500 140 6
120.8439 -0.4000 140 6
120.8500 -0.3875 140 6
120.8684 -0.3500 140 6
120.8949 -0.3000 140 6
120.9000 -0.2909 140 6
120.9237 -0.2500 140 6
120.9500 -0.2087 140 6
120.9558 -0.2000 140 6
120.9919 -0.1500 140 6
121.0000 -0.1397 140 6
121.0333 -0.1000 140 6
121.0500 -0.0818 140 6
121.0816 -0.0500 140 6
121.1000 -0.0329 140 6
121.1389 0.0000 140 6
121.1500 0.0087 140 6
121.2000 0.0444 140 6
121.2088 0.0500 140 6
121.2500 0.0752 140 6
121.2964 0.1000 140 6
121.3000 0.1019 140 6
121.3500 0.1253 140 6
121.4000 0.1456 140 6
121.4122 0.1500 140 6
121.4500 0.1635 140 6
121.5000 0.1790 140 6
121.5500 0.1922 140 6
121.5852 0.2000 140 6
121.6000 0.2034 140 6
121.6500 0.2128 140 6
121.7000 0.2202 140 6
121.7500 0.2258 140 6
121.8000 0.2295 140 6
121.8500 0.2316 140 6
121.9000 0.2319 140 6
121.9500 0.2308 140 6
122.0000 0.2282 140 6
122.0500 0.2243 140 6
122.1000 0.2193 140 6
122.1500 0.2133 140 6
122.2000 0.2065 140 6
122.2445 0.2000 140 6
122.2500 0.1992 140 6
122.3000 0.1918 140 6
122.3500 0.1841 140 6
122.4000 0.1763 140 6
122.4500 0.1684 140 6
122.5000 0.1604 140 6
122.5500 0.1523 140 6
122.5645 0.1500 140 6
122.6000 0.1444 140 6
122.6500 0.1363 140 6
122.7000 0.1279 140 6
122.7500 0.1191 140 6
122.8000 0.1098 140 6
122.8493 0.1000 140 6
122.8500 0.0999 140 6
122.9000 0.0896 140 6
122.9500 0.0788 140 6
123.0000 0.0673 140 6
123.0500 0.0552 140 6
123.0711 0.0500 140 6
> Contour Depth = 120
120.6666 -0.5000 120 7
120.6880 -0.4500 120 7
120.7000 -0.4230 120 7
120.7100 -0.4000 120 7
120.7327 -0.3500 120 7
120.7500 -0.3141 120 7
120.7567 -0.3000 120 7
120.7820 -0.2500 120 7
120.8000 -0.2171 120 7
120.8094 -0.2000 120 7
120.8393 -0.1500 120 7
120.8500 -0.1336 120 7
120.8725 -0.1000 120 7
120.9000 -0.0628 120 7
120.9100 -0.0500 120 7
120.9500 -0.0031 120 7
120.9529 0.0000 120 7
121.0000 0.0474 120 7
121.0028 0.0500 120 7
121.0500 0.0906 120 7
121.0621 0.1000 120 7
121.1000 0.1277 120 7
121.1341 0.1500 120 7
121.1500 0.1599 120 7
121.2000 0.1880 120 7
121.2239 0.2000 120 7
121.2500 0.2128 120 7
121.3000 0.2347 120 7
121.3397 0.2500 120 7
121.3500 0.2540 120 7
121.4000 0.2714 120 7
121.4500 0.2866 120 7
121.5000 0.2997 120 7
121.5011 0.3000 120 7
121.5500 0.3116 120 7
121.6000 0.3217 120 7
121.6500 0.3300 120 7
121.7000 0.3367 120 7
121.7500 0.3417 120 7
121.8000 0.3451 120 7
121.8500 0.3471 120 7
121.9000 0.3476 120 7
121.9500 0.3467 120 7
122.0000 0.3446 120 7
122.0500 0.3414 120 7
122.1000 0.3371 120 7
122.1500 0.3320 120 7
122.2000 0.3263 120 7
122.2500 0.3200 120 7
122.3000 0.3133 120 7
122.3500 0.3063 120 7
122.3949 0.3000 120 7
122.4000 0.2993 120 7
122.4500 0.2926 120 7
122.5000 0.2858 120 7
122.5500 0.2790 120 7
122.6000 0.2720 120 7
122.6500 0.2649 120 7
122.7000 0.2575 120 7
122.7482 0.2500 120 7
122.7500 0.2497 120 7
122.8000 0.2419 120 7
122.8500 0.2336 120 7
122.9000 0.2247 120 7
122.9500 0.2153 120 7
123.0000 0.2055 120 7
123.0268 0.2000 120 7
123.0500 0.1954 120 7
123.1000 0.1852 120 7
123.1500 0.1748 120 7
123.2000 0.1643 120 7
123.2500 0.1539 120 7
123.2698 0.1500 120 7
123.3000 0.1440 120 7
> Contour Depth = 100
120.4458 -0.6500 100 8
120.4500 -0.6410 100 8
120.4682 -0.6000 100 8
120.4905 -0.5500 100 8
120.5000 -0.5289 100 8
120.5123 -0.5000 100 8
120.5339 -0.4500 100 8
120.5500 -0.4135 100 8
120.5557 -0.4000 100 8
120.5773 -0.3500 100 8
120.6000 -0.3001 100 8
120.6000 -0.3000 100 8
120.6226 -0.2500 100 8
120.6470 -0.2000 100 8
120.6500 -0.1942 100 8
120.6723 -0.1500 100 8
120.7000 -0.1001 100 8
120.7001 -0.1000 100 8
120.7297 -0.0500 100 8
120.7500 -0.0191 100 8
120.7629 0.0000 100 8
120.8000 0.0495 100 8
120.8004 0.0500 100 8
120.8428 0.1000 100 8
120.8500 0.1077 100 8
120.8922 0.1500 100 8
120.9000 0.1573 100 8
120.9500 0.1997 100 8
120.9504 0.2000 100 8
121.0000 0.2366 100 8
121.0203 0.2500 100 8
121.0500 0.2688 100 8
121.1000 0.2969 100 8
121.1060 0.3000 100 8
121.1500 0.3222 100 8
121.2000 0.3445 100 8
121.2137 0.3500 100 8
121.2500 0.3648 100 8
121.3000 0.3830 100 8
121.3500 0.3990 100 8
121.3533 0.4000 100 8
121.4000 0.4142 100 8
121.4500 0.4276 100 8
121.5000 0.4393 100 8
121.5500 0.4495 100 8
121.5528 0.4500 100 8
121.6000 0.4589 100 8
121.6500 0.4667 100 8
121.7000 0.4730 100 8
121.7500 0.4779 100 8
121.8000 0.4813 100 8
121.8500 0.4834 100 8
121.9000 0.4842 100 8
121.9500 0.4838 100 8
122.0000 0.4822 100 8
122.0500 0.4797 100 8
122.1000 0.4762 100 8
122.1500 0.4719 100 8
122.2000 0.4670 100 8
122.2500 0.4616 100 8
122.3000 0.4558 100 8
122.3485 0.4500 100 8
122.3500 0.4498 100 8
122.4000 0.4441 100 8
122.4500 0.4382 100 8
122.5000 0.4322 100 8
122.5500 0.4262 100 8
122.6000 0.4200 100 8
122.6500 0.4136 100 8
122.7000 0.4069 100 8
122.7493 0.4000 100 8
122.7500 0.3999 100 8
122.8000 0.3930 100 8
122.8500 0.3856 100 8
122.9000 0.3779 100 8
122.9500 0.3698 100 8
123.0000 0.3614 100 8
123.0500 0.3529 100 8
123.0668 0.3500 100 8
123.1000 0.3445 100 8
123.1500 0.3364 100 8
123.2000 0.3286 100 8
123.2500 0.3213 100 8
123.3000 0.3147 100 8
123.3500 0.3091 100 8
123.4000 0.3046 100 8
123.4500 0.3016 100 8
123.5000 0.3003 100 8
> Contour Depth = 80
120.2849 -0.5500 80 9
120.3000 -0.5199 80 9
120.3093 -0.5000 80 9
120.3323 -0.4500 80 9
120.3500 -0.4116 80 9
120.3550 -0.4000 80 9
120.3765 -0.3500 80 9
120.3986 -0.3000 80 9
120.4000 -0.2968 80 9
120.4196 -0.2500 80 9
120.4416 -0.2000 80 9
120.4500 -0.1816 80 9
120.4638 -0.1500 80 9
120.4870 -0.1000 80 9
120.5000 -0.0738 80 9
120.5115 -0.0500 80 9
120.5377 0.0000 80 9
120.5500 0.0216 80 9
120.5661 0.0500 80 9
120.5978 0.1000 80 9
120.6000 0.1032 80 9
120.6326 0.1500 80 9
120.6500 0.1723 80 9
120.6724 0.2000 80 9
120.7000 0.2309 80 9
120.7181 0.2500 80 9
120.7500 0.2809 80 9
120.7712 0.3000 80 9
120.8000 0.3241 80 9
120.8339 0.3500 80 9
120.8500 0.3616 80 9
120.9000 0.3946 80 9
120.9089 0.4000 80 9
120.9500 0.4242 80 9
120.9996 0.4500 80 9
121.0000 0.4502 80 9
121.0500 0.4743 80 9
121.1000 0.4957 80 9
121.1109 0.5000 80 9
121.1500 0.5158 80 9
121.2000 0.5340 80 9
121.2485 0.5500 80 9
121.2500 0.5505 80 9
121.3000 0.5665 80 9
121.3500 0.5810 80 9
121.4000 0.5940 80 9
121.4254 0.6000 80 9
121.4500 0.6062 80 9
121.5000 0.6174 80 9
121.5500 0.6273 80 9
121.6000 0.6357 80 9
121.6500 0.6428 80 9
121.7000 0.6485 80 9
121.7161 0.6500 80 9
121.7500 0.6533 80 9
121.8000 0.6569 80 9
121.8500 0.6591 80 9
121.9000 0.6602 80 9
121.9500 0.6601 80 9
122.0000 0.6590 80 9
122.0500 0.6570 80 9
122.1000 0.6541 80 9
122.1500 0.6506 80 9
122.1574 0.6500 80 9
122.2000 0.6468 80 9
122.2500 0.6425 80 9
122.3000 0.6378 80 9
122.3500 0.6328 80 9
122.4000 0.6276 80 9
122.4500 0.6221 80 9
122.5000 0.6164 80 9
122.5500 0.6105 80 9
122.6000 0.6043 80 9
122.6333 0.6000 80 9
122.6500 0.5980 80 9
122.7000 0.5917 80 9
122.7500 0.5852 80 9
122.8000 0.5783 80 9
122.8500 0.5712 80 9
122.9000 0.5640 80 9
122.9500 0.5566 80 9
122.9946 0.5500 80 9
123.0000 0.5492 80 9
123.0500 0.5425 80 9
123.1000 0.5360 80 9
123.1500 0.5300 80 9
123.2000 0.5248 80 9
123.2500 0.5206 80 9
123.3000 0.5176 80 9
123.3500 0.5161 80 9
123.4000 0.5164 80 9
123.4500 0.5186 80 9
123.5000 0.5229 80 9
123.5500 0.5296 80 9
123.6000 0.5385 80 9
123.6500 0.5498 80 9
123.6509 0.5500 80 9
123.7000 0.5636 80 9
123.7500 0.5793 80 9
> Contour Depth = 60
120.0835 -0.3000 60 10
120.1000 -0.2637 60 10
120.1060 -0.2500 60 10
120.1273 -0.2000 60 10
120.1485 -0.1500 60 10
120.1500 -0.1465 60 10
120.1690 -0.1000 60 10
120.1901 -0.0500 60 10
120.2000 -0.0271 60 10
120.2115 0.0000 60 10
120.2338 0.0500 60 10
120.2500 0.0844 60 10
120.2573 0.1000 60 10
120.2824 0.1500 60 10
120.3000 0.1822 60 10
120.3098 0.2000 60 10
120.3400 0.2500 60 10
120.3500 0.2652 60 10
120.3737 0.3000 60 10
120.4000 0.3348 60 10
120.4120 0.3500 60 10
120.4500 0.3935 60 10
120.4560 0.4000 60 10
120.5000 0.4434 60 10
120.5072 0.4500 60 10
120.5500 0.4863 60 10
120.5674 0.5000 60 10
120.6000 0.5239 60 10
120.6388 0.5500 60 10
120.6500 0.5571 60 10
120.7000 0.5869 60 10
120.7236 0.6000 60 10
120.7500 0.6140 60 10
120.8000 0.6389 60 10
120.8238 0.6500 60 10
120.8500 0.6620 60 10
120.9000 0.6837 60 10
120.9400 0.7000 60 10
120.9500 0.7041 60 10
121.0000 0.7238 60 10
121.0500 0.7424 60 10
121.0714 0.7500 60 10
121.1000 0.7604 60 10
121.1500 0.7779 60 10
121.2000 0.7945 60 10
121.2176 0.8000 60 10
121.2500 0.8106 60 10
121.3000 0.8260 60 10
121.3500 0.8403 60 10
121.3872 0.8500 60 10
121.4000 0.8535 60 10
121.4500 0.8659 60 10
121.5000 0.8768 60 10
121.5500 0.8863 60 10
121.6000 0.8942 60 10
121.6447 0.9000 60 10
121.6500 0.9007 60 10
121.7000 0.9060 60 10
121.7500 0.9099 60 10
121.8000 0.9125 60 10
121.8500 0.9139 60 10
121.9000 0.9142 60 10
121.9500 0.9136 60 10
122.0000 0.9122 60 10
122.0500 0.9101 60 10
122.1000 0.9073 60 10
122.1500 0.9039 60 10
122.2000 0.9001 60 10
122.2006 0.9000 60 10
122.2500 0.8959 60 10
122.3000 0.8913 60 10
122.3500 0.8862 60 10
122.4000 0.8807 60 10
122.4500 0.8747 60 10
122.5000 0.8683 60 10
122.5500 0.8614 60 10
122.6000 0.8541 60 10
122.6272 0.8500 60 10
122.6500 0.8467 60 10
122.7000 0.8391 60 10
122.7500 0.8314 60 10
122.8000 0.8235 60 10
122.8500 0.8157 60 10
122.9000 0.8080 60 10
122.9500 0.8006 60 10
122.9546 0.8000 60 10
123.0000 0.7941 60 10
123.0500 0.7881 60 10
123.1000 0.7831 60 10
123.1500 0.7790 60 10
123.2000 0.7762 60 10
123.2500 0.7748 60 10
123.3000 0.7751 60 10
123.3500 0.7771 60 10
123.4000 0.7809 60 10
123.4500 0.7866 60 10
123.5000 0.7942 60 10
123.5305 0.8000 60 10
123.5500 0.8038 60 10
123.6000 0.8151 60 10
123.6500 0.8279 60 10
123.7000 0.8419 60 10
123.7269 0.8500 60 10
123.7500 0.8570 60 10
123.8000 0.8728 60 10
123.8500 0.8891 60 10
123.8830 0.9000 60 10
123.9000 0.9056 60 10
123.9500 0.9222 60 10
124.0000 0.9386 60 10
124.0353 0.9500 60 10
124.0500 0.9547 60 10
124.1000 0.9706 60 10
124.1500 0.9861 60 10
124.1962 1.0000 60 10
124.2000 1.0011 60 10
124.2500 1.0161 60 10
124.3000 1.0308 60 10
124.3500 1.0453 60 10
124.3660 1.0500 60 10
124.4000 1.0601 60 10
> Contour Depth = 40
119.8000 0.0106 40 11
119.8207 0.0500 40 11
119.8463 0.1000 40 11
119.8500 0.1072 40 11
119.8714 0.1500 40 11
119.8961 0.2000 40 11
119.9000 0.2080 40 11
119.9207 0.2500 40 11
119.9453 0.3000 40 11
119.9500 0.3094 40 11
119.9705 0.3500 40 11
119.9962 0.4000 40 11
120.0000 0.4072 40 11
120.0233 0.4500 40 11
120.0500 0.4971 40 11
120.0517 0.5000 40 11
120.0827 0.5500 40 11
120.1000 0.5765 40 11
120.1165 0.6000 40 11
120.1500 0.6450 40 11
120.1541 0.6500 40 11
120.1972 0.7000 40 11
120.2000 0.7031 40 11
120.2478 0.7500 40 11
120.2500 0.7520 40 11
120.3000 0.7933 40 11
120.3093 0.8000 40 11
120.3500 0.8281 40 11
120.3864 0.8500 40 11
120.4000 0.8578 40 11
120.4500 0.8833 40 11
120.4871 0.9000 40 11
120.5000 0.9056 40 11
120.5500 0.9255 40 11
120.6000 0.9435 40 11
120.6192 0.9500 40 11
120.6500 0.9603 40 11
120.7000 0.9765 40 11
120.7500 0.9923 40 11
120.7744 1.0000 40 11
120.8000 1.0081 40 11
120.8500 1.0242 40 11
120.9000 1.0405 40 11
120.9282 1.0500 40 11
120.9500 1.0574 40 11
121.0000 1.0747 40 11
121.0500 1.0923 40 11
121.0716 1.1000 40 11
121.1000 1.1102 40 11
121.1500 1.1281 40 11
121.2000 1.1456 40 11
121.2132 1.1500 40 11
121.2500 1.1626 40 11
121.3000 1.1786 40 11
121.3500 1.1933 40 11
121.3754 1.2000 40 11
121.4000 1.2066 40 11
121.4500 1.2183 40 11
121.5000 1.2284 40 11
121.5500 1.2366 40 11
121.6000 1.2432 40 11
121.6500 1.2483 40 11
121.6741 1.2500 40 11
121.7000 1.2519 40 11
121.7500 1.2543 40 11
121.8000 1.2555 40 11
121.8500 1.2558 40 11
121.9000 1.2552 40 11
121.9500 1.2539 40 11
122.0000 1.2520 40 11
122.0406 1.2500 40 11
122.0500 1.2495 40 11
122.1000 1.2466 40 11
122.1500 1.2431 40 11
122.2000 1.2391 40 11
122.2500 1.2345 40 11
122.3000 1.2294 40 11
122.3500 1.2235 40 11
122.4000 1.2170 40 11
122.4500 1.2097 40 11
122.5000 1.2018 40 11
122.5104 1.2000 40 11
122.5500 1.1934 40 11
122.6000 1.1844 40 11
122.6500 1.1750 40 11
122.7000 1.1652 40 11
122.7500 1.1553 40 11
122.7769 1.1500 40 11
122.8000 1.1456 40 11
122.8500 1.1362 40 11
122.9000 1.1273 40 11
122.9500 1.1191 40 11
123.0000 1.1117 40 11
123.0500 1.1054 40 11
123.1000 1.1003 40 11
123.1042 1.1000 40 11
123.1500 1.0967 40 11
123.2000 1.0946 40 11
123.2500 1.0939 40 11
123.3000 1.0948 40 11
123.3500 1.0972 40 11
123.3862 1.1000 40 11
123.4000 1.1011 40 11
123.4500 1.1065 40 11
123.5000 1.1132 40 11
123.5500 1.1211 40 11
123.6000 1.1300 40 11
123.6500 1.1398 40 11
123.6988 1.1500 40 11
123.7000 1.1502 40 11
123.7500 1.1615 40 11
123.8000 1.1730 40 11
123.8500 1.1847 40 11
123.9000 1.1964 40 11
123.9151 1.2000 40 11
123.9500 1.2083 40 11
124.0000 1.2202 40 11
124.0500 1.2319 40 11
124.1000 1.2433 40 11
124.1289 1.2500 40 11
124.1500 1.2550 40 11
124.2000 1.2669 40 11
124.2500 1.2791 40 11
124.3000 1.2916 40 11
124.3316 1.3000 40 11
124.3500 1.3050 40 11
124.4000 1.3197 40 11
124.4500 1.3353 40 11
124.4937 1.3500 40 11
124.5000 1.3522 40 11
124.5500 1.3712 40 11
> Contour Depth = 20
119.5548 0.3500 20 12
119.5823 0.4000 20 12
119.6000 0.4331 20 12
119.6086 0.4500 20 12
119.6329 0.5000 20 12
119.6500 0.5359 20 12
119.6564 0.5500 20 12
119.6785 0.6000 20 12
119.7000 0.6488 20 12
119.7005 0.6500 20 12
119.7215 0.7000 20 12
119.7429 0.7500 20 12
119.7500 0.7665 20 12
119.7645 0.8000 20 12
119.7868 0.8500 20 12
119.8000 0.8784 20 12
119.8103 0.9000 20 12
119.8352 0.9500 20 12
119.8500 0.9779 20 12
119.8623 1.0000 20 12
119.8919 1.0500 20 12
119.9000 1.0629 20 12
119.9250 1.1000 20 12
119.9500 1.1346 20 12
119.9622 1.1500 20 12
120.0000 1.1947 20 12
120.0050 1.2000 20 12
120.0500 1.2451 20 12
120.0557 1.2500 20 12
120.1000 1.2872 20 12
120.1180 1.3000 20 12
120.1500 1.3222 20 12
120.1987 1.3500 20 12
120.2000 1.3507 20 12
120.2500 1.3745 20 12
120.3000 1.3932 20 12
120.3225 1.4000 20 12
120.3500 1.4084 20 12
120.4000 1.4206 20 12
120.4500 1.4303 20 12
120.5000 1.4382 20 12
120.5500 1.4449 20 12
120.5897 1.4500 20 12
120.6000 1.4514 20 12
120.6500 1.4584 20 12
120.7000 1.4662 20 12
120.7500 1.4750 20 12
120.8000 1.4851 20 12
120.8500 1.4964 20 12
120.8639 1.5000 20 12
120.9000 1.5099 20 12
120.9500 1.5247 20 12
121.0000 1.5400 20 12
121.0322 1.5500 20 12
121.0500 1.5559 20 12
121.1000 1.5723 20 12
121.1500 1.5879 20 12
121.1918 1.6000 20 12
121.2000 1.6025 20 12
121.2500 1.6167 20 12
121.3000 1.6292 20 12
121.3500 1.6401 20 12
121.4000 1.6493 20 12
121.4042 1.6500 20 12
121.4500 1.6578 20 12
121.5000 1.6648 20 12
121.5500 1.6706 20 12
121.6000 1.6752 20 12
121.6500 1.6789 20 12
121.7000 1.6817 20 12
121.7500 1.6838 20 12
121.8000 1.6853 20 12
121.8500 1.6863 20 12
121.9000 1.6868 20 12
121.9500 1.6868 20 12
122.0000 1.6863 20 12
122.0500 1.6853 20 12
122.1000 1.6837 20 12
122.1500 1.6814 20 12
122.2000 1.6784 20 12
122.2500 1.6745 20 12
122.3000 1.6696 20 12
122.3500 1.6637 20 12
122.4000 1.6567 20 12
122.4411 1.6500 20 12
122.4500 1.6486 20 12
122.5000 1.6401 20 12
122.5500 1.6304 20 12
122.6000 1.6198 20 12
122.6500 1.6083 20 12
122.6840 1.6000 20 12
122.7000 1.5964 20 12
122.7500 1.5846 20 12
122.8000 1.5726 20 12
122.8500 1.5605 20 12
122.8945 1.5500 20 12
122.9000 1.5488 20 12
122.9500 1.5384 20 12
123.0000 1.5289 20 12
123.0500 1.5203 20 12
123.1000 1.5131 20 12
123.1500 1.5072 20 12
123.2000 1.5030 20 12
123.2500 1.5004 20 12
123.2737 1.5000 20 12
123.3000 1.4996 20 12
123.3286 1.5000 20 12
123.3500 1.5003 20 12
123.4000 1.5027 20 12
123.4500 1.5066 20 12
123.5000 1.5118 20 12
123.5500 1.5181 20 12
123.6000 1.5253 20 12
123.6500 1.5331 20 12
123.7000 1.5414 20 12
123.7500 1.5498 20 12
123.7511 1.5500 20 12
123.8000 1.5590 20 12
123.8500 1.5679 20 12
123.9000 1.5766 20 12
123.9500 1.5849 20 12
124.0000 1.5929 20 12
124.0454 1.6000 20 12
124.0500 1.6008 20 12
124.1000 1.6094 20 12
124.1500 1.6183 20 12
124.2000 1.6280 20 12
124.2500 1.6387 20 12
124.2964 1.6500 20 12
124.3000 1.6510 20 12
124.3500 1.6664 20 12
124.4000 1.6841 20 12
124.4393 1.7000 20 12
124.4500 1.7048 20 12
124.5000 1.7300 20 12
