> Contour Depth = -20
119.5112 0.4000 -20 1
119.5350 0.4500 -20 1
119.5500 0.4816 -20 1
119.5589 0.5000 -20 1
119.5834 0.5500 -20 1
119.6000 0.5835 -20 1
119.6087 0.6000 -20 1
119.6358 0.6500 -20 1
119.6500 0.6756 -20 1
119.6651 0.7000 -20 1
119.6974 0.7500 -20 1
119.7000 0.7539 -20 1
119.7359 0.8000 -20 1
119.7500 0.8174 -20 1
119.7820 0.8500 -20 1
119.8000 0.8678 -20 1
119.8411 0.9000 -20 1
119.8500 0.9068 -20 1
119.9000 0.9362 -20 1
119.9323 0.9500 -20 1
119.9500 0.9576 -20 1
120.0000 0.9724 -20 1
120.0500 0.9824 -20 1
120.1000 0.9894 -20 1
120.1500 0.9955 -20 1
120.1797 1.0000 -20 1
120.2000 1.0031 -20 1
120.2500 1.0142 -20 1
120.3000 1.0310 -20 1
120.3399 1.0500 -20 1
120.3500 1.0547 -20 1
120.4000 1.0835 -20 1
120.4243 1.1000 -20 1
120.4500 1.1163 -20 1
120.4989 1.1500 -20 1
120.5000 1.1507 -20 1
120.5500 1.1833 -20 1
120.5755 1.2000 -20 1
120.6000 1.2143 -20 1
120.6500 1.2429 -20 1
120.6627 1.2500 -20 1
120.7000 1.2689 -20 1
120.7500 1.2937 -20 1
120.7626 1.3000 -20 1
120.8000 1.3170 -20 1
120.8500 1.3401 -20 1
120.8711 1.3500 -20 1
120.9000 1.3627 -20 1
120.9500 1.3851 -20 1
120.9830 1.4000 -20 1
121.0000 1.4074 -20 1
121.0500 1.4287 -20 1
121.1000 1.4499 -20 1
121.1002 1.4500 -20 1
121.1500 1.4695 -20 1
121.2000 1.4885 -20 1
121.2317 1.5000 -20 1
121.2500 1.5065 -20 1
121.3000 1.5229 -20 1
121.3500 1.5385 -20 1
121.3897 1.5500 -20 1
121.4000 1.5529 -20 1
121.4500 1.5652 -20 1
121.5000 1.5761 -20 1
121.5500 1.5852 -20 1
121.6000 1.5924 -20 1
121.6500 1.5978 -20 1
121.6814 1.6000 -20 1
121.7000 1.6012 -20 1
121.7500 1.6029 -20 1
121.8000 1.6031 -20 1
121.8500 1.6021 -20 1
121.9000 1.6000 -20 1
121.9007 1.6000 -20 1
121.9500 1.5970 -20 1
122.0000 1.5933 -20 1
122.0500 1.5892 -20 1
122.1000 1.5848 -20 1
122.1500 1.5803 -20 1
122.2000 1.5757 -20 1
122.2500 1.5712 -20 1
122.3000 1.5667 -20 1
122.3500 1.5622 -20 1
122.4000 1.5577 -20 1
122.4500 1.5531 -20 1
122.4825 1.5500 -20 1
122.5000 1.5482 -20 1
122.5500 1.5429 -20 1
122.6000 1.5371 -20 1
122.6500 1.5309 -20 1
122.7000 1.5241 -20 1
122.7500 1.5170 -20 1
122.8000 1.5095 -20 1
122.8500 1.5018 -20 1
122.8619 1.5000 -20 1
122.9000 1.4939 -20 1
122.9500 1.4863 -20 1
123.0000 1.4794 -20 1
123.0500 1.4737 -20 1
123.1000 1.4692 -20 1
123.1500 1.4664 -20 1
123.2000 1.4653 -20 1
123.2500 1.4659 -20 1
123.3000 1.4684 -20 1
123.3500 1.4725 -20 1
123.4000 1.4782 -20 1
123.4500 1.4852 -20 1
123.5000 1.4935 -20 1
123.5348 1.5000 -20 1
123.5500 1.5027 -20 1
123.6000 1.5123 -20 1
123.6500 1.5226 -20 1
123.7000 1.5333 -20 1
123.7500 1.5443 -20 1
123.7749 1.5500 -20 1
123.8000 1.5555 -20 1
123.8500 1.5666 -20 1
123.9000 1.5779 -20 1
123.9500 1.5893 -20 1
123.9969 1.6000 -20 1
124.0000 1.6007 -20 1
124.0500 1.6120 -20 1
124.1000 1.6234 -20 1
124.1500 1.6351 -20 1
124.2000 1.6472 -20 1
124.2110 1.6500 -20 1
124.2500 1.6600 -20 1
124.3000 1.6742 -20 1
124.3500 1.6901 -20 1
124.3770 1.7000 -20 1
124.4000 1.7086 -20 1
124.4500 1.7301 -20 1
124.4906 1.7500 -20 1
> Contour Depth = -40
120.3000 -0.5723 -40 2
120.3087 -0.5500 -40 2
120.3288 -0.5000 -40 2
120.3494 -0.4500 -40 2
120.3500 -0.4485 -40 2
120.3706 -0.4000 -40 2
120.3924 -0.3500 -40 2
120.4000 -0.3332 -40 2
120.4151 -0.3000 -40 2
120.4386 -0.2500 -40 2
120.4500 -0.2268 -40 2
120.4634 -0.2000 -40 2
120.4894 -0.1500 -40 2
120.5000 -0.1305 -40 2
120.5172 -0.1000 -40 2
120.5466 -0.0500 -40 2
120.5500 -0.0445 -40 2
120.5784 0.0000 -40 2
120.6000 0.0323 -40 2
120.6124 0.0500 -40 2
120.6486 0.1000 -40 2
120.6500 0.1019 -40 2
120.6874 0.1500 -40 2
120.7000 0.1658 -40 2
120.7286 0.2000 -40 2
120.7500 0.2254 -40 2
120.7720 0.2500 -40 2
120.8000 0.2811 -40 2
120.8181 0.3000 -40 2
120.8500 0.3328 -40 2
120.8679 0.3500 -40 2
120.9000 0.3800 -40 2
120.9232 0.4000 -40 2
120.9500 0.4223 -40 2
120.9869 0.4500 -40 2
121.0000 0.4594 -40 2
121.0500 0.4916 -40 2
121.0647 0.5000 -40 2
121.1000 0.5194 -40 2
121.1500 0.5432 -40 2
121.1662 0.5500 -40 2
121.2000 0.5638 -40 2
121.2500 0.5815 -40 2
121.3000 0.5968 -40 2
121.3116 0.6000 -40 2
121.3500 0.6104 -40 2
121.4000 0.6223 -40 2
121.4500 0.6327 -40 2
121.5000 0.6419 -40 2
121.5500 0.6500 -40 2
121.5503 0.6500 -40 2
121.6000 0.6573 -40 2
121.6500 0.6636 -40 2
121.7000 0.6690 -40 2
121.7500 0.6733 -40 2
121.8000 0.6765 -40 2
121.8500 0.6787 -40 2
121.9000 0.6797 -40 2
121.9500 0.6796 -40 2
122.0000 0.6782 -40 2
122.0500 0.6757 -40 2
122.1000 0.6721 -40 2
122.1500 0.6676 -40 2
122.2000 0.6624 -40 2
122.2500 0.6566 -40 2
122.3000 0.6505 -40 2
122.3037 0.6500 -40 2
122.3500 0.6445 -40 2
122.4000 0.6387 -40 2
122.4500 0.6332 -40 2
122.5000 0.6281 -40 2
122.5500 0.6234 -40 2
122.6000 0.6190 -40 2
122.6500 0.6148 -40 2
122.7000 0.6105 -40 2
122.7500 0.6058 -40 2
122.8000 0.6005 -40 2
122.8042 0.6000 -40 2
122.8500 0.5944 -40 2
122.9000 0.5870 -40 2
122.9500 0.5782 -40 2
123.0000 0.5678 -40 2
123.0500 0.5555 -40 2
123.0700 0.5500 -40 2
123.1000 0.5416 -40 2
123.1500 0.5261 -40 2
123.2000 0.5089 -40 2
123.2239 0.5000 -40 2
123.2500 0.4900 -40 2
123.3000 0.4697 -40 2
123.3449 0.4500 -40 2
123.3500 0.4476 -40 2
123.4000 0.4237 -40 2
123.4452 0.4000 -40 2
123.4500 0.3972 -40 2
123.5000 0.3672 -40 2
123.5260 0.3500 -40 2
> Contour Depth = -60
121.8500 -0.2622 -60 3
121.8162 -0.2500 -60 3
121.8000 -0.2426 -60 3
121.7500 -0.2232 -60 3
121.7000 -0.2066 -60 3
121.6771 -0.2000 -60 3
121.6500 -0.1894 -60 3
121.6000 -0.1713 -60 3
121.5500 -0.1517 -60 3
121.5460 -0.1500 -60 3
121.5000 -0.1151 -60 3
121.4854 -0.1000 -60 3
121.4723 -0.0500 -60 3
121.4859 0.0000 -60 3
121.5000 0.0197 -60 3
121.5225 0.0500 -60 3
121.5500 0.0720 -60 3
121.5884 0.1000 -60 3
121.6000 0.1057 -60 3
121.6500 0.1267 -60 3
121.7000 0.1440 -60 3
121.7227 0.1500 -60 3
121.7500 0.1553 -60 3
121.8000 0.1621 -60 3
121.8500 0.1663 -60 3
121.9000 0.1677 -60 3
121.9500 0.1667 -60 3
122.0000 0.1634 -60 3
122.0500 0.1578 -60 3
122.1000 0.1502 -60 3
122.1012 0.1500 -60 3
122.1500 0.1389 -60 3
122.2000 0.1258 -60 3
122.2500 0.1112 -60 3
122.2851 0.1000 -60 3
122.3000 0.0945 -60 3
122.3500 0.0744 -60 3
122.4000 0.0533 -60 3
122.4075 0.0500 -60 3
122.4500 0.0275 -60 3
122.5000 0.0001 -60 3
122.5001 0.0000 -60 3
122.5500 -0.0354 -60 3
122.5697 -0.0500 -60 3
> Contour Depth = -60
122.0000 -0.3268 -60 4
122.0500 -0.3496 -60 4
122.0509 -0.3500 -60 4
122.1000 -0.3680 -60 4
122.1500 -0.3863 -60 4
122.1898 -0.4000 -60 4
