> Contour Depth = -20
167.7474 -13.1000 -20 1
167.7473 -13.1500 -20 1
167.7500 -13.1527 -20 1
167.7972 -13.2000 -20 1
167.8000 -13.2028 -20 1
> Contour Depth = -20
166.3000 -14.7972 -20 2
166.3028 -14.8000 -20 2
166.3500 -14.8473 -20 2
166.3527 -14.8500 -20 2
166.4000 -14.8972 -20 2
166.4028 -14.9000 -20 2
166.4000 -14.9028 -20 2
166.3528 -14.9500 -20 2
166.3500 -14.9528 -20 2
166.3000 -14.9527 -20 2
166.2527 -15.0000 -20 2
166.2500 -15.0027 -20 2
> Contour Depth = -40
167.7446 -13.1000 -40 3
167.7445 -13.1500 -40 3
167.7500 -13.1555 -40 3
167.7945 -13.2000 -40 3
167.8000 -13.2056 -40 3
> Contour Depth = -40
166.3000 -14.7944 -40 4
166.3056 -14.8000 -40 4
166.3500 -14.8445 -40 4
166.3555 -14.8500 -40 4
166.4000 -14.8944 -40 4
166.4056 -14.9000 -40 4
166.4000 -14.9056 -40 4
166.3555 -14.9500 -40 4
166.3500 -14.9555 -40 4
166.3000 -14.9554 -40 4
166.2554 -15.0000 -40 4
166.2500 -15.0055 -40 4
> Contour Depth = -60
167.7418 -13.1000 -60 5
167.7417 -13.1500 -60 5
167.7500 -13.1583 -60 5
167.7917 -13.2000 -60 5
167.8000 -13.2083 -60 5
> Contour Depth = -60
166.3000 -14.7916 -60 6
166.3084 -14.8000 -60 6
166.3500 -14.8417 -60 6
166.3583 -14.8500 -60 6
166.4000 -14.8917 -60 6
166.4083 -14.9000 -60 6
166.4000 -14.9083 -60 6
166.3583 -14.9500 -60 6
166.3500 -14.9583 -60 6
166.3000 -14.9582 -60 6
166.2582 -15.0000 -60 6
166.2500 -15.0082 -60 6
> Contour Depth = -80
167.7390 -13.1000 -80 7
167.7389 -13.1500 -80 7
167.7500 -13.1611 -80 7
167.7889 -13.2000 -80 7
167.8000 -13.2111 -80 7
> Contour Depth = -80
166.3000 -14.7888 -80 8
166.3111 -14.8000 -80 8
166.3500 -14.8389 -80 8
166.3611 -14.8500 -80 8
166.4000 -14.8889 -80 8
166.4111 -14.9000 -80 8
166.4000 -14.9111 -80 8
166.3611 -14.9500 -80 8
166.3500 -14.9611 -80 8
166.3000 -14.9610 -80 8
166.2610 -15.0000 -80 8
166.2500 -15.0110 -80 8
> Contour Depth = -100
167.7362 -13.1000 -100 9
167.7361 -13.1500 -100 9
167.7500 -13.1639 -100 9
167.7861 -13.2000 -100 9
167.8000 -13.2139 -100 9
> Contour Depth = -100
166.3000 -14.7860 -100 10
166.3139 -14.8000 -100 10
166.3500 -14.8361 -100 10
166.3639 -14.8500 -100 10
166.4000 -14.8861 -100 10
166.4139 -14.9000 -100 10
166.4000 -14.9139 -100 10
166.3639 -14.9500 -100 10
166.3500 -14.9639 -100 10
166.3000 -14.9638 -100 10
166.2638 -15.0000 -100 10
166.2500 -15.0138 -100 10
> Contour Depth = -120
167.7335 -13.1000 -120 11
167.7333 -13.1500 -120 11
167.7500 -13.1667 -120 11
167.7833 -13.2000 -120 11
167.8000 -13.2167 -120 11
> Contour Depth = -120
166.3000 -14.7832 -120 12
166.3167 -14.8000 -120 12
166.3500 -14.8333 -120 12
166.3666 -14.8500 -120 12
166.4000 -14.8833 -120 12
166.4167 -14.9000 -120 12
166.4000 -14.9167 -120 12
166.3667 -14.9500 -120 12
166.3500 -14.9667 -120 12
166.3000 -14.9666 -120 12
166.2666 -15.0000 -120 12
166.2500 -15.0166 -120 12
> Contour Depth = -140
167.7307 -13.1000 -140 13
167.7305 -13.1500 -140 13
167.7500 -13.1695 -140 13
167.7805 -13.2000 -140 13
167.8000 -13.2195 -140 13
> Contour Depth = -140
166.3000 -14.7804 -140 14
166.3195 -14.8000 -140 14
166.3500 -14.8305 -140 14
166.3694 -14.8500 -140 14
166.4000 -14.8805 -140 14
166.4195 -14.9000 -140 14
166.4000 -14.9195 -140 14
166.3695 -14.9500 -140 14
166.3500 -14.9695 -140 14
166.3000 -14.9694 -140 14
166.2694 -15.0000 -140 14
166.2500 -15.0194 -140 14
> Contour Depth = -160
167.7279 -13.1000 -160 15
167.7277 -13.1500 -160 15
167.7500 -13.1722 -160 15
167.7777 -13.2000 -160 15
167.8000 -13.2223 -160 15
> Contour Depth = -160
166.3000 -14.7777 -160 16
166.3223 -14.8000 -160 16
166.3500 -14.8278 -160 16
166.3722 -14.8500 -160 16
166.4000 -14.8778 -160 16
166.4222 -14.9000 -160 16
166.4000 -14.9222 -160 16
166.3722 -14.9500 -160 16
166.3500 -14.9723 -160 16
166.3000 -14.9722 -160 16
166.2722 -15.0000 -160 16
166.2500 -15.0222 -160 16
> Contour Depth = -180
167.7251 -13.1000 -180 17
167.7250 -13.1500 -180 17
167.7500 -13.1750 -180 17
167.7749 -13.2000 -180 17
167.8000 -13.2251 -180 17
> Contour Depth = -180
166.3000 -14.7749 -180 18
166.3251 -14.8000 -180 18
166.3500 -14.8250 -180 18
166.3750 -14.8500 -180 18
166.4000 -14.8750 -180 18
166.4250 -14.9000 -180 18
166.4000 -14.9250 -180 18
166.3750 -14.9500 -180 18
166.3500 -14.9751 -180 18
166.3000 -14.9749 -180 18
166.2750 -15.0000 -180 18
166.2500 -15.0250 -180 18
> Contour Depth = -200
167.7223 -13.1000 -200 19
167.7222 -13.1500 -200 19
167.7500 -13.1778 -200 19
167.7722 -13.2000 -200 19
167.8000 -13.2279 -200 19
> Contour Depth = -200
166.3000 -14.7721 -200 20
166.3278 -14.8000 -200 20
166.3500 -14.8222 -200 20
166.3778 -14.8500 -200 20
166.4000 -14.8722 -200 20
166.4278 -14.9000 -200 20
166.4000 -14.9278 -200 20
166.3778 -14.9500 -200 20
166.3500 -14.9778 -200 20
166.3000 -14.9777 -200 20
166.2777 -15.0000 -200 20
166.2500 -15.0278 -200 20
> Contour Depth = -220
167.7195 -13.1000 -220 21
167.7194 -13.1500 -220 21
167.7500 -13.1806 -220 21
167.7694 -13.2000 -220 21
167.8000 -13.2307 -220 21
> Contour Depth = -220
166.3000 -14.7693 -220 22
166.3306 -14.8000 -220 22
166.3500 -14.8194 -220 22
166.3806 -14.8500 -220 22
166.4000 -14.8694 -220 22
166.4306 -14.9000 -220 22
166.4000 -14.9306 -220 22
166.3806 -14.9500 -220 22
166.3500 -14.9806 -220 22
166.3000 -14.9805 -220 22
166.2805 -15.0000 -220 22
166.2500 -15.0306 -220 22
> Contour Depth = -240
167.7167 -13.1000 -240 23
167.7166 -13.1500 -240 23
167.7500 -13.1834 -240 23
167.7666 -13.2000 -240 23
167.8000 -13.2335 -240 23
> Contour Depth = -240
166.3000 -14.7665 -240 24
166.3334 -14.8000 -240 24
166.3500 -14.8166 -240 24
166.3833 -14.8500 -240 24
166.4000 -14.8666 -240 24
166.4334 -14.9000 -240 24
166.4000 -14.9334 -240 24
166.3834 -14.9500 -240 24
166.3500 -14.9834 -240 24
166.3000 -14.9833 -240 24
166.2833 -15.0000 -240 24
166.2500 -15.0334 -240 24
> Contour Depth = -260
164.8928 -10.9000 -260 25
164.8981 -10.9500 -260 25
164.9000 -10.9764 -260 25
164.9013 -11.0000 -260 25
> Contour Depth = -260
167.7139 -13.1000 -260 26
167.7138 -13.1500 -260 26
167.7500 -13.1862 -260 26
167.7638 -13.2000 -260 26
167.8000 -13.2363 -260 26
> Contour Depth = -260
166.3000 -14.7637 -260 27
166.3362 -14.8000 -260 27
166.3500 -14.8138 -260 27
166.3861 -14.8500 -260 27
166.4000 -14.8639 -260 27
166.4361 -14.9000 -260 27
166.4000 -14.9361 -260 27
166.3861 -14.9500 -260 27
166.3500 -14.9862 -260 27
166.3000 -14.9861 -260 27
166.2861 -15.0000 -260 27
166.2500 -15.0362 -260 27
> Contour Depth = -260
173.5360 -22.8500 -260 28
173.5487 -22.8000 -260 28
173.5500 -22.7943 -260 28
173.5568 -22.7500 -260 28
173.5644 -22.7000 -260 28
173.5719 -22.6500 -260 28
173.5789 -22.6000 -260 28
173.5850 -22.5500 -260 28
173.5902 -22.5000 -260 28
173.5945 -22.4500 -260 28
173.5982 -22.4000 -260 28
173.6000 -22.3745 -260 28
173.6012 -22.3500 -260 28
173.6040 -22.3000 -260 28
173.6074 -22.2500 -260 28
173.6116 -22.2000 -260 28
173.6170 -22.1500 -260 28
173.6236 -22.1000 -260 28
173.6317 -22.0500 -260 28
173.6413 -22.0000 -260 28
173.6500 -21.9602 -260 28
173.6519 -21.9500 -260 28
173.6620 -21.9000 -260 28
173.6726 -21.8500 -260 28
173.6833 -21.8000 -260 28
173.6932 -21.7500 -260 28
173.7000 -21.7083 -260 28
173.7013 -21.7000 -260 28
173.7064 -21.6500 -260 28
> Contour Depth = -260
172.5056 -23.1000 -260 29
172.5409 -23.0500 -260 29
172.5476 -23.0000 -260 29
172.5367 -22.9500 -260 29
172.5118 -22.9000 -260 29
172.5000 -22.8845 -260 29
172.4735 -22.8500 -260 29
172.4500 -22.8257 -260 29
172.4264 -22.8000 -260 29
172.4000 -22.7741 -260 29
172.3788 -22.7500 -260 29
172.3500 -22.7174 -260 29
172.3375 -22.7000 -260 29
172.3042 -22.6500 -260 29
172.3000 -22.6430 -260 29
172.2792 -22.6000 -260 29
172.2594 -22.5500 -260 29
172.2500 -22.5207 -260 29
172.2446 -22.5000 -260 29
172.2348 -22.4500 -260 29
172.2292 -22.4000 -260 29
172.2285 -22.3500 -260 29
172.2342 -22.3000 -260 29
172.2492 -22.2500 -260 29
172.2500 -22.2484 -260 29
172.2868 -22.2000 -260 29
172.3000 -22.1887 -260 29
172.3500 -22.1609 -260 29
172.3796 -22.1500 -260 29
172.4000 -22.1433 -260 29
172.4500 -22.1296 -260 29
172.5000 -22.1153 -260 29
172.5420 -22.1000 -260 29
172.5500 -22.0965 -260 29
172.6000 -22.0663 -260 29
172.6183 -22.0500 -260 29
172.6500 -22.0051 -260 29
172.6528 -22.0000 -260 29
172.6701 -21.9500 -260 29
172.6788 -21.9000 -260 29
172.6822 -21.8500 -260 29
172.6824 -21.8000 -260 29
172.6805 -21.7500 -260 29
172.6770 -21.7000 -260 29
> Contour Depth = -260
172.3777 -23.1500 -260 30
172.4000 -23.1435 -260 30
172.4500 -23.1278 -260 30
> Contour Depth = -280
165.0097 -11.0500 -280 31
165.0232 -11.0000 -280 31
165.0369 -10.9500 -280 31
165.0500 -10.9020 -280 31
165.0506 -10.9000 -280 31
165.0639 -10.8500 -280 31
165.0764 -10.8000 -280 31
165.0880 -10.7500 -280 31
165.0986 -10.7000 -280 31
165.1000 -10.6924 -280 31
165.1076 -10.6500 -280 31
165.1153 -10.6000 -280 31
> Contour Depth = -280
167.7111 -13.1000 -280 32
167.7110 -13.1500 -280 32
167.7500 -13.1890 -280 32
167.7610 -13.2000 -280 32
167.8000 -13.2391 -280 32
> Contour Depth = -280
166.3000 -14.7609 -280 33
166.3390 -14.8000 -280 33
166.3500 -14.8110 -280 33
166.3889 -14.8500 -280 33
166.4000 -14.8611 -280 33
166.4389 -14.9000 -280 33
166.4000 -14.9389 -280 33
166.3889 -14.9500 -280 33
166.3500 -14.9890 -280 33
166.3000 -14.9889 -280 33
166.2889 -15.0000 -280 33
166.2500 -15.0389 -280 33
> Contour Depth = -280
171.4472 -23.0500 -280 34
171.4500 -23.0369 -280 34
171.4593 -23.0000 -280 34
171.4852 -22.9500 -280 34
171.5000 -22.9314 -280 34
171.5284 -22.9000 -280 34
171.5500 -22.8806 -280 34
171.5838 -22.8500 -280 34
171.6000 -22.8361 -280 34
171.6375 -22.8000 -280 34
171.6500 -22.7876 -280 34
171.6820 -22.7500 -280 34
171.7000 -22.7272 -280 34
171.7182 -22.7000 -280 34
171.7481 -22.6500 -280 34
171.7500 -22.6465 -280 34
171.7711 -22.6000 -280 34
171.7902 -22.5500 -280 34
171.8000 -22.5181 -280 34
171.8048 -22.5000 -280 34
171.8139 -22.4500 -280 34
171.8181 -22.4000 -280 34
171.8164 -22.3500 -280 34
171.8075 -22.3000 -280 34
171.8000 -22.2777 -280 34
171.7884 -22.2500 -280 34
171.7586 -22.2000 -280 34
171.7500 -22.1881 -280 34
171.7191 -22.1500 -280 34
171.7000 -22.1266 -280 34
171.6784 -22.1000 -280 34
171.6500 -22.0585 -280 34
171.6447 -22.0500 -280 34
171.6207 -22.0000 -280 34
171.6056 -21.9500 -280 34
171.6000 -21.9155 -280 34
171.5977 -21.9000 -280 34
171.5959 -21.8500 -280 34
171.5998 -21.8000 -280 34
171.6000 -21.7988 -280 34
171.6091 -21.7500 -280 34
171.6238 -21.7000 -280 34
171.6435 -21.6500 -280 34
171.6500 -21.6367 -280 34
171.6661 -21.6000 -280 34
171.6897 -21.5500 -280 34
171.7000 -21.5289 -280 34
171.7121 -21.5000 -280 34
171.7318 -21.4500 -280 34
171.7489 -21.4000 -280 34
171.7500 -21.3967 -280 34
171.7630 -21.3500 -280 34
> Contour Depth = -280
173.6966 -22.8000 -280 35
173.7000 -22.7893 -280 35
173.7114 -22.7500 -280 35
173.7254 -22.7000 -280 35
173.7391 -22.6500 -280 35
173.7500 -22.6087 -280 35
173.7522 -22.6000 -280 35
173.7631 -22.5500 -280 35
173.7733 -22.5000 -280 35
173.7828 -22.4500 -280 35
173.7915 -22.4000 -280 35
173.7996 -22.3500 -280 35
173.8000 -22.3472 -280 35
173.8070 -22.3000 -280 35
173.8145 -22.2500 -280 35
173.8223 -22.2000 -280 35
173.8309 -22.1500 -280 35
173.8405 -22.1000 -280 35
173.8500 -22.0563 -280 35
173.8514 -22.0500 -280 35
173.8639 -22.0000 -280 35
173.8775 -21.9500 -280 35
173.8924 -21.9000 -280 35
173.9000 -21.8754 -280 35
173.9084 -21.8500 -280 35
173.9250 -21.8000 -280 35
173.9417 -21.7500 -280 35
173.9500 -21.7242 -280 35
> Contour Depth = -300
165.1055 -11.1000 -300 36
165.1328 -11.0500 -300 36
165.1500 -11.0151 -300 36
165.1590 -11.0000 -300 36
165.1854 -10.9500 -300 36
165.2000 -10.9186 -300 36
165.2101 -10.9000 -300 36
165.2338 -10.8500 -300 36
165.2500 -10.8115 -300 36
165.2556 -10.8000 -300 36
165.2774 -10.7500 -300 36
165.2974 -10.7000 -300 36
165.3000 -10.6933 -300 36
165.3191 -10.6500 -300 36
165.3408 -10.6000 -300 36
165.3500 -10.5790 -300 36
165.3651 -10.5500 -300 36
165.3926 -10.5000 -300 36
165.4000 -10.4875 -300 36
165.4271 -10.4500 -300 36
165.4500 -10.4217 -300 36
165.4719 -10.4000 -300 36
165.5000 -10.3752 -300 36
165.5359 -10.3500 -300 36
165.5500 -10.3409 -300 36
165.6000 -10.3131 -300 36
165.6238 -10.3000 -300 36
165.6500 -10.2860 -300 36
165.7000 -10.2550 -300 36
165.7065 -10.2500 -300 36
165.7500 -10.2139 -300 36
165.7633 -10.2000 -300 36
165.8000 -10.1569 -300 36
165.8050 -10.1500 -300 36
165.8362 -10.1000 -300 36
165.8500 -10.0739 -300 36
165.8618 -10.0500 -300 36
165.8821 -10.0000 -300 36
165.8988 -9.9500 -300 36
165.9000 -9.9449 -300 36
165.9107 -9.9000 -300 36
165.9181 -9.8500 -300 36
165.9205 -9.8000 -300 36
> Contour Depth = -300
167.7083 -13.1000 -300 37
167.7082 -13.1500 -300 37
167.7500 -13.1918 -300 37
167.7582 -13.2000 -300 37
167.8000 -13.2419 -300 37
> Contour Depth = -300
166.3000 -14.7581 -300 38
166.3418 -14.8000 -300 38
166.3500 -14.8082 -300 38
166.3917 -14.8500 -300 38
166.4000 -14.8583 -300 38
166.4417 -14.9000 -300 38
166.4000 -14.9417 -300 38
166.3917 -14.9500 -300 38
166.3500 -14.9918 -300 38
166.3000 -14.9917 -300 38
166.2917 -15.0000 -300 38
166.2500 -15.0417 -300 38
> Contour Depth = -300
170.6486 -22.8000 -300 39
170.6500 -22.7927 -300 39
170.6580 -22.7500 -300 39
170.6617 -22.7000 -300 39
170.6598 -22.6500 -300 39
170.6538 -22.6000 -300 39
170.6500 -22.5750 -300 39
170.6462 -22.5500 -300 39
170.6399 -22.5000 -300 39
170.6367 -22.4500 -300 39
170.6370 -22.4000 -300 39
170.6407 -22.3500 -300 39
170.6469 -22.3000 -300 39
170.6500 -22.2806 -300 39
170.6554 -22.2500 -300 39
170.6655 -22.2000 -300 39
170.6759 -22.1500 -300 39
170.6858 -22.1000 -300 39
170.6944 -22.0500 -300 39
170.7000 -22.0081 -300 39
170.7014 -22.0000 -300 39
170.7075 -21.9500 -300 39
170.7115 -21.9000 -300 39
170.7145 -21.8500 -300 39
170.7182 -21.8000 -300 39
170.7235 -21.7500 -300 39
170.7310 -21.7000 -300 39
170.7402 -21.6500 -300 39
170.7500 -21.6020 -300 39
170.7505 -21.6000 -300 39
170.7625 -21.5500 -300 39
170.7727 -21.5000 -300 39
170.7803 -21.4500 -300 39
170.7848 -21.4000 -300 39
170.7858 -21.3500 -300 39
170.7834 -21.3000 -300 39
170.7780 -21.2500 -300 39
170.7707 -21.2000 -300 39
170.7625 -21.1500 -300 39
170.7546 -21.1000 -300 39
170.7500 -21.0693 -300 39
170.7474 -21.0500 -300 39
170.7415 -21.0000 -300 39
170.7373 -20.9500 -300 39
170.7350 -20.9000 -300 39
170.7350 -20.8500 -300 39
170.7376 -20.8000 -300 39
170.7436 -20.7500 -300 39
170.7500 -20.7184 -300 39
170.7549 -20.7000 -300 39
170.7749 -20.6500 -300 39
170.8000 -20.6076 -300 39
170.8068 -20.6000 -300 39
170.8500 -20.5560 -300 39
170.8585 -20.5500 -300 39
170.9000 -20.5173 -300 39
170.9267 -20.5000 -300 39
170.9500 -20.4806 -300 39
> Contour Depth = -300
171.5807 -21.2500 -300 40
171.5500 -21.2864 -300 40
171.5324 -21.3000 -300 40
171.5000 -21.3228 -300 40
171.4500 -21.3414 -300 40
171.4000 -21.3457 -300 40
171.3500 -21.3364 -300 40
171.3000 -21.3111 -300 40
171.2869 -21.3000 -300 40
171.2500 -21.2591 -300 40
171.2443 -21.2500 -300 40
171.2233 -21.2000 -300 40
171.2141 -21.1500 -300 40
171.2130 -21.1000 -300 40
171.2176 -21.0500 -300 40
171.2263 -21.0000 -300 40
171.2378 -20.9500 -300 40
171.2500 -20.9053 -300 40
171.2521 -20.9000 -300 40
171.2723 -20.8500 -300 40
171.2980 -20.8000 -300 40
171.3000 -20.7963 -300 40
> Contour Depth = -300
173.7826 -22.8000 -300 41
173.8000 -22.7559 -300 41
173.8026 -22.7500 -300 41
173.8229 -22.7000 -300 41
173.8421 -22.6500 -300 41
173.8500 -22.6281 -300 41
173.8617 -22.6000 -300 41
173.8809 -22.5500 -300 41
173.8995 -22.5000 -300 41
173.9000 -22.4984 -300 41
173.9195 -22.4500 -300 41
173.9386 -22.4000 -300 41
173.9500 -22.3688 -300 41
> Contour Depth = -320
165.2500 -11.2346 -320 42
165.3000 -11.2050 -320 42
165.3118 -11.2000 -320 42
165.3500 -11.1803 -320 42
165.4000 -11.1612 -320 42
165.4459 -11.1500 -320 42
165.4500 -11.1488 -320 42
165.5000 -11.1425 -320 42
165.5500 -11.1430 -320 42
165.6000 -11.1475 -320 42
165.6251 -11.1500 -320 42
165.6500 -11.1519 -320 42
165.7000 -11.1533 -320 42
165.7500 -11.1502 -320 42
165.7510 -11.1500 -320 42
165.8000 -11.1401 -320 42
165.8500 -11.1235 -320 42
165.9000 -11.1008 -320 42
165.9013 -11.1000 -320 42
165.9500 -11.0663 -320 42
165.9690 -11.0500 -320 42
166.0000 -11.0175 -320 42
166.0135 -11.0000 -320 42
166.0412 -10.9500 -320 42
166.0500 -10.9239 -320 42
166.0566 -10.9000 -320 42
166.0621 -10.8500 -320 42
166.0612 -10.8000 -320 42
166.0554 -10.7500 -320 42
166.0500 -10.7205 -320 42
166.0455 -10.7000 -320 42
166.0320 -10.6500 -320 42
166.0175 -10.6000 -320 42
166.0042 -10.5500 -320 42
166.0000 -10.5268 -320 42
165.9952 -10.5000 -320 42
165.9945 -10.4500 -320 42
166.0000 -10.4158 -320 42
166.0026 -10.4000 -320 42
166.0194 -10.3500 -320 42
166.0412 -10.3000 -320 42
166.0500 -10.2827 -320 42
166.0683 -10.2500 -320 42
166.0969 -10.2000 -320 42
166.1000 -10.1948 -320 42
166.1293 -10.1500 -320 42
166.1500 -10.1159 -320 42
166.1607 -10.1000 -320 42
166.1920 -10.0500 -320 42
166.2000 -10.0360 -320 42
166.2226 -10.0000 -320 42
166.2499 -9.9500 -320 42
166.2500 -9.9497 -320 42
166.2769 -9.9000 -320 42
166.2999 -9.8500 -320 42
166.3000 -9.8497 -320 42
166.3216 -9.8000 -320 42
166.3396 -9.7500 -320 42
166.3500 -9.7144 -320 42
166.3544 -9.7000 -320 42
166.3657 -9.6500 -320 42
> Contour Depth = -320
167.1624 -10.5500 -320 43
167.1539 -10.6000 -320 43
167.1544 -10.6500 -320 43
167.1640 -10.7000 -320 43
167.1830 -10.7500 -320 43
167.2000 -10.7784 -320 43
167.2131 -10.8000 -320 43
167.2500 -10.8421 -320 43
167.2578 -10.8500 -320 43
167.3000 -10.8817 -320 43
167.3328 -10.9000 -320 43
167.3500 -10.9075 -320 43
167.4000 -10.9193 -320 43
167.4500 -10.9192 -320 43
167.5000 -10.9073 -320 43
167.5159 -10.9000 -320 43
> Contour Depth = -320
167.7055 -13.1000 -320 44
167.7054 -13.1500 -320 44
167.7500 -13.1946 -320 44
167.7554 -13.2000 -320 44
167.8000 -13.2447 -320 44
> Contour Depth = -320
166.3000 -14.7553 -320 45
166.3445 -14.8000 -320 45
166.3500 -14.8055 -320 45
166.3945 -14.8500 -320 45
166.4000 -14.8555 -320 45
166.4445 -14.9000 -320 45
166.4000 -14.9445 -320 45
166.3945 -14.9500 -320 45
166.3500 -14.9946 -320 45
166.3000 -14.9945 -320 45
166.2945 -15.0000 -320 45
166.2500 -15.0445 -320 45
> Contour Depth = -320
168.6000 -15.1593 -320 46
168.5696 -15.2000 -320 46
168.5500 -15.2247 -320 46
168.5138 -15.2500 -320 46
168.5000 -15.2596 -320 46
168.4500 -15.2721 -320 46
168.4000 -15.2679 -320 46
168.3531 -15.2500 -320 46
168.3500 -15.2482 -320 46
168.3008 -15.2000 -320 46
168.3000 -15.1981 -320 46
168.2841 -15.1500 -320 46
168.2851 -15.1000 -320 46
168.2956 -15.0500 -320 46
168.3000 -15.0378 -320 46
168.3107 -15.0000 -320 46
168.3287 -14.9500 -320 46
168.3494 -14.9000 -320 46
> Contour Depth = -320
169.8270 -22.2500 -320 47
169.8057 -22.2000 -320 47
169.8000 -22.1878 -320 47
169.7809 -22.1500 -320 47
169.7529 -22.1000 -320 47
169.7500 -22.0944 -320 47
169.7224 -22.0500 -320 47
169.7000 -22.0076 -320 47
169.6948 -22.0000 -320 47
169.6750 -21.9500 -320 47
169.6715 -21.9000 -320 47
169.6827 -21.8500 -320 47
169.7000 -21.8087 -320 47
169.7032 -21.8000 -320 47
169.7267 -21.7500 -320 47
169.7500 -21.7059 -320 47
169.7530 -21.7000 -320 47
169.7815 -21.6500 -320 47
169.8000 -21.6208 -320 47
169.8135 -21.6000 -320 47
169.8500 -21.5503 -320 47
169.8502 -21.5500 -320 47
169.8946 -21.5000 -320 47
169.9000 -21.4946 -320 47
169.9489 -21.4500 -320 47
169.9500 -21.4491 -320 47
170.0000 -21.4130 -320 47
170.0207 -21.4000 -320 47
170.0500 -21.3833 -320 47
170.1000 -21.3583 -320 47
170.1180 -21.3500 -320 47
170.1500 -21.3362 -320 47
170.2000 -21.3135 -320 47
170.2251 -21.3000 -320 47
170.2500 -21.2868 -320 47
170.3000 -21.2532 -320 47
170.3037 -21.2500 -320 47
170.3500 -21.2086 -320 47
170.3575 -21.2000 -320 47
170.3981 -21.1500 -320 47
170.4000 -21.1472 -320 47
170.4263 -21.1000 -320 47
170.4486 -21.0500 -320 47
170.4500 -21.0454 -320 47
170.4609 -21.0000 -320 47
170.4669 -20.9500 -320 47
170.4662 -20.9000 -320 47
170.4589 -20.8500 -320 47
170.4500 -20.8173 -320 47
170.4438 -20.8000 -320 47
170.4200 -20.7500 -320 47
170.4000 -20.7116 -320 47
170.3932 -20.7000 -320 47
170.3669 -20.6500 -320 47
170.3500 -20.6049 -320 47
170.3483 -20.6000 -320 47
170.3378 -20.5500 -320 47
170.3356 -20.5000 -320 47
170.3408 -20.4500 -320 47
170.3500 -20.4139 -320 47
170.3535 -20.4000 -320 47
170.3755 -20.3500 -320 47
170.4000 -20.3131 -320 47
170.4106 -20.3000 -320 47
170.4500 -20.2660 -320 47
170.4767 -20.2500 -320 47
170.5000 -20.2390 -320 47
170.5500 -20.2218 -320 47
170.6000 -20.2064 -320 47
170.6180 -20.2000 -320 47
170.6500 -20.1895 -320 47
> Contour Depth = -320
168.8500 -21.1402 -320 48
168.8797 -21.1500 -320 48
168.9000 -21.1596 -320 48
168.9491 -21.2000 -320 48
168.9500 -21.2012 -320 48
168.9739 -21.2500 -320 48
168.9873 -21.3000 -320 48
> Contour Depth = -320
173.8831 -22.8000 -320 49
173.9000 -22.7678 -320 49
173.9118 -22.7500 -320 49
173.9416 -22.7000 -320 49
173.9500 -22.6848 -320 49
> Contour Depth = -340
165.9000 -12.5736 -340 50
165.9091 -12.5500 -340 50
165.9264 -12.5000 -340 50
165.9423 -12.4500 -340 50
165.9500 -12.4211 -340 50
165.9577 -12.4000 -340 50
165.9723 -12.3500 -340 50
165.9834 -12.3000 -340 50
165.9888 -12.2500 -340 50
165.9849 -12.2000 -340 50
165.9675 -12.1500 -340 50
165.9500 -12.1219 -340 50
165.9394 -12.1000 -340 50
165.9110 -12.0500 -340 50
165.9000 -12.0298 -340 50
165.8873 -12.0000 -340 50
165.8707 -11.9500 -340 50
165.8607 -11.9000 -340 50
165.8584 -11.8500 -340 50
165.8647 -11.8000 -340 50
165.8802 -11.7500 -340 50
165.9000 -11.7110 -340 50
165.9051 -11.7000 -340 50
165.9368 -11.6500 -340 50
165.9500 -11.6334 -340 50
165.9734 -11.6000 -340 50
166.0000 -11.5677 -340 50
166.0132 -11.5500 -340 50
166.0500 -11.5072 -340 50
166.0557 -11.5000 -340 50
166.1000 -11.4519 -340 50
166.1016 -11.4500 -340 50
166.1500 -11.4023 -340 50
166.1523 -11.4000 -340 50
166.2000 -11.3585 -340 50
166.2101 -11.3500 -340 50
166.2500 -11.3200 -340 50
166.2793 -11.3000 -340 50
166.3000 -11.2866 -340 50
166.3500 -11.2593 -340 50
166.3718 -11.2500 -340 50
166.4000 -11.2378 -340 50
166.4500 -11.2223 -340 50
166.5000 -11.2123 -340 50
166.5500 -11.2073 -340 50
166.6000 -11.2066 -340 50
166.6500 -11.2091 -340 50
166.7000 -11.2133 -340 50
166.7500 -11.2178 -340 50
166.8000 -11.2213 -340 50
166.8500 -11.2231 -340 50
166.9000 -11.2228 -340 50
166.9500 -11.2205 -340 50
167.0000 -11.2166 -340 50
167.0500 -11.2118 -340 50
167.1000 -11.2064 -340 50
167.1500 -11.2006 -340 50
167.1548 -11.2000 -340 50
167.2000 -11.1954 -340 50
167.2500 -11.1899 -340 50
167.3000 -11.1835 -340 50
167.3500 -11.1754 -340 50
167.4000 -11.1647 -340 50
167.4500 -11.1502 -340 50
167.4504 -11.1500 -340 50
167.5000 -11.1339 -340 50
167.5500 -11.1125 -340 50
167.5733 -11.1000 -340 50
167.6000 -11.0866 -340 50
> Contour Depth = -340
168.0500 -12.3269 -340 51
168.0000 -12.3312 -340 51
167.9500 -12.3350 -340 51
167.9000 -12.3369 -340 51
167.8500 -12.3329 -340 51
167.8000 -12.3153 -340 51
167.7788 -12.3000 -340 51
167.7500 -12.2556 -340 51
167.7470 -12.2500 -340 51
167.7301 -12.2000 -340 51
167.7193 -12.1500 -340 51
167.7111 -12.1000 -340 51
167.7043 -12.0500 -340 51
167.7000 -12.0069 -340 51
167.6991 -12.0000 -340 51
167.6964 -11.9500 -340 51
167.6995 -11.9000 -340 51
167.7000 -11.8979 -340 51
167.7091 -11.8500 -340 51
167.7279 -11.8000 -340 51
167.7500 -11.7626 -340 51
167.7579 -11.7500 -340 51
167.8000 -11.7013 -340 51
> Contour Depth = -340
167.7027 -13.1000 -340 52
167.7026 -13.1500 -340 52
167.7500 -13.1973 -340 52
167.7527 -13.2000 -340 52
167.8000 -13.2475 -340 52
> Contour Depth = -340
168.2500 -14.2018 -340 53
168.2439 -14.2000 -340 53
168.2000 -14.1885 -340 53
168.1500 -14.1827 -340 53
168.1000 -14.1820 -340 53
168.0500 -14.1854 -340 53
168.0000 -14.1920 -340 53
167.9579 -14.2000 -340 53
167.9500 -14.2018 -340 53
167.9000 -14.2157 -340 53
167.8500 -14.2338 -340 53
167.8149 -14.2500 -340 53
167.8000 -14.2609 -340 53
167.7591 -14.3000 -340 53
167.7500 -14.3174 -340 53
167.7353 -14.3500 -340 53
167.7223 -14.4000 -340 53
167.7110 -14.4500 -340 53
167.7000 -14.4888 -340 53
167.6966 -14.5000 -340 53
167.6746 -14.5500 -340 53
167.6500 -14.5884 -340 53
167.6409 -14.6000 -340 53
167.6000 -14.6378 -340 53
167.5809 -14.6500 -340 53
167.5500 -14.6658 -340 53
167.5000 -14.6799 -340 53
167.4500 -14.6844 -340 53
167.4000 -14.6811 -340 53
167.3500 -14.6718 -340 53
167.3000 -14.6582 -340 53
167.2756 -14.6500 -340 53
167.2500 -14.6404 -340 53
167.2000 -14.6198 -340 53
167.1516 -14.6000 -340 53
167.1500 -14.5992 -340 53
167.1000 -14.5738 -340 53
167.0500 -14.5511 -340 53
167.0475 -14.5500 -340 53
167.0000 -14.5214 -340 53
166.9576 -14.5000 -340 53
166.9500 -14.4931 -340 53
166.9000 -14.4564 -340 53
166.8887 -14.4500 -340 53
166.8572 -14.4000 -340 53
166.9000 -14.3536 -340 53
166.9040 -14.3500 -340 53
166.9500 -14.3341 -340 53
167.0000 -14.3185 -340 53
167.0500 -14.3043 -340 53
167.0655 -14.3000 -340 53
167.1000 -14.2928 -340 53
167.1500 -14.2823 -340 53
167.2000 -14.2717 -340 53
167.2500 -14.2609 -340 53
167.2970 -14.2500 -340 53
167.3000 -14.2493 -340 53
167.3500 -14.2367 -340 53
167.4000 -14.2217 -340 53
167.4500 -14.2026 -340 53
167.4559 -14.2000 -340 53
167.5000 -14.1704 -340 53
167.5208 -14.1500 -340 53
167.5421 -14.1000 -340 53
167.5474 -14.0500 -340 53
167.5471 -14.0000 -340 53
167.5462 -13.9500 -340 53
167.5480 -13.9000 -340 53
167.5500 -13.8871 -340 53
167.5555 -13.8500 -340 53
167.5717 -13.8000 -340 53
167.6000 -13.7517 -340 53
167.6010 -13.7500 -340 53
167.6461 -13.7000 -340 53
167.6500 -13.6968 -340 53
167.7000 -13.6582 -340 53
167.7113 -13.6500 -340 53
167.7500 -13.6274 -340 53
167.8000 -13.6004 -340 53
167.8007 -13.6000 -340 53
167.8500 -13.5780 -340 53
167.9000 -13.5571 -340 53
> Contour Depth = -340
166.6708 -16.5500 -340 54
166.6648 -16.5000 -340 54
166.6580 -16.4500 -340 54
166.6524 -16.4000 -340 54
166.6500 -16.3582 -340 54
166.6496 -16.3500 -340 54
166.6499 -16.3000 -340 54
166.6500 -16.2988 -340 54
166.6535 -16.2500 -340 54
166.6596 -16.2000 -340 54
166.6678 -16.1500 -340 54
166.6777 -16.1000 -340 54
166.6897 -16.0500 -340 54
166.7000 -16.0154 -340 54
166.7049 -16.0000 -340 54
166.7248 -15.9500 -340 54
166.7498 -15.9000 -340 54
166.7500 -15.8997 -340 54
166.7817 -15.8500 -340 54
166.8000 -15.8263 -340 54
166.8206 -15.8000 -340 54
166.8500 -15.7683 -340 54
166.8672 -15.7500 -340 54
166.9000 -15.7196 -340 54
166.9213 -15.7000 -340 54
166.9500 -15.6765 -340 54
166.9821 -15.6500 -340 54
167.0000 -15.6366 -340 54
167.0476 -15.6000 -340 54
167.0500 -15.5983 -340 54
167.1000 -15.5606 -340 54
167.1129 -15.5500 -340 54
167.1500 -15.5211 -340 54
167.1738 -15.5000 -340 54
167.2000 -15.4775 -340 54
167.2273 -15.4500 -340 54
167.2500 -15.4276 -340 54
167.2736 -15.4000 -340 54
167.3000 -15.3697 -340 54
167.3151 -15.3500 -340 54
167.3500 -15.3057 -340 54
167.3543 -15.3000 -340 54
167.3934 -15.2500 -340 54
167.4000 -15.2417 -340 54
167.4354 -15.2000 -340 54
167.4500 -15.1830 -340 54
167.4825 -15.1500 -340 54
167.5000 -15.1316 -340 54
167.5370 -15.1000 -340 54
167.5500 -15.0880 -340 54
167.6000 -15.0518 -340 54
167.6031 -15.0500 -340 54
167.6500 -15.0196 -340 54
167.6899 -15.0000 -340 54
167.7000 -14.9943 -340 54
167.7500 -14.9712 -340 54
167.8000 -14.9524 -340 54
167.8068 -14.9500 -340 54
167.8500 -14.9327 -340 54
167.9000 -14.9138 -340 54
167.9346 -14.9000 -340 54
167.9500 -14.8933 -340 54
168.0000 -14.8691 -340 54
168.0345 -14.8500 -340 54
168.0500 -14.8412 -340 54
168.1000 -14.8077 -340 54
168.1096 -14.8000 -340 54
168.1500 -14.7681 -340 54
168.1693 -14.7500 -340 54
168.2000 -14.7224 -340 54
> Contour Depth = -340
166.3000 -14.7525 -340 55
166.3473 -14.8000 -340 55
166.3500 -14.8027 -340 55
166.3973 -14.8500 -340 55
166.4000 -14.8527 -340 55
166.4473 -14.9000 -340 55
166.4000 -14.9473 -340 55
166.3973 -14.9500 -340 55
166.3500 -14.9973 -340 55
166.3000 -14.9972 -340 55
166.2972 -15.0000 -340 55
166.2500 -15.0473 -340 55
> Contour Depth = -340
167.2000 -17.3209 -340 56
167.2500 -17.3042 -340 56
167.2636 -17.3000 -340 56
167.3000 -17.2869 -340 56
167.3500 -17.2689 -340 56
167.3979 -17.2500 -340 56
167.4000 -17.2490 -340 56
167.4500 -17.2267 -340 56
167.4989 -17.2000 -340 56
167.5000 -17.1993 -340 56
167.5500 -17.1661 -340 56
167.5703 -17.1500 -340 56
167.6000 -17.1238 -340 56
167.6236 -17.1000 -340 56
167.6500 -17.0720 -340 56
167.6683 -17.0500 -340 56
167.7000 -17.0116 -340 56
167.7083 -17.0000 -340 56
167.7447 -16.9500 -340 56
167.7500 -16.9427 -340 56
167.7769 -16.9000 -340 56
167.8000 -16.8604 -340 56
167.8052 -16.8500 -340 56
167.8278 -16.8000 -340 56
167.8466 -16.7500 -340 56
167.8500 -16.7376 -340 56
167.8590 -16.7000 -340 56
167.8655 -16.6500 -340 56
167.8645 -16.6000 -340 56
167.8522 -16.5500 -340 56
167.8500 -16.5458 -340 56
167.8114 -16.5000 -340 56
167.8000 -16.4917 -340 56
167.7500 -16.4678 -340 56
167.7000 -16.4505 -340 56
167.6983 -16.4500 -340 56
167.6500 -16.4342 -340 56
167.6000 -16.4147 -340 56
167.5702 -16.4000 -340 56
167.5500 -16.3856 -340 56
167.5134 -16.3500 -340 56
167.5000 -16.3207 -340 56
167.4922 -16.3000 -340 56
167.4904 -16.2500 -340 56
167.5000 -16.2078 -340 56
167.5016 -16.2000 -340 56
167.5227 -16.1500 -340 56
167.5500 -16.1043 -340 56
167.5525 -16.1000 -340 56
167.5884 -16.0500 -340 56
167.6000 -16.0357 -340 56
167.6283 -16.0000 -340 56
167.6500 -15.9735 -340 56
167.6694 -15.9500 -340 56
167.7000 -15.9129 -340 56
167.7111 -15.9000 -340 56
167.7500 -15.8579 -340 56
167.7580 -15.8500 -340 56
167.8000 -15.8148 -340 56
167.8201 -15.8000 -340 56
167.8500 -15.7819 -340 56
167.9000 -15.7555 -340 56
167.9121 -15.7500 -340 56
167.9500 -15.7353 -340 56
168.0000 -15.7182 -340 56
168.0500 -15.7025 -340 56
168.0588 -15.7000 -340 56
168.1000 -15.6898 -340 56
168.1500 -15.6785 -340 56
168.2000 -15.6678 -340 56
168.2500 -15.6572 -340 56
168.2820 -15.6500 -340 56
168.3000 -15.6464 -340 56
168.3500 -15.6351 -340 56
168.4000 -15.6202 -340 56
168.4474 -15.6000 -340 56
168.4500 -15.5990 -340 56
168.5000 -15.5722 -340 56
168.5281 -15.5500 -340 56
168.5500 -15.5340 -340 56
168.5836 -15.5000 -340 56
168.6000 -15.4837 -340 56
168.6267 -15.4500 -340 56
168.6500 -15.4184 -340 56
168.6621 -15.4000 -340 56
168.6907 -15.3500 -340 56
168.7000 -15.3308 -340 56
> Contour Depth = -340
169.3000 -16.9972 -340 57
169.2859 -17.0000 -340 57
169.2500 -17.0083 -340 57
169.2000 -17.0124 -340 57
169.1500 -17.0048 -340 57
169.1401 -17.0000 -340 57
169.1000 -16.9799 -340 57
169.0704 -16.9500 -340 57
169.0500 -16.9263 -340 57
169.0346 -16.9000 -340 57
169.0107 -16.8500 -340 57
169.0000 -16.8211 -340 57
168.9934 -16.8000 -340 57
168.9820 -16.7500 -340 57
168.9756 -16.7000 -340 57
168.9744 -16.6500 -340 57
168.9790 -16.6000 -340 57
168.9903 -16.5500 -340 57
169.0000 -16.5245 -340 57
169.0103 -16.5000 -340 57
> Contour Depth = -340
167.7493 -19.1000 -340 58
167.7500 -19.0991 -340 58
167.7853 -19.0500 -340 58
167.8000 -19.0288 -340 58
167.8211 -19.0000 -340 58
167.8500 -18.9639 -340 58
167.8630 -18.9500 -340 58
167.9000 -18.9152 -340 58
167.9199 -18.9000 -340 58
167.9500 -18.8790 -340 58
168.0000 -18.8509 -340 58
168.0018 -18.8500 -340 58
168.0500 -18.8265 -340 58
168.1000 -18.8044 -340 58
168.1102 -18.8000 -340 58
168.1500 -18.7807 -340 58
168.2000 -18.7545 -340 58
168.2078 -18.7500 -340 58
168.2500 -18.7181 -340 58
168.2696 -18.7000 -340 58
168.3000 -18.6545 -340 58
168.3025 -18.6500 -340 58
168.3165 -18.6000 -340 58
168.3198 -18.5500 -340 58
168.3162 -18.5000 -340 58
168.3085 -18.4500 -340 58
168.3000 -18.4064 -340 58
168.2985 -18.4000 -340 58
168.2868 -18.3500 -340 58
168.2773 -18.3000 -340 58
168.2717 -18.2500 -340 58
168.2712 -18.2000 -340 58
168.2762 -18.1500 -340 58
168.2872 -18.1000 -340 58
168.3000 -18.0646 -340 58
168.3049 -18.0500 -340 58
168.3306 -18.0000 -340 58
168.3500 -17.9740 -340 58
168.3683 -17.9500 -340 58
168.4000 -17.9199 -340 58
168.4223 -17.9000 -340 58
168.4500 -17.8807 -340 58
168.4968 -17.8500 -340 58
168.5000 -17.8482 -340 58
168.5500 -17.8201 -340 58
168.5862 -17.8000 -340 58
168.6000 -17.7930 -340 58
168.6500 -17.7665 -340 58
168.6803 -17.7500 -340 58
168.7000 -17.7395 -340 58
168.7500 -17.7123 -340 58
168.7725 -17.7000 -340 58
168.8000 -17.6845 -340 58
168.8500 -17.6572 -340 58
168.8641 -17.6500 -340 58
168.9000 -17.6304 -340 58
168.9500 -17.6070 -340 58
168.9692 -17.6000 -340 58
169.0000 -17.5876 -340 58
169.0500 -17.5753 -340 58
169.1000 -17.5715 -340 58
169.1500 -17.5756 -340 58
169.2000 -17.5856 -340 58
169.2500 -17.5983 -340 58
169.2577 -17.6000 -340 58
169.3000 -17.6092 -340 58
169.3500 -17.6154 -340 58
169.4000 -17.6138 -340 58
169.4500 -17.6016 -340 58
169.4537 -17.6000 -340 58
169.5000 -17.5734 -340 58
169.5285 -17.5500 -340 58
169.5500 -17.5254 -340 58
> Contour Depth = -340
170.2500 -19.2421 -340 59
170.2204 -19.2500 -340 59
170.2000 -19.2653 -340 59
170.1500 -19.2604 -340 59
170.1380 -19.2500 -340 59
170.1000 -19.2374 -340 59
170.0500 -19.2051 -340 59
170.0445 -19.2000 -340 59
170.0000 -19.1698 -340 59
169.9774 -19.1500 -340 59
169.9500 -19.1283 -340 59
169.9194 -19.1000 -340 59
169.9000 -19.0816 -340 59
169.8690 -19.0500 -340 59
169.8500 -19.0282 -340 59
169.8252 -19.0000 -340 59
169.8000 -18.9649 -340 59
169.7883 -18.9500 -340 59
169.7585 -18.9000 -340 59
169.7500 -18.8783 -340 59
169.7365 -18.8500 -340 59
169.7242 -18.8000 -340 59
169.7229 -18.7500 -340 59
169.7336 -18.7000 -340 59
169.7500 -18.6697 -340 59
169.7595 -18.6500 -340 59
169.8000 -18.6084 -340 59
169.8085 -18.6000 -340 59
169.8500 -18.5754 -340 59
169.9000 -18.5503 -340 59
169.9005 -18.5500 -340 59
169.9500 -18.5320 -340 59
170.0000 -18.5153 -340 59
170.0486 -18.5000 -340 59
170.0500 -18.4996 -340 59
> Contour Depth = -340
169.0000 -18.6428 -340 60
169.0500 -18.6416 -340 60
169.0903 -18.6500 -340 60
169.1000 -18.6531 -340 60
169.1500 -18.6883 -340 60
169.1608 -18.7000 -340 60
169.1878 -18.7500 -340 60
169.1970 -18.8000 -340 60
169.1896 -18.8500 -340 60
169.1638 -18.9000 -340 60
169.1500 -18.9152 -340 60
169.1163 -18.9500 -340 60
169.1000 -18.9619 -340 60
169.0500 -18.9941 -340 60
169.0389 -19.0000 -340 60
169.0000 -19.0169 -340 60
168.9500 -19.0324 -340 60
168.9000 -19.0410 -340 60
168.8500 -19.0421 -340 60
168.8000 -19.0345 -340 60
168.7500 -19.0160 -340 60
168.7245 -19.0000 -340 60
168.7000 -18.9763 -340 60
168.6807 -18.9500 -340 60
168.6663 -18.9000 -340 60
168.6730 -18.8500 -340 60
168.7000 -18.8022 -340 60
168.7014 -18.8000 -340 60
168.7500 -18.7540 -340 60
168.7548 -18.7500 -340 60
168.8000 -18.7205 -340 60
168.8351 -18.7000 -340 60
168.8500 -18.6921 -340 60
168.9000 -18.6703 -340 60
168.9500 -18.6528 -340 60
168.9638 -18.6500 -340 60
169.0000 -18.6428 -340 60
> Contour Depth = -340
170.5000 -19.9182 -340 61
170.4500 -19.9338 -340 61
170.4097 -19.9500 -340 61
170.4000 -19.9536 -340 61
170.3500 -19.9765 -340 61
170.3064 -20.0000 -340 61
170.3000 -20.0034 -340 61
170.2500 -20.0313 -340 61
170.2159 -20.0500 -340 61
170.2000 -20.0594 -340 61
170.1500 -20.0857 -340 61
170.1185 -20.1000 -340 61
170.1000 -20.1095 -340 61
170.0500 -20.1300 -340 61
170.0000 -20.1463 -340 61
169.9826 -20.1500 -340 61
169.9500 -20.1578 -340 61
169.9000 -20.1629 -340 61
169.8500 -20.1600 -340 61
169.8113 -20.1500 -340 61
169.8000 -20.1466 -340 61
169.7500 -20.1184 -340 61
169.7291 -20.1000 -340 61
169.7000 -20.0647 -340 61
169.6909 -20.0500 -340 61
169.6707 -20.0000 -340 61
169.6613 -19.9500 -340 61
169.6610 -19.9000 -340 61
169.6685 -19.8500 -340 61
169.6834 -19.8000 -340 61
169.7000 -19.7632 -340 61
169.7058 -19.7500 -340 61
169.7350 -19.7000 -340 61
169.7500 -19.6792 -340 61
169.7714 -19.6500 -340 61
169.8000 -19.6166 -340 61
169.8149 -19.6000 -340 61
169.8500 -19.5645 -340 61
169.8657 -19.5500 -340 61
169.9000 -19.5190 -340 61
169.9241 -19.5000 -340 61
169.9500 -19.4779 -340 61
169.9894 -19.4500 -340 61
170.0000 -19.4407 -340 61
170.0500 -19.4060 -340 61
170.0621 -19.4000 -340 61
170.1000 -19.3707 -340 61
170.1484 -19.3500 -340 61
170.1500 -19.3480 -340 61
170.2000 -19.3308 -340 61
170.2500 -19.3461 -340 61
170.2561 -19.3500 -340 61
170.3000 -19.3602 -340 61
